0.351265 0.465838 0.087260 0.330078
0.358880 0.492520 0.070042 0.314414
0.351991 0.529295 0.059318 0.301852
0.331889 0.558477 0.064204 0.289490
0.302649 0.560151 0.079650 0.300629
0.287915 0.547358 0.099533 0.313979
0.272670 0.523669 0.126301 0.331921
0.251712 0.488310 0.163436 0.354642
0.230959 0.455230 0.198443 0.386168
0.212712 0.416465 0.252292 0.410868
0.188461 0.367178 0.303991 0.447278
0.170687 0.307444 0.345783 0.484911
0.165823 0.257012 0.364775 0.516650
0.174507 0.221055 0.361417 0.548802
0.203098 0.186488 0.316592 0.553016
0.266554 0.175692 0.240915 0.535254
0.389965 0.188119 0.137602 0.464863
0.552578 0.242685 0.042016 0.344392
0.608154 0.377173 0.007185 0.227078
0.512134 0.552481 0.001518 0.167937
0.388001 0.688908 0.001381 0.157164
0.296471 0.737005 0.001984 0.186830
0.248343 0.717467 0.005528 0.238546
0.241654 0.655213 0.011467 0.310004
0.264223 0.585254 0.021592 0.345276
0.300686 0.546954 0.031040 0.352694
0.327421 0.525677 0.041013 0.339094
0.343781 0.532064 0.038899 0.317011
0.350497 0.539241 0.037883 0.316993
0.345967 0.550064 0.036364 0.308634
0.346188 0.562551 0.037044 0.300650
0.333879 0.568370 0.041817 0.292956
0.313979 0.573209 0.051197 0.300975
0.293670 0.567577 0.067996 0.316637
0.286630 0.549614 0.087430 0.338098
0.272010 0.525148 0.113053 0.344681
0.258976 0.491830 0.145775 0.367862
0.235980 0.447719 0.188916 0.390270
0.226786 0.409595 0.232797 0.417678
0.218066 0.359626 0.266228 0.438982
0.219419 0.323990 0.269265 0.460929
0.234567 0.295589 0.256415 0.472090
0.272676 0.281788 0.215506 0.464271
0.333198 0.292527 0.158202 0.426576
0.403450 0.330735 0.089819 0.377057
0.467038 0.402212 0.038480 0.305404
0.462933 0.507338 0.016786 0.241109
0.406939 0.599940 0.013182 0.218586
0.348157 0.663778 0.014643 0.219069
0.289818 0.678647 0.020893 0.237292
0.268782 0.644036 0.040303 0.277780
0.251558 0.593378 0.073169 0.316880
0.246252 0.540163 0.122303 0.354326
0.234838 0.492249 0.173078 0.380373
0.215094 0.433179 0.225104 0.408186
0.206199 0.374838 0.274007 0.435754
0.193712 0.332476 0.304619 0.455755
0.189212 0.295824 0.327062 0.490915
0.191886 0.261464 0.323561 0.508414
0.222117 0.231297 0.291802 0.507468
0.281702 0.222614 0.226081 0.492105
0.364399 0.235359 0.144744 0.447911
0.494448 0.288632 0.057216 0.352540
0.548205 0.403062 0.014240 0.255199
0.491461 0.548731 0.005443 0.191917
0.393336 0.664386 0.003960 0.177018
0.312302 0.711136 0.005246 0.197907
0.270251 0.704487 0.010133 0.239220
0.254384 0.644793 0.022472 0.298993
0.259353 0.587000 0.044733 0.330050
0.272662 0.548042 0.076366 0.351337
0.287560 0.507472 0.096078 0.358534
0.292395 0.476161 0.109750 0.366736
0.298354 0.467028 0.118217 0.360521
0.304317 0.461207 0.121251 0.359352
0.311952 0.460619 0.114286 0.357293
0.318040 0.453725 0.114964 0.362389
0.324613 0.462690 0.108379 0.344776
0.324746 0.476317 0.099744 0.336650
0.321783 0.496740 0.098810 0.324334
0.303766 0.508253 0.104299 0.326463
0.292684 0.504393 0.113055 0.339824
0.272277 0.494521 0.141135 0.350864
0.259138 0.467896 0.173920 0.371567
0.241293 0.434591 0.204868 0.400095
0.228851 0.397217 0.236881 0.420232
0.225702 0.358765 0.256461 0.436250
0.221991 0.330834 0.261983 0.455024
0.227882 0.308056 0.263008 0.463786
0.247336 0.292553 0.244667 0.468969
0.287194 0.279414 0.210162 0.455840
0.360875 0.291609 0.140116 0.428270
0.442910 0.334259 0.070826 0.357659
0.488552 0.430790 0.028726 0.273591
0.446316 0.549026 0.013903 0.228434
0.377376 0.630595 0.012667 0.218836
0.324154 0.663318 0.014484 0.232025
0.292916 0.662483 0.020909 0.256497
0.266650 0.632813 0.039035 0.286583
0.265122 0.594906 0.068807 0.309083
0.255253 0.557505 0.114016 0.336197
0.239038 0.505763 0.173016 0.367281
0.213828 0.440516 0.237622 0.400750
0.186633 0.378385 0.295536 0.443653
0.165386 0.322025 0.341811 0.488802
0.159534 0.261651 0.366502 0.526214
0.158688 0.216469 0.382806 0.544025
0.170757 0.180631 0.364946 0.568006
0.209129 0.160797 0.313913 0.556198
0.294379 0.152011 0.232984 0.526961
0.437472 0.172388 0.113682 0.443228
0.593202 0.250283 0.026968 0.304732
0.603132 0.412779 0.004032 0.194406
0.484001 0.599212 0.000977 0.150838
0.360768 0.720622 0.001086 0.151391
0.277254 0.757740 0.002108 0.175632
0.242583 0.726906 0.004863 0.235091
0.236187 0.666944 0.012360 0.294031
0.266877 0.601953 0.027290 0.335076
0.283143 0.554682 0.038406 0.346203
0.311142 0.536405 0.055457 0.344464
0.318240 0.521553 0.062710 0.328940
0.323914 0.524213 0.067518 0.327024
0.323939 0.521157 0.073556 0.317791
0.314722 0.527975 0.081675 0.322516
0.312324 0.519456 0.085508 0.326910
0.306630 0.518426 0.093923 0.324104
0.298027 0.522425 0.107561 0.331822
0.282452 0.512037 0.119868 0.329556
0.263274 0.504917 0.150281 0.342281
0.239594 0.472544 0.185744 0.376887
0.227024 0.428474 0.225050 0.407529
0.216277 0.382754 0.264227 0.428455
0.209556 0.339240 0.284958 0.457925
0.210319 0.302993 0.293787 0.467457
0.222957 0.274407 0.280441 0.493989
0.263926 0.259019 0.234774 0.486881
0.327046 0.262353 0.169801 0.447192
0.413178 0.302505 0.095035 0.385824
0.475117 0.381901 0.040784 0.302733
0.477672 0.496991 0.014579 0.240594
0.414542 0.605923 0.008523 0.213628
0.346357 0.667157 0.008422 0.215653
0.295937 0.678762 0.013858 0.236822
0.269770 0.659233 0.027207 0.282273
0.267015 0.600028 0.051624 0.311166
0.267153 0.568334 0.080758 0.332525
0.262575 0.515957 0.114301 0.353883
0.256517 0.478192 0.150184 0.383642
0.253613 0.435615 0.187643 0.398009
0.243074 0.406015 0.213146 0.406422
0.243753 0.376137 0.220855 0.424037
0.255031 0.351357 0.223462 0.433731
0.273390 0.339131 0.199498 0.429388
0.311943 0.341244 0.160913 0.412017
0.353652 0.372103 0.118018 0.386775
0.387551 0.409209 0.078072 0.354021
0.416084 0.466520 0.044731 0.301285
0.404060 0.541242 0.027082 0.264063
0.372337 0.599516 0.019641 0.246833
0.326934 0.635236 0.026838 0.250491
0.299181 0.627249 0.037631 0.272280
0.282818 0.606565 0.055921 0.292136
0.269235 0.567966 0.080034 0.321459
0.264930 0.524011 0.112892 0.352129
0.249998 0.480673 0.156229 0.372035
0.237914 0.446559 0.198572 0.392151
0.235686 0.400027 0.223866 0.413736
0.229158 0.364709 0.238938 0.427150
0.236419 0.336161 0.241493 0.448788
0.260120 0.314436 0.221263 0.453298
0.294040 0.319037 0.191202 0.431767
0.355977 0.340674 0.131227 0.402592
0.414840 0.390780 0.074128 0.342893
0.441593 0.463023 0.041759 0.291073
0.420265 0.537810 0.025005 0.254131
0.370729 0.609219 0.019660 0.230975
0.328240 0.647616 0.024700 0.240417
0.292305 0.642604 0.035780 0.267002
0.272180 0.615206 0.059448 0.297019
0.257320 0.573179 0.094837 0.326152
0.228967 0.521645 0.151420 0.363038
0.215724 0.453409 0.217338 0.402693
0.198772 0.398021 0.276371 0.422658
0.182139 0.346179 0.315401 0.459089
0.175766 0.287434 0.339655 0.499862
0.175374 0.246115 0.345112 0.521358
0.186658 0.213535 0.332927 0.528598
0.219546 0.191404 0.300640 0.542204
0.290466 0.187022 0.219100 0.513722
0.418906 0.207430 0.113263 0.445391
0.551373 0.282030 0.033061 0.327583
0.571796 0.426299 0.006967 0.218713
0.471741 0.582413 0.002563 0.177433
0.365986 0.697680 0.002720 0.173327
0.294862 0.733268 0.004724 0.192706
0.252308 0.708203 0.011013 0.246850
0.246401 0.644265 0.025138 0.301951
0.264926 0.583082 0.045875 0.346578
0.279427 0.543842 0.067510 0.358250
0.290629 0.505937 0.094460 0.356494
0.304284 0.488564 0.104090 0.350590
0.304121 0.487095 0.107252 0.344311
0.304400 0.493334 0.110729 0.342136
0.290064 0.493967 0.127685 0.335372
0.276212 0.480845 0.150918 0.347951
0.258357 0.461391 0.176210 0.365438
0.239577 0.436774 0.210427 0.394303
0.229020 0.396809 0.240105 0.417073
0.223351 0.359008 0.260163 0.441854
0.223440 0.317987 0.271701 0.461017
0.240837 0.297020 0.259133 0.466845
0.272654 0.289454 0.220086 0.451515
0.325100 0.300908 0.164968 0.429124
0.393558 0.331073 0.103495 0.385684
0.449429 0.398746 0.054406 0.313783
0.448150 0.494035 0.026838 0.257250
0.401197 0.578581 0.019591 0.233802
0.349807 0.635488 0.019844 0.235179
0.310908 0.649229 0.027061 0.240961
0.286240 0.634358 0.041685 0.272960
0.261805 0.602231 0.071198 0.305480
0.242731 0.549228 0.117285 0.353219
0.230114 0.482309 0.170169 0.379540
0.215032 0.435099 0.234293 0.409126
0.197359 0.378404 0.283828 0.440493
0.184026 0.321686 0.322901 0.476710
0.178723 0.278863 0.334438 0.496784
0.183164 0.238248 0.338748 0.525167
0.211611 0.215007 0.310260 0.533112
0.261160 0.205979 0.251456 0.513570
0.345114 0.213199 0.163775 0.461491
0.473105 0.266056 0.071661 0.371996
0.545895 0.379640 0.019840 0.271291
0.494638 0.533639 0.006745 0.201424
0.406181 0.652694 0.003090 0.187540
0.325534 0.697067 0.003796 0.205284
0.276910 0.690214 0.006285 0.240484
0.266385 0.654977 0.014218 0.284641
0.278359 0.608919 0.023913 0.318155
0.297519 0.571706 0.038154 0.333435
0.309430 0.548767 0.045652 0.336599
0.317098 0.532475 0.056447 0.327859
0.319427 0.527572 0.065105 0.326585
0.318302 0.532549 0.070379 0.324183
0.322900 0.524138 0.073875 0.322151
0.314437 0.526572 0.081302 0.324882
0.312789 0.521850 0.092095 0.331123
0.300099 0.515678 0.100411 0.331499
0.296236 0.499354 0.112029 0.342074
0.288397 0.492600 0.126807 0.340708
0.283352 0.485092 0.139425 0.339160
0.265786 0.477115 0.166987 0.346575
0.241971 0.456903 0.200769 0.375558
0.224111 0.415833 0.248660 0.404888
0.204147 0.379984 0.275422 0.435856
0.195415 0.333719 0.300349 0.464127
0.198176 0.291265 0.310234 0.488469
0.206253 0.257947 0.300513 0.506953
0.234683 0.235792 0.274650 0.498054
0.292412 0.228817 0.218369 0.482668
0.391058 0.242220 0.125847 0.432640
0.505581 0.308946 0.046959 0.331718
0.540376 0.436019 0.014333 0.236849
0.470887 0.586134 0.005875 0.187799
0.366373 0.682432 0.004528 0.178551
0.301812 0.713140 0.007106 0.201873
0.260163 0.697061 0.013541 0.236624
0.250915 0.662533 0.026633 0.282567
0.250128 0.597680 0.055215 0.329958
0.259626 0.540560 0.092124 0.358184
0.261583 0.505047 0.125736 0.369713
0.264249 0.459947 0.153468 0.380063
0.265039 0.438030 0.175880 0.392957
0.260207 0.410976 0.186787 0.400521
0.268292 0.385689 0.188254 0.402875
0.288832 0.382741 0.172698 0.405800
0.316806 0.378788 0.145239 0.389725
0.345294 0.401701 0.111241 0.362927
0.370220 0.443647 0.078075 0.331578
0.375431 0.494082 0.059424 0.308412
0.362720 0.544677 0.051118 0.281399
0.340841 0.577400 0.048141 0.277148
0.316544 0.588603 0.057681 0.287427
0.290480 0.578974 0.074246 0.305308
0.273828 0.558434 0.099192 0.316601
0.248108 0.527552 0.140440 0.339047
0.231132 0.481433 0.197843 0.372667
0.199659 0.425784 0.263957 0.404891
0.171320 0.362410 0.330238 0.454900
0.154048 0.301037 0.369555 0.495617
0.140059 0.246213 0.406065 0.534519
0.136229 0.197037 0.418049 0.571182
0.148772 0.157972 0.400070 0.586864
0.173361 0.130975 0.364280 0.601570
0.241545 0.115358 0.289247 0.570779
0.373154 0.116562 0.164446 0.507772
0.579722 0.157184 0.045024 0.375810
0.699321 0.270016 0.005463 0.218775
0.610632 0.477112 0.000723 0.143236
