3.500000 3.000000
1.568513 3.844054
0.723645 3.193845
0.498404 2.311480
0.503468 1.614592
0.702164 1.176568
1.148715 0.940390
2.003448 0.909834
3.305900 1.228435
3.897881 2.286185
2.317956 3.650759
0.987283 3.498089
0.567758 2.630526
0.513935 1.876279
0.637530 1.354620
0.963876 1.042216
1.595874 0.917068
2.732451 1.048305
3.791058 1.753339
2.980509 3.135820
1.393467 3.596750
0.702882 2.913734
0.549120 2.120895
0.608405 1.532176
0.858599 1.145002
1.421200 0.977869
2.358723 1.043552
3.467269 1.517146
3.354371 2.682555
1.825919 3.563626
0.887099 3.218484
0.583841 2.407241
0.577786 1.730722
0.747477 1.263849
1.158812 1.008064
1.920509 0.957772
3.050886 1.211808
3.768954 2.141385
2.477133 3.442107
1.118270 3.491346
0.639309 2.724525
0.533683 1.978197
0.638319 1.442737
0.915730 1.082708
1.518790 0.936980
2.557447 1.014841
3.751937 1.587843
3.335584 2.974898
1.586507 3.710896
0.754484 3.119688
0.523505 2.252997
0.547952 1.590911
0.753755 1.163808
1.210923 0.946378
2.090869 0.929743
3.351459 1.265219
3.821563 2.367766
2.197789 3.655512
0.955421 3.486159
0.562940 2.636693
0.496954 1.866211
0.607577 1.325116
0.926444 0.995478
1.571447 0.870917
2.685568 0.988845
3.893294 1.640510
3.228773 3.158256
1.435072 3.816168
0.681477 3.094852
0.493163 2.230977
0.514243 1.559403
0.737213 1.145313
1.209664 0.917986
2.124643 0.909085
3.431482 1.261573
3.861685 2.393957
2.192605 3.730797
0.897336 3.484263
0.540173 2.589919
0.477359 1.824241
0.594739 1.281899
0.929177 0.971038
1.609290 0.866361
2.789075 0.995214
3.987000 1.738486
3.105674 3.266584
1.347852 3.766591
0.653297 2.986539
0.503938 2.120838
0.545943 1.501972
0.792745 1.097089
1.311120 0.910299
2.270749 0.931724
3.617015 1.334363
3.812474 2.597138
2.009213 3.837547
0.829117 3.447382
0.509672 2.519126
0.495065 1.766737
0.643844 1.265050
1.010849 0.974915
1.714001 0.890845
2.876099 1.067367
3.933506 1.848111
2.942776 3.330583
1.283646 3.740930
0.631466 2.962957
0.497425 2.118100
0.558059 1.496160
0.803043 1.110277
1.318347 0.904834
2.271071 0.926236
3.557199 1.336099
3.774497 2.580712
2.001380 3.748009
0.877124 3.393884
0.537729 2.502641
0.509544 1.789335
0.669660 1.281103
1.045287 0.982086
1.788325 0.894937
2.970179 1.111925
3.910173 1.972368
2.763537 3.439356
1.188011 3.669925
0.605645 2.852632
0.505725 2.019713
0.582500 1.451239
0.872172 1.105340
1.422391 0.929984
2.398339 0.987140
3.629596 1.510309
3.420191 2.765509
1.758261 3.649279
0.843174 3.200257
0.559176 2.353767
0.567290 1.685316
0.750513 1.232483
1.201562 0.996088
2.053560 0.968926
3.259999 1.297687
3.718618 2.323694
2.273776 3.553516
1.033919 3.460277
0.593793 2.620480
0.528499 1.878698
0.665348 1.343480
1.012980 1.029750
1.696379 0.935773
2.818350 1.112245
3.781805 1.871780
2.894146 3.219846
1.313688 3.620105
0.675100 2.908259
0.537336 2.080338
0.614785 1.470899
0.886638 1.118796
1.433309 0.946545
2.393885 1.014673
3.543570 1.509665
3.419346 2.732106
1.777566 3.645791
0.853634 3.208894
0.582218 2.391511
0.588168 1.723507
0.768254 1.272111
1.172022 1.023366
1.965745 0.972984
3.118166 1.250304
3.663678 2.186234
2.402648 3.381818
1.156113 3.427176
0.680486 2.685549
0.576691 1.942917
0.673475 1.413045
0.994630 1.076939
1.634806 0.966053
2.670336 1.099077
3.678842 1.752663
3.005430 3.085372
1.443627 3.588880
0.737477 2.993019
0.575062 2.184621
0.623888 1.590035
0.834538 1.192424
1.342699 1.002395
2.191082 1.008468
3.322497 1.417254
3.435210 2.536347
1.990487 3.504369
0.934955 3.220115
0.617512 2.421853
0.599718 1.753503
0.756214 1.299131
1.143673 1.037368
1.890488 0.985527
3.009089 1.234611
3.662100 2.079587
2.589901 3.318697
1.243556 3.494105
0.680858 2.805479
0.564870 2.028692
0.636153 1.480271
0.922822 1.122861
1.483331 0.964690
2.520167 1.052441
3.644423 1.646894
3.180620 2.943216
1.567703 3.643613
0.780474 3.066766
0.555687 2.248357
0.588941 1.616278
0.791116 1.198479
1.280507 0.968313
2.188284 0.972362
3.395695 1.368296
3.547506 2.512807
2.006797 3.535706
0.932289 3.271071
0.599262 2.467837
0.580538 1.774912
0.746379 1.313450
1.107840 1.047250
1.863188 0.962427
2.949645 1.216310
3.604219 2.084173
2.501986 3.263611
1.227481 3.417742
0.705507 2.739432
0.588115 2.009387
0.686322 1.483006
0.970435 1.154374
1.519987 1.006564
2.428454 1.097500
3.454787 1.602161
3.197577 2.775103
1.701371 3.488187
0.900133 3.068966
0.645851 2.341070
0.627882 1.742850
0.805994 1.297766
1.211721 1.078361
1.981740 1.034027
3.039109 1.313048
3.529381 2.191677
2.354219 3.327214
1.154695 3.324394
0.712374 2.649608
0.615580 1.951370
0.714367 1.450209
1.014970 1.123130
1.621448 1.003855
2.632084 1.152153
3.502378 1.753843
2.976352 2.939879
1.542359 3.493315
0.820133 2.966696
0.601414 2.200453
0.624833 1.594598
0.849451 1.208956
1.316785 1.019318
2.187068 1.029597
3.308811 1.428896
3.483749 2.511065
2.003252 3.528239
0.961062 3.258720
0.607985 2.468551
0.591504 1.793943
0.762424 1.314115
1.161164 1.040829
1.919118 0.996960
3.004979 1.244429
3.688571 2.087509
2.544770 3.370200
1.188698 3.475830
0.684525 2.740827
0.551259 1.972244
0.647848 1.433968
0.942926 1.111790
1.567880 0.957767
2.587654 1.074975
3.632760 1.676531
3.206145 2.935874
1.554925 3.621725
0.754486 3.014247
0.545299 2.198802
0.607733 1.588089
0.838102 1.181439
1.308259 0.985092
2.204115 0.997610
3.373635 1.431033
3.470215 2.549526
1.967263 3.571529
0.904921 3.271027
0.578872 2.436285
0.579691 1.744333
0.757230 1.280252
1.135475 1.017761
1.899299 0.957921
3.093776 1.191731
3.822812 2.134564
2.500307 3.520595
1.107598 3.579120
0.640828 2.787638
0.551210 2.014455
0.631930 1.461002
0.921275 1.117137
1.513934 0.970441
2.517412 1.075318
3.548480 1.655934
3.131646 2.909213
1.598205 3.585671
0.798328 3.034509
0.577916 2.244036
0.589790 1.605221
0.806057 1.195642
1.295579 0.969844
2.185096 0.976883
3.387709 1.364844
3.649641 2.484690
2.062792 3.582824
0.943600 3.355063
0.600167 2.519954
0.552500 1.817702
0.694014 1.324785
1.050449 1.047358
1.736934 0.948439
2.877290 1.118654
3.794962 1.897517
2.816152 3.252176
1.295083 3.572804
0.695502 2.870650
0.556643 2.085862
0.625798 1.492482
0.865793 1.128018
1.430678 0.960795
2.372229 1.025617
3.493479 1.524638
3.358573 2.682401
1.777732 3.576105
0.846658 3.133241
0.598176 2.325955
0.598895 1.686654
0.794582 1.255135
1.239388 1.027094
2.059869 1.005321
3.185759 1.344157
3.607908 2.325224
2.234694 3.506299
1.028362 3.367466
0.619494 2.574905
0.539685 1.847777
0.675031 1.346616
1.017501 1.043825
1.699529 0.940341
2.785623 1.111916
3.727350 1.846014
2.872082 3.169088
1.370628 3.589204
0.705268 2.909210
0.545112 2.116468
0.616026 1.533749
0.868006 1.149051
1.413303 0.982905
2.367538 1.051693
3.418954 1.539405
3.299646 2.687035
1.818346 3.532476
0.933792 3.147815
0.639222 2.389312
0.613425 1.741999
0.770132 1.280497
1.156788 1.041118
1.899161 0.993063
2.989080 1.256469
3.561083 2.101459
2.500721 3.315231
1.221534 3.466259
0.687434 2.769679
0.568759 2.028204
0.676566 1.470080
0.979860 1.142899
1.579184 1.011799
2.512714 1.135574
3.459323 1.727650
3.001723 2.893817
1.555762 3.464025
0.831946 2.947037
0.617204 2.202918
0.659952 1.607741
0.890925 1.230543
1.358503 1.019778
2.248979 1.063629
3.329809 1.493013
3.376255 2.598771
1.921929 3.490863
0.958544 3.199744
0.638922 2.440281
0.619194 1.790603
0.776659 1.326336
1.177317 1.055276
1.921193 0.989824
3.042106 1.262509
3.641573 2.167126
2.423841 3.322893
1.145795 3.384716
0.667740 2.652856
0.573720 1.929241
0.702144 1.400839
1.040503 1.076050
1.714761 0.984543
2.775975 1.155500
3.639339 1.862157
2.847274 3.156141
1.362803 3.574921
0.714396 2.915788
0.533888 2.137970
0.602579 1.527407
0.863961 1.128710
1.394085 0.976136
2.337659 1.036079
3.506203 1.518865
3.356541 2.741817
1.769489 3.612676
0.825404 3.170477
0.563522 2.334994
0.585635 1.674956
0.764154 1.244168
1.184936 1.007302
1.973564 0.965135
3.158326 1.267473
3.673957 2.227551
2.317492 3.459712
1.076130 3.383171
0.647992 2.622927
0.566189 1.899797
0.698201 1.390130
1.033745 1.085839
1.693506 0.978316
2.770423 1.141915
3.655586 1.834703
2.906885 3.149028
1.384399 3.580453
0.722710 2.936154
0.548350 2.122974
0.628663 1.516697
0.893945 1.131627
1.436475 0.975780
2.405311 1.040778
3.500656 1.558415
3.306410 2.784167
1.721922 3.583732
0.858501 3.107994
0.607269 2.328084
0.602311 1.713554
0.791967 1.278687
1.225855 1.044619
2.045218 1.031857
3.150606 1.362379
3.502838 2.330219
2.186553 3.418668
1.071014 3.307988
0.663729 2.587967
0.589744 1.888798
0.713372 1.401304
1.046393 1.087953
1.696609 0.976794
2.735996 1.146923
3.608304 1.842701
2.893628 3.059798
1.446574 3.515159
0.771070 2.895747
0.578342 2.127411
0.646874 1.545185
0.907239 1.172184
1.453973 1.007592
2.380004 1.079855
3.386669 1.602725
3.213991 2.729327
1.763647 3.529451
0.881308 3.121600
0.606171 2.333120
0.611325 1.697638
0.792344 1.263978
1.219230 1.039412
2.008837 1.009754
3.112867 1.292054
3.602470 2.219925
2.332178 3.393729
1.100745 3.368655
0.673068 2.618874
0.599866 1.928339
0.715732 1.419376
1.048772 1.115773
1.680780 1.022828
2.683705 1.171275
3.545987 1.847601
2.831895 3.073836
1.414933 3.503607
0.741407 2.903527
0.575380 2.121263
0.639115 1.533069
0.889533 1.169505
1.409819 0.982876
2.350870 1.040010
3.436707 1.523183
3.311852 2.657564
1.828409 3.524692
0.891298 3.147492
0.604365 2.362724
0.592366 1.708954
0.752149 1.241541
1.144299 1.008165
1.937182 0.974792
3.134076 1.234746
3.735954 2.174781
2.447170 3.473096
1.111512 3.487641
0.644037 2.707917
0.540840 1.954191
0.660627 1.428631
0.962392 1.101904
1.613151 0.979476
2.572341 1.099903
3.572870 1.735091
3.021253 2.991849
1.495541 3.537863
0.780023 2.977640
0.580683 2.212521
0.624411 1.617322
0.847896 1.217038
1.327702 1.026184
2.188267 1.033262
3.294806 1.435077
3.484632 2.474333
2.014300 3.488067
0.969149 3.240481
0.628114 2.454128
0.619613 1.767851
0.786455 1.314468
1.177453 1.051328
1.925467 0.997415
3.010261 1.277458
3.588430 2.146796
2.421219 3.342971
1.145622 3.426614
0.662717 2.682465
0.565898 1.937158
0.675353 1.426428
0.964577 1.105262
1.554695 0.973998
2.566984 1.061367
3.639325 1.642474
3.220108 2.968182
1.553356 3.684706
0.740037 3.075624
0.518701 2.233784
0.550278 1.599569
0.752839 1.182802
1.206932 0.946853
2.116599 0.942455
3.371828 1.304503
3.768533 2.395686
2.194374 3.611782
0.968946 3.390930
0.587956 2.581179
0.531689 1.821856
0.674736 1.316011
1.011790 1.018581
1.704001 0.913421
2.858442 1.071794
3.900392 1.832682
3.009749 3.290943
1.303874 3.711659
0.655999 2.964510
0.507051 2.110932
0.567223 1.494877
0.823881 1.109397
1.358299 0.918788
2.344227 0.946307
3.634515 1.414962
3.695612 2.698043
1.823111 3.789200
0.795022 3.323237
0.511051 2.418117
0.491810 1.703289
0.641160 1.208443
1.036048 0.938170
1.823743 0.868297
3.058722 1.080798
4.050975 1.979005
2.724709 3.492225
1.178357 3.679147
0.619040 2.858728
0.493046 2.015440
0.570814 1.437545
0.854537 1.067102
1.432904 0.909035
2.426458 0.978078
3.677747 1.476081
3.536389 2.792526
1.730239 3.747292
0.775182 3.272846
0.531355 2.389379
0.520401 1.699615
0.665330 1.221169
1.075390 0.958071
1.846374 0.886701
3.099184 1.132521
3.954977 2.020938
2.696012 3.486822
1.137254 3.665426
0.594225 2.835528
0.491595 2.022145
0.573051 1.406937
0.842092 1.063046
1.420110 0.891503
2.473168 0.934371
3.816074 1.464583
3.577180 2.967063
1.644950 3.926176
0.722353 3.299795
0.485257 2.373493
0.492296 1.622144
0.675633 1.168862
1.115252 0.902870
1.971758 0.855712
3.347467 1.137166
4.069659 2.230447
2.384263 3.735858
0.936684 3.624866
0.543870 2.728524
0.473852 1.914186
0.566433 1.345959
0.844272 1.020524
1.438427 0.864209
2.509611 0.950352
3.784257 1.520673
3.484604 2.934948
1.643456 3.821422
0.749843 3.256017
0.489830 2.367652
0.492540 1.655648
0.662276 1.170367
1.059733 0.905282
1.903721 0.820162
3.280440 1.068835
4.267355 2.042094
2.645581 3.743876
1.017642 3.778187
0.515463 2.847850
0.439448 1.966713
0.516070 1.368503
0.780275 1.008518
1.358293 0.836597
2.423071 0.880415
3.882088 1.404894
3.795437 2.885722
1.715959 3.988342
0.690406 3.346026
0.451096 2.386973
0.457419 1.640501
0.621751 1.162293
0.994518 0.903674
1.771651 0.825319
3.099679 1.020191
4.181066 1.949126
2.820690 3.583164
1.106317 3.760084
0.562933 2.906938
0.450054 2.061042
0.523395 1.437155
0.772491 1.054189
1.293594 0.860319
2.260372 0.885518
3.670996 1.289492
3.956733 2.645483
1.942724 3.908311
0.794001 3.484219
0.472943 2.499606
0.477519 1.764679
0.627906 1.261441
1.009377 0.955428
1.755655 0.855659
2.987436 1.054520
4.026760 1.854030
2.947732 3.376255
1.271431 3.734584
0.608415 2.926634
0.489817 2.085410
0.562067 1.465441
0.832339 1.074921
1.414428 0.900449
2.434541 0.964552
3.702910 1.471865
3.540510 2.818621
1.721012 3.738658
0.772675 3.229305
0.504207 2.352967
0.516081 1.656093
0.690340 1.201518
1.085439 0.953815
1.879492 0.893500
3.134722 1.123493
3.994082 2.070348
2.587951 3.587269
1.046418 3.642984
0.556579 2.775987
0.471407 1.951916
0.549105 1.382700
0.831031 1.019323
1.447138 0.861290
2.530926 0.938005
3.874345 1.518102
3.539978 2.995459
1.602286 3.826278
0.746800 3.224437
0.520772 2.344165
0.519410 1.647693
0.700181 1.182461
1.145397 0.927072
2.017321 0.896704
3.299918 1.176605
4.033887 2.203768
2.428430 3.651963
1.014090 3.606518
0.549093 2.737752
0.480173 1.927688
0.577910 1.373204
0.857536 1.021485
1.463806 0.877521
2.569016 0.962399
3.836348 1.575223
3.360772 3.047743
1.533405 3.755659
0.699834 3.122449
0.497894 2.233187
0.530651 1.585839
0.765369 1.162748
1.213783 0.945524
2.074867 0.916836
3.342892 1.255954
3.832303 2.310900
2.268608 3.667857
0.956585 3.513717
0.572457 2.654511
0.504038 1.889710
0.604150 1.350134
0.910915 1.014892
1.567722 0.883802
2.679451 0.992668
3.913222 1.635316
3.321860 3.146776
1.450176 3.845920
0.676091 3.149345
0.473791 2.263533
0.493336 1.590753
0.682800 1.139601
1.145597 0.888171
2.034395 0.852243
3.390666 1.159203
4.092752 2.247700
2.403292 3.774112
0.953846 3.660525
0.503567 2.734183
0.434815 1.903615
0.540929 1.345739
0.825467 0.993032
1.411468 0.839750
2.506516 0.899762
3.960145 1.438140
3.697575 2.983518
1.637056 3.958733
0.689814 3.298549
0.473248 2.361839
0.483175 1.646753
0.643211 1.175380
1.040207 0.911886
1.883088 0.843393
3.253480 1.088963
4.184723 2.131391
2.577052 3.752474
1.009120 3.757214
0.517796 2.826500
0.436043 1.988551
0.537898 1.392615
0.819619 1.012528
1.397595 0.842985
2.494404 0.898806
3.925274 1.399461
3.833902 2.873346
1.719695 4.019053
0.702121 3.384131
0.447209 2.429545
0.471094 1.671354
0.634842 1.194909
1.044273 0.924992
1.833579 0.853218
3.112518 1.075107
4.098953 1.990361
