-0.499796 -1.749857 0.900539 0.550929 
-0.921697 -0.784168 1.153988 -0.028797 
-0.596465 -0.361759 0.958972 -0.282294 
-0.155237 -0.249144 0.694175 -0.349794 
0.193162 -0.251670 0.484988 -0.348139 
0.412079 -0.351002 0.353469 -0.288346 
0.530078 -0.574251 0.282526 -0.154161 
0.545289 -1.001582 0.273303 0.102456 
0.385951 -1.652777 0.368882 0.493194 
-0.142913 -1.948778 0.686309 0.670469 
-0.825113 -1.158869 1.095905 0.196126 
-0.748641 -0.493569 1.050239 -0.203198 
-0.314775 -0.283819 0.789926 -0.329020 
0.062330 -0.256905 0.563540 -0.345056 
0.323082 -0.318691 0.406929 -0.307818 
0.479196 -0.481842 0.313110 -0.209712 
0.541697 -0.797811 0.275496 -0.019903 
0.476028 -1.366064 0.314837 0.321186 
0.123500 -1.895357 0.526403 0.638566 
-0.567686 -1.490124 0.941328 0.395015 
-0.798033 -0.696648 1.079793 -0.081307 
-0.456415 -0.351376 0.874905 -0.288497 
-0.059979 -0.274498 0.636961 -0.334540 
0.234324 -0.304132 0.460234 -0.316616 
0.427826 -0.429210 0.343977 -0.241369 
0.511313 -0.710482 0.293759 -0.072382 
0.478418 -1.179211 0.313426 0.209007 
0.241599 -1.733465 0.455529 0.541483 
-0.341076 -1.677041 0.805284 0.507280 
-0.781515 -0.912862 1.069803 0.048477 
-0.608828 -0.443479 0.966340 -0.233240 
-0.203151 -0.291858 0.722905 -0.324163 
0.135073 -0.288826 0.519838 -0.325858 
0.368433 -0.373657 0.379667 -0.274778 
0.496243 -0.579300 0.302842 -0.151171 
0.521326 -0.960117 0.287697 0.077523 
0.394271 -1.525276 0.363901 0.416663 
-0.070513 -1.884314 0.642860 0.631814 
-0.720800 -1.238451 1.033277 0.243917 
-0.745294 -0.559058 1.048196 -0.163887 
-0.361798 -0.319592 0.818127 -0.307556 
0.011368 -0.266779 0.594130 -0.339148 
0.279028 -0.319086 0.433381 -0.307609 
0.458959 -0.457772 0.325271 -0.224188 
0.531748 -0.759272 0.281478 -0.043058 
0.492765 -1.278566 0.304799 0.268678 
0.206246 -1.875794 0.476736 0.626889 
-0.487240 -1.667652 0.893015 0.501593 
-0.855124 -0.793163 1.114025 -0.023385 
-0.559399 -0.377176 0.936710 -0.273031 
-0.126011 -0.261693 0.676617 -0.342251 
0.204982 -0.273909 0.477873 -0.334779 
0.418446 -0.376794 0.349633 -0.272853 
0.527078 -0.605352 0.284319 -0.135489 
0.535331 -1.045290 0.279275 0.128684 
0.367559 -1.675556 0.379921 0.506848 
-0.183700 -1.910622 0.710795 0.647547 
-0.827482 -1.098788 1.097342 0.160065 
-0.742670 -0.477639 1.046664 -0.212760 
-0.317856 -0.281410 0.791778 -0.330467 
0.067371 -0.248416 0.560521 -0.350152 
0.337842 -0.303715 0.398075 -0.316799 
0.502568 -0.463127 0.299082 -0.220924 
0.564772 -0.785597 0.261642 -0.027201 
0.505758 -1.342622 0.296991 0.307156 
0.179910 -1.946470 0.492538 0.669292 
-0.578912 -1.614251 0.948045 0.469513 
-0.907740 -0.717451 1.145636 -0.068840 
-0.546959 -0.340676 0.929268 -0.294940 
-0.114988 -0.246523 0.670013 -0.351355 
0.220748 -0.257057 0.468420 -0.344890 
0.427696 -0.368524 0.344083 -0.277810 
0.541272 -0.604722 0.275796 -0.135848 
0.545657 -1.062176 0.273072 0.138839 
0.369380 -1.715566 0.378824 0.530868 
-0.196796 -1.930682 0.718653 0.659581 
-0.865122 -1.096197 1.119935 0.158502 
-0.741709 -0.448599 1.046104 -0.230192 
-0.294461 -0.270028 0.777743 -0.337295 
0.088363 -0.238619 0.547925 -0.356025 
0.359452 -0.297297 0.385103 -0.320638 
0.514787 -0.464493 0.291744 -0.220089 
0.567048 -0.804517 0.260272 -0.015836 
0.502570 -1.394373 0.298899 0.338220 
0.130922 -1.993324 0.521938 0.697377 
-0.633069 -1.552706 0.980561 0.432558 
-0.882942 -0.673843 1.130769 -0.095011 
-0.492797 -0.326587 0.896765 -0.303387 
-0.059930 -0.251909 0.636951 -0.348102 
0.249447 -0.272904 0.451175 -0.335358 
0.451793 -0.396286 0.329600 -0.261117 
0.545105 -0.655445 0.273481 -0.105384 
0.534332 -1.135224 0.279862 0.182680 
0.332983 -1.808329 0.400665 0.586513 
-0.298381 -1.906081 0.779629 0.644770 
-0.918482 -1.004506 1.151987 0.103457 
-0.723253 -0.414492 1.035047 -0.250663 
-0.259054 -0.254779 0.756499 -0.346440 
0.117103 -0.247471 0.530661 -0.350697 
0.367860 -0.321846 0.380039 -0.305890 
0.512836 -0.505325 0.292902 -0.195572 
0.554799 -0.856869 0.267617 0.015579 
0.466493 -1.437884 0.320553 0.364290 
0.076113 -1.966580 0.554840 0.681284 
-0.665062 -1.471261 0.999777 0.383666 
-0.870104 -0.641742 1.123076 -0.114278 
-0.480999 -0.315672 0.889691 -0.309937 
-0.058558 -0.248653 0.636130 -0.350057 
0.252348 -0.278961 0.449429 -0.331719 
0.445198 -0.401435 0.333558 -0.258031 
0.547837 -0.659058 0.271840 -0.103210 
0.537076 -1.135385 0.278214 0.182781 
0.332116 -1.778423 0.401188 0.568560 
-0.290168 -1.887093 0.774701 0.633377 
-0.873715 -1.000589 1.125118 0.101114 
-0.696518 -0.438493 1.018983 -0.236250 
-0.250826 -0.268805 0.751547 -0.338017 
0.105798 -0.254709 0.537442 -0.346356 
0.359827 -0.334753 0.384855 -0.298146 
0.509246 -0.522542 0.295052 -0.185237 
0.552749 -0.894028 0.268841 0.037888 
0.444212 -1.484923 0.333924 0.392499 
0.013988 -1.954917 0.592131 0.674242 
-0.719438 -1.381647 1.032431 0.329865 
-0.834589 -0.593927 1.101780 -0.142972 
-0.425832 -0.302762 0.856583 -0.317675 
-0.009375 -0.252802 0.606596 -0.347548 
0.274796 -0.291180 0.435940 -0.324369 
0.447652 -0.435995 0.332069 -0.237275 
0.535253 -0.711076 0.279384 -0.071992 
0.506621 -1.199016 0.296491 0.220938 
0.245014 -1.814624 0.453471 0.590205 
-0.382553 -1.709951 0.830175 0.527017 
-0.824333 -0.879035 1.095514 0.028164 
-0.599704 -0.421518 0.960877 -0.246421 
-0.176407 -0.279527 0.706858 -0.331559 
0.157777 -0.283578 0.506210 -0.328998 
0.384113 -0.375174 0.370250 -0.273855 
0.502226 -0.600673 0.299244 -0.138330 
0.515742 -1.026638 0.291039 0.117455 
0.351328 -1.629830 0.389669 0.479379 
-0.161663 -1.859151 0.697573 0.616663 
-0.776491 -1.136779 1.066727 0.182878 
-0.729746 -0.516885 1.038884 -0.189199 
-0.309763 -0.296835 0.786906 -0.321205 
0.061114 -0.264186 0.564264 -0.340685 
0.328643 -0.332598 0.403581 -0.299463 
0.485420 -0.506391 0.309364 -0.194964 
0.532338 -0.848060 0.281105 0.010256 
0.444057 -1.409012 0.334026 0.346927 
0.064283 -1.890734 0.561949 0.635749 
-0.609694 -1.446946 0.966549 0.369086 
-0.809699 -0.656761 1.086812 -0.105251 
-0.453669 -0.337487 0.873267 -0.296835 
-0.039698 -0.268606 0.624789 -0.338071 
0.264956 -0.307321 0.441838 -0.314683 
0.440922 -0.443228 0.336107 -0.232939 
0.526972 -0.716535 0.284355 -0.068726 
0.492855 -1.196790 0.304756 0.219582 
0.245338 -1.771613 0.453281 0.564386 
-0.365852 -1.709528 0.820151 0.526770 
-0.822591 -0.888687 1.094466 0.033958 
-0.604025 -0.426748 0.963467 -0.243282 
-0.195286 -0.291047 0.718183 -0.324648 
0.138676 -0.294016 0.517671 -0.322740 
0.364297 -0.384044 0.382145 -0.268544 
0.488591 -0.585905 0.307435 -0.147214 
0.513718 -0.982734 0.292262 0.091091 
0.375022 -1.558916 0.375453 0.436835 
-0.092934 -1.831679 0.656324 0.600209 
-0.690653 -1.201210 1.015191 0.221571 
-0.713218 -0.577978 1.028933 -0.152524 
-0.342326 -0.340178 0.806422 -0.295192 
0.028988 -0.288280 0.583534 -0.326232 
0.293862 -0.336662 0.424464 -0.297046 
0.461831 -0.497218 0.323532 -0.200498 
0.517204 -0.817276 0.290199 -0.008249 
0.450646 -1.335009 0.330079 0.302507 
0.123841 -1.839252 0.526204 0.604889 
-0.542464 -1.502584 0.926187 0.402500 
-0.794104 -0.721727 1.077424 -0.066253 
-0.496065 -0.368673 0.898696 -0.278122 
-0.091850 -0.287468 0.656085 -0.326764 
0.205392 -0.311873 0.477600 -0.311984 
0.404122 -0.417182 0.358216 -0.248613 
0.499058 -0.671235 0.301127 -0.095964 
0.495966 -1.095395 0.302902 0.158709 
0.291546 -1.661080 0.425554 0.498077 
-0.267977 -1.717456 0.761403 0.531567 
-0.751900 -0.995141 1.052004 0.097869 
-0.609654 -0.467405 0.966822 -0.218877 
-0.210469 -0.308692 0.727285 -0.314059 
0.123676 -0.299791 0.526674 -0.319280 
0.350791 -0.378025 0.390258 -0.272169 
0.481594 -0.571732 0.311641 -0.155733 
0.507451 -0.945108 0.296031 0.068491 
0.382872 -1.504380 0.370747 0.404104 
-0.039613 -1.830888 0.624318 0.599763 
-0.659104 -1.294831 0.996234 0.277772 
-0.746693 -0.621697 1.049007 -0.126287 
-0.402286 -0.340365 0.842418 -0.295095 
-0.013890 -0.282371 0.609283 -0.329797 
0.260264 -0.318003 0.444649 -0.308271 
0.438884 -0.461318 0.337324 -0.222078 
0.517897 -0.741545 0.289799 -0.053721 
0.473968 -1.259928 0.316087 0.257462 
0.176724 -1.822041 0.494462 0.594598 
-0.471395 -1.590173 0.883516 0.455095 
-0.821482 -0.783761 1.093835 -0.029022 
-0.532948 -0.390170 0.920822 -0.265225 
-0.123706 -0.277782 0.675219 -0.332590 
0.192284 -0.294402 0.485483 -0.322481 
0.401104 -0.395473 0.360038 -0.261651 
0.516104 -0.640141 0.290900 -0.114613 
0.514018 -1.093995 0.292064 0.157895 
0.316022 -1.697676 0.410857 0.520070 
-0.256211 -1.773602 0.754334 0.565272 
-0.767569 -1.003296 1.061406 0.102761 
-0.635129 -0.466073 0.982116 -0.219682 
-0.233452 -0.299568 0.741090 -0.319543 
0.112980 -0.290202 0.533103 -0.325042 
0.343635 -0.373108 0.394557 -0.275127 
0.476658 -0.553817 0.314610 -0.166496 
0.519002 -0.931459 0.289098 0.060312 
0.392023 -1.474659 0.365256 0.386273 
-0.041905 -1.801949 0.625697 0.582392 
-0.631558 -1.250875 0.979710 0.251396 
-0.708512 -0.613659 1.026092 -0.131104 
-0.369273 -0.352688 0.822590 -0.287689 
-0.004247 -0.293992 0.603484 -0.322816 
0.258882 -0.343085 0.445464 -0.293212 
0.423121 -0.485123 0.346781 -0.207799 
0.496958 -0.759872 0.302367 -0.042744 
0.451443 -1.214076 0.329616 0.229904 
0.199094 -1.727226 0.481044 0.537702 
-0.387343 -1.598649 0.833066 0.460210 
-0.743787 -0.850590 1.047177 0.011107 
-0.534078 -0.449995 0.921464 -0.229313 
-0.170092 -0.322860 0.703033 -0.305541 
0.128992 -0.313871 0.523472 -0.310823 
0.351463 -0.402913 0.389843 -0.257225 
0.461092 -0.605753 0.323942 -0.135327 
0.483198 -0.990732 0.310585 0.095852 
0.343654 -1.519391 0.394288 0.413073 
-0.095652 -1.764534 0.657963 0.559904 
-0.663350 -1.176996 0.998808 0.207044 
-0.661830 -0.577268 0.998087 -0.152939 
-0.324367 -0.356120 0.795629 -0.285617 
0.024748 -0.307723 0.586066 -0.314560 
0.275271 -0.357106 0.435615 -0.284783 
0.438735 -0.507388 0.337397 -0.194415 
0.498305 -0.810598 0.301548 -0.012284 
0.424110 -1.315886 0.346012 0.290993 
0.123255 -1.751024 0.526565 0.551929 
-0.469719 -1.488043 0.882527 0.393795 
-0.746335 -0.771089 1.048733 -0.036614 
-0.482928 -0.409997 0.890782 -0.253312 
-0.099775 -0.300642 0.660833 -0.318857 
0.203111 -0.312345 0.478970 -0.311701 
0.395854 -0.424638 0.363178 -0.244143 
0.490600 -0.658280 0.306209 -0.103753 
0.485403 -1.093389 0.309245 0.157490 
0.285726 -1.654238 0.429048 0.493964 
-0.255338 -1.741724 0.753814 0.546139 
-0.763836 -1.001523 1.059166 0.101698 
-0.628960 -0.480458 0.978404 -0.211046 
-0.233812 -0.303929 0.741303 -0.316925 
0.103461 -0.295685 0.538814 -0.321755 
0.343299 -0.381130 0.394755 -0.270310 
0.479862 -0.580476 0.312678 -0.150484 
0.501734 -0.959422 0.299461 0.077078 
0.377963 -1.502325 0.373694 0.402865 
-0.043575 -1.844123 0.626695 0.607705 
-0.684852 -1.272267 1.011693 0.264222 
-0.737548 -0.594269 1.043530 -0.142749 
-0.369964 -0.342198 0.823012 -0.293987 
0.014337 -0.275566 0.592341 -0.333872 
0.283409 -0.323850 0.430748 -0.304746 
0.444415 -0.471369 0.333999 -0.216038 
0.521351 -0.783816 0.287715 -0.028335 
0.462699 -1.293670 0.322848 0.277705 
0.161906 -1.816210 0.503357 0.591087 
-0.467725 -1.602935 0.881312 0.462756 
-0.810538 -0.777373 1.087268 -0.032855 
-0.506683 -0.377177 0.905064 -0.273020 
-0.098927 -0.272588 0.660346 -0.335700 
0.206371 -0.303796 0.477018 -0.316833 
0.409613 -0.418963 0.354918 -0.247539 
0.507712 -0.654016 0.295935 -0.106292 
0.501394 -1.101911 0.299642 0.162629 
0.284656 -1.686648 0.429687 0.513419 
-0.274567 -1.734958 0.765357 0.542069 
-0.785477 -0.983530 1.072161 0.090893 
-0.635101 -0.452390 0.982107 -0.227896 
-0.217670 -0.289374 0.731623 -0.325659 
0.128268 -0.289778 0.523924 -0.325289 
0.360230 -0.378533 0.384590 -0.271857 
0.491398 -0.567633 0.305755 -0.158183 
0.521253 -0.949513 0.287743 0.071156 
0.404308 -1.546720 0.357874 0.429548 
-0.067104 -1.911242 0.640811 0.647979 
-0.760044 -1.250039 1.056829 0.250862 
-0.789176 -0.553723 1.074540 -0.167097 
-0.393352 -0.320351 0.837070 -0.307108 
-0.006766 -0.275542 0.605011 -0.333894 
0.269899 -0.315892 0.438865 -0.309533 
0.441746 -0.460545 0.335606 -0.222540 
0.515019 -0.756845 0.291523 -0.044538 
0.462530 -1.258551 0.322954 0.256620 
0.172206 -1.774072 0.497179 0.565800 
-0.454393 -1.565686 0.873315 0.440403 
-0.792516 -0.799011 1.076443 -0.019863 
-0.516825 -0.399096 0.911138 -0.259864 
-0.121555 -0.288895 0.673919 -0.325917 
0.197812 -0.294826 0.482163 -0.322224 
0.402519 -0.402943 0.359185 -0.257165 
0.515337 -0.647677 0.291358 -0.110089 
0.511758 -1.092402 0.293421 0.156935 
0.317748 -1.693683 0.409821 0.517675 
-0.242156 -1.824666 0.745891 0.595928 
-0.791131 -1.031292 1.075541 0.119560 
-0.677124 -0.471728 1.007321 -0.216296 
-0.259508 -0.300021 0.756733 -0.319278 
0.091598 -0.276185 0.545951 -0.333468 
0.337981 -0.346929 0.397966 -0.290851 
0.476612 -0.525124 0.314647 -0.183725 
0.526003 -0.868336 0.284905 0.022421 
0.440851 -1.438481 0.335947 0.364614 
0.051415 -1.897312 0.569672 0.639690 
-0.625855 -1.407951 0.976256 0.345677 
-0.786048 -0.647459 1.072619 -0.110831 
-0.434873 -0.347686 0.861975 -0.290707 
-0.042468 -0.278258 0.626444 -0.332276 
0.254163 -0.312827 0.448316 -0.311383 
0.436316 -0.432807 0.338878 -0.239201 
0.519848 -0.715220 0.288633 -0.069526 
0.487384 -1.185963 0.308042 0.213074 
0.237853 -1.746569 0.457776 0.549346 
-0.340999 -1.679142 0.805238 0.508541 
-0.787750 -0.888770 1.073553 0.034014 
-0.566200 -0.423260 0.940763 -0.245369 
-0.162518 -0.299024 0.698504 -0.319849 
0.157097 -0.299379 0.506607 -0.319511 
0.372778 -0.397207 0.377046 -0.260634 
0.486720 -0.619585 0.308549 -0.126993 
0.497546 -1.029793 0.301964 0.119324 
0.328097 -1.592713 0.403620 0.457073 
-0.162425 -1.803798 0.698037 0.583439 
-0.752881 -1.117238 1.052561 0.171155 
-0.683343 -0.514106 1.011031 -0.190858 
-0.286988 -0.309684 0.773223 -0.313485 
0.076568 -0.269779 0.554981 -0.337321 
0.327072 -0.337439 0.404522 -0.296557 
0.478383 -0.508652 0.313589 -0.193614 
0.530054 -0.849635 0.282476 0.011198 
0.444223 -1.392650 0.333929 0.337104 
0.077167 -1.863507 0.554218 0.619415 
-0.584315 -1.435914 0.951318 0.362472 
-0.794257 -0.685229 1.077531 -0.088160 
-0.454154 -0.352569 0.873547 -0.287780 
-0.057764 -0.272494 0.635633 -0.335743 
0.233535 -0.307942 0.460705 -0.314329 
0.425800 -0.433913 0.345192 -0.238547 
0.508796 -0.706534 0.295271 -0.074756 
0.474347 -1.183618 0.315869 0.211648 
0.230471 -1.709309 0.462211 0.526973 
-0.343314 -1.649680 0.806631 0.490856 
-0.765940 -0.909075 1.060456 0.046207 
-0.573506 -0.466823 0.945123 -0.219219 
-0.194208 -0.319546 0.717514 -0.307538 
0.129422 -0.306643 0.523219 -0.315163 
0.360104 -0.384983 0.384662 -0.267984 
0.479718 -0.578289 0.312765 -0.151798 
0.503683 -0.949444 0.298292 0.071090 
0.371944 -1.494376 0.377308 0.398087 
-0.050546 -1.780382 0.630887 0.569442 
-0.657366 -1.250243 0.995201 0.251010 
-0.732768 -0.610686 1.040653 -0.132894 
-0.384389 -0.343652 0.831672 -0.293117 
-0.013647 -0.284315 0.609136 -0.328629 
0.265347 -0.338208 0.441585 -0.296136 
0.428856 -0.489835 0.343335 -0.204965 
0.494336 -0.789468 0.303935 -0.024977 
0.432404 -1.256204 0.341041 0.255172 
0.136352 -1.729497 0.518706 0.539016 
-0.446690 -1.500728 0.868702 0.401416 
-0.731692 -0.777790 1.039942 -0.032589 
-0.473102 -0.415903 0.884880 -0.249764 
-0.101013 -0.308537 0.661571 -0.314118 
0.196529 -0.329903 0.482911 -0.301163 
0.385054 -0.445373 0.369654 -0.231702 
0.490366 -0.679137 0.306344 -0.091230 
0.468385 -1.124343 0.319458 0.176052 
0.253668 -1.664738 0.448291 0.500238 
-0.299186 -1.687981 0.780140 0.513863 
-0.745143 -0.960863 1.047957 0.077296 
-0.599474 -0.479199 0.960705 -0.211796 
-0.219690 -0.319396 0.732813 -0.307635 
0.105121 -0.309528 0.537807 -0.313442 
0.337186 -0.388247 0.398422 -0.266041 
0.472637 -0.588552 0.317014 -0.145643 
0.505301 -0.960460 0.297319 0.077706 
0.368922 -1.520888 0.379119 0.413999 
-0.083380 -1.820627 0.650590 0.593580 
-0.661193 -1.211805 0.997506 0.227938 
-0.691988 -0.572819 1.016191 -0.155616 
-0.325977 -0.333805 0.796612 -0.299014 
0.035827 -0.286795 0.579429 -0.327121 
0.299957 -0.350994 0.420796 -0.288436 
0.462269 -0.520152 0.323261 -0.186726 
0.507954 -0.857251 0.295745 0.015740 
0.422432 -1.387827 0.347011 0.334181 
0.069098 -1.819504 0.559066 0.592997 
-0.577841 -1.423510 0.947434 0.355029 
-0.787115 -0.681317 1.073245 -0.090507 
-0.457446 -0.357133 0.875520 -0.285041 
-0.068509 -0.266883 0.642089 -0.339115 
0.236710 -0.301219 0.458803 -0.318363 
0.435970 -0.431891 0.339086 -0.239752 
0.512182 -0.696926 0.293241 -0.080521 
0.482155 -1.168680 0.311184 0.202689 
0.240739 -1.752931 0.456043 0.553167 
-0.370705 -1.678127 0.823068 0.507921 
-0.806034 -0.884649 1.084529 0.031537 
-0.584811 -0.412634 0.951942 -0.251751 
-0.167023 -0.281699 0.701223 -0.330252 
0.162950 -0.292749 0.503097 -0.323489 
0.378268 -0.381994 0.373757 -0.269764 
0.496621 -0.592361 0.302611 -0.143328 
0.517642 -0.986643 0.289905 0.093444 
0.366437 -1.578995 0.380605 0.448879 
-0.113592 -1.836819 0.668723 0.603283 
-0.729594 -1.158635 1.038573 0.196007 
-0.691203 -0.537989 1.015738 -0.176524 
-0.311007 -0.323932 0.787632 -0.304937 
0.050550 -0.283029 0.570592 -0.329376 
0.305311 -0.349023 0.417582 -0.289616 
0.457376 -0.516774 0.326201 -0.188760 
0.511069 -0.846624 0.293877 0.009364 
0.429224 -1.385051 0.342934 0.332522 
0.082824 -1.827626 0.550827 0.597882 
-0.574287 -1.453314 0.945296 0.372919 
-0.789883 -0.692114 1.074903 -0.084027 
-0.467630 -0.361290 0.881631 -0.282548 
-0.061018 -0.274113 0.637585 -0.334772 
0.242056 -0.314259 0.455585 -0.310530 
0.434506 -0.446881 0.339959 -0.230752 
0.512356 -0.718119 0.293131 -0.067795 
0.479803 -1.202504 0.312591 0.222994 
0.220965 -1.750158 0.467913 0.551486 
-0.391878 -1.653063 0.835780 0.492869 
-0.791558 -0.860866 1.075848 0.017265 
-0.553580 -0.429180 0.933184 -0.241812 
-0.163586 -0.303570 0.699142 -0.317120 
0.143647 -0.301087 0.514681 -0.318492 
0.361004 -0.395900 0.384117 -0.261428 
0.477960 -0.612819 0.313811 -0.131065 
0.484280 -1.022469 0.309930 0.114908 
0.318987 -1.575138 0.409090 0.446513 
-0.164920 -1.751265 0.699541 0.551906 
-0.709065 -1.093168 1.026267 0.156717 
-0.653614 -0.535430 0.993175 -0.178052 
-0.293534 -0.331800 0.777136 -0.300210 
0.056040 -0.294805 0.567287 -0.322303 
0.299721 -0.356608 0.420934 -0.285066 
0.456317 -0.523097 0.326834 -0.184964 
0.511829 -0.848176 0.293420 0.010296 
0.426722 -1.367839 0.344438 0.322186 
0.078826 -1.803986 0.553229 0.583689 
-0.529673 -1.446685 0.918519 0.368953 
-0.757246 -0.723199 1.055300 -0.065362 
-0.447443 -0.385467 0.869496 -0.268029 
-0.063249 -0.289107 0.638912 -0.325770 
0.227808 -0.323364 0.464134 -0.305072 
0.414227 -0.453528 0.352133 -0.226779 
0.496450 -0.726868 0.302680 -0.062562 
0.460267 -1.189852 0.324322 0.215372 
0.198814 -1.693169 0.481216 0.517258 
-0.364456 -1.606855 0.819327 0.465144 
-0.764423 -0.881727 1.059553 0.029792 
-0.560388 -0.440583 0.937264 -0.234968 
-0.166103 -0.303022 0.700653 -0.317450 
0.151601 -0.305593 0.509903 -0.315782 
0.368358 -0.396088 0.379701 -0.261309 
0.480564 -0.609507 0.312248 -0.133051 
0.495332 -1.004279 0.303297 0.104002 
0.354149 -1.556267 0.387984 0.435222 
-0.109778 -1.801077 0.666437 0.581832 
-0.696605 -1.165977 1.018771 0.200422 
-0.683950 -0.550295 1.011378 -0.169135 
-0.308989 -0.336469 0.786411 -0.297410 
0.036268 -0.299866 0.579155 -0.319273 
0.290685 -0.357788 0.426359 -0.284363 
0.442408 -0.524287 0.335186 -0.184264 
0.488815 -0.840263 0.307240 0.005515 
0.414548 -1.341695 0.351750 0.306476 
0.076377 -1.772829 0.554702 0.564985 
-0.536689 -1.415820 0.922736 0.350425 
-0.751467 -0.707380 1.051837 -0.074856 
-0.451324 -0.370637 0.871835 -0.276933 
-0.060174 -0.287626 0.637068 -0.326658 
0.233867 -0.319485 0.460498 -0.307397 
0.415570 -0.444676 0.351330 -0.232093 
0.508811 -0.704792 0.295263 -0.075802 
0.480189 -1.175285 0.312363 0.206652 
0.238582 -1.718185 0.457342 0.532308 
-0.328579 -1.655782 0.797786 0.494525 
-0.762049 -0.914106 1.058119 0.049228 
-0.573335 -0.445578 0.945033 -0.231972 
-0.180903 -0.302119 0.709539 -0.317996 
0.145951 -0.296115 0.513302 -0.321476 
0.379584 -0.375992 0.372970 -0.273367 
0.496195 -0.572044 0.302873 -0.155528 
0.512816 -0.968453 0.292806 0.082516 
0.382801 -1.566870 0.370783 0.441619 
-0.087210 -1.867815 0.652883 0.621902 
-0.736292 -1.223471 1.042579 0.234921 
-0.743441 -0.555679 1.047086 -0.165915 
-0.353497 -0.321955 0.813141 -0.306135 
0.023367 -0.270357 0.586923 -0.336996 
0.286074 -0.330239 0.429144 -0.300908 
0.449355 -0.481101 0.331030 -0.210189 
0.510494 -0.806450 0.294230 -0.014759 
0.450236 -1.286015 0.330332 0.273092 
0.132629 -1.786268 0.520935 0.573091 
-0.495705 -1.510494 0.898120 0.407262 
-0.768603 -0.747682 1.062108 -0.050668 
-0.488388 -0.389944 0.894073 -0.265351 
-0.105800 -0.290278 0.664459 -0.325082 
0.191750 -0.312135 0.485791 -0.311834 
0.391814 -0.423860 0.365604 -0.244614 
0.487166 -0.663738 0.308270 -0.100480 
0.483570 -1.093988 0.310345 0.157848 
0.282636 -1.647236 0.430904 0.489758 
-0.236973 -1.742165 0.742791 0.546411 
-0.743751 -1.007047 1.047109 0.105017 
-0.619843 -0.484501 0.972929 -0.208617 
-0.226609 -0.313993 0.736971 -0.310881 
0.116496 -0.309737 0.530978 -0.313311 
0.343117 -0.393144 0.394859 -0.263096 
0.474611 -0.588620 0.315829 -0.145600 
0.501506 -0.962597 0.299598 0.078984 
0.361449 -1.504967 0.383607 0.404433 
-0.073214 -1.794056 0.644491 0.577637 
-0.671232 -1.210495 1.003532 0.227149 
-0.712935 -0.572733 1.028766 -0.155672 
-0.340778 -0.331294 0.805499 -0.300525 
0.031872 -0.282884 0.581807 -0.329471 
0.287171 -0.337601 0.428481 -0.296487 
0.447676 -0.482193 0.332037 -0.209535 
0.513237 -0.777224 0.292589 -0.032304 
0.469503 -1.283336 0.318765 0.271509 
0.178934 -1.819492 0.493136 0.593070 
-0.483879 -1.609916 0.891006 0.466941 
-0.842026 -0.776589 1.106169 -0.033331 
-0.537365 -0.369953 0.923487 -0.277363 
-0.116404 -0.259291 0.670851 -0.343689 
0.200653 -0.275072 0.480472 -0.334083 
0.408950 -0.376336 0.355336 -0.273136 
0.526840 -0.603357 0.284462 -0.136687 
0.528974 -1.058155 0.283090 0.136398 
0.347918 -1.685741 0.391711 0.512940 
-0.197658 -1.884108 0.719176 0.631626 
-0.805618 -1.097080 1.084219 0.159044 
-0.695062 -0.484401 1.018082 -0.208692 
-0.290113 -0.293917 0.775111 -0.322952 
0.089530 -0.265781 0.547201 -0.339716 
0.342373 -0.337291 0.395334 -0.296635 
0.491005 -0.505796 0.306011 -0.195315 
0.543513 -0.851870 0.274395 0.012560 
0.464280 -1.429056 0.321883 0.358987 
0.083828 -1.950024 0.550211 0.671351 
-0.645245 -1.504746 0.987877 0.403769 
-0.855472 -0.651855 1.114289 -0.108204 
-0.481785 -0.327937 0.890153 -0.302574 
-0.054980 -0.253465 0.633977 -0.347166 
0.252986 -0.283543 0.449042 -0.328968 
0.445633 -0.411853 0.333292 -0.251775 
0.540856 -0.679033 0.276027 -0.091226 
0.527038 -1.171961 0.284236 0.204726 
0.292685 -1.817081 0.424854 0.591725 
-0.348829 -1.847654 0.809915 0.609682 
-0.894296 -0.911460 1.137498 0.047613 
-0.661176 -0.397445 0.997794 -0.260884 
-0.208556 -0.255467 0.726181 -0.346013 
0.148824 -0.245843 0.511616 -0.351660 
0.396161 -0.320504 0.363045 -0.306674 
0.531203 -0.517923 0.281868 -0.187984 
0.566066 -0.911735 0.260842 0.048542 
0.459772 -1.529191 0.324578 0.419097 
0.010667 -2.025315 0.594118 0.716496 
-0.745870 -1.362234 1.048299 0.318207 
-0.839198 -0.589101 1.104549 -0.145870 
-0.428885 -0.309459 0.858410 -0.313655 
-0.007232 -0.246463 0.605316 -0.351353 
0.281647 -0.285337 0.431831 -0.327873 
0.466773 -0.427178 0.320591 -0.242551 
0.545726 -0.716332 0.273094 -0.068822 
0.511150 -1.213075 0.293769 0.229386 
0.262126 -1.838698 0.443196 0.604671 
-0.396064 -1.768048 0.838276 0.561883 
-0.873335 -0.865026 1.124931 0.019746 
-0.635977 -0.387525 0.982673 -0.266834 
-0.194198 -0.265618 0.717552 -0.339914 
0.150648 -0.260136 0.510509 -0.343077 
0.389791 -0.332587 0.366863 -0.299423 
0.521248 -0.537592 0.287840 -0.176185 
0.556863 -0.923050 0.266366 0.055321 
0.433911 -1.549422 0.340101 0.431207 
-0.010297 -1.977319 0.606706 0.687674 
-0.743167 -1.347886 1.046679 0.309595 
-0.832332 -0.568550 1.100437 -0.158205 
-0.417277 -0.297053 0.851451 -0.321100 
-0.010584 -0.245738 0.607329 -0.351790 
0.296948 -0.286455 0.422642 -0.327191 
0.468803 -0.420956 0.319375 -0.246285 
0.554492 -0.709935 0.267831 -0.072650 
0.533001 -1.236427 0.280648 0.243441 
0.267871 -1.907858 0.439741 0.646192 
-0.483330 -1.788445 0.890651 0.574095 
-0.962764 -0.822385 1.178624 -0.005865 
-0.649435 -0.361113 0.990770 -0.282692 
-0.186234 -0.242572 0.712791 -0.353749 
0.189391 -0.246085 0.487257 -0.351494 
0.415939 -0.337738 0.351159 -0.296308 
0.548841 -0.557520 0.271264 -0.164182 
0.572350 -0.985737 0.257057 0.092987 
0.431582 -1.673557 0.341487 0.505727 
-0.115049 -2.034662 0.669576 0.722033 
-0.867664 -1.192021 1.121437 0.216016 
-0.812014 -0.468272 1.088295 -0.218395 
-0.363758 -0.271877 0.819344 -0.336202 
0.043398 -0.236867 0.574925 -0.357096 
0.327436 -0.283146 0.404337 -0.329158 
0.490061 -0.422046 0.306609 -0.245608 
0.568137 -0.719092 0.259636 -0.067130 
0.525009 -1.254648 0.285443 0.254367 
0.239828 -1.891951 0.456576 0.636617 
-0.467271 -1.742158 0.881019 0.546319 
-0.910389 -0.821637 1.147187 -0.006304 
-0.627556 -0.374857 0.977627 -0.274437 
-0.183316 -0.244858 0.711037 -0.352375 
0.172641 -0.246207 0.497314 -0.351430 
0.415190 -0.331060 0.351612 -0.300319 
0.547642 -0.529763 0.271993 -0.180852 
0.590127 -0.951720 0.246388 0.072593 
0.465748 -1.640043 0.320980 0.485655 
-0.020881 -2.133502 0.613043 0.781413 
-0.871686 -1.322675 1.123822 0.294434 
-0.888686 -0.508749 1.134296 -0.194111 
-0.423401 -0.257676 0.855164 -0.344741 
0.017157 -0.219667 0.590698 -0.367433 
0.316185 -0.257968 0.411111 -0.344285 
0.496077 -0.390050 0.303010 -0.264815 
0.581948 -0.679028 0.251351 -0.091166 
0.559979 -1.211379 0.264453 0.228447 
0.297713 -1.940862 0.421824 0.666033 
-0.442667 -1.897568 0.866231 0.639605 
-0.993852 -0.857888 1.197271 0.015440 
-0.672538 -0.345142 1.004651 -0.292284 
-0.192954 -0.225493 0.716843 -0.364004 
0.180232 -0.228649 0.492772 -0.361969 
0.419239 -0.310800 0.349192 -0.312481 
0.548455 -0.497159 0.271515 -0.200430 
0.587556 -0.885690 0.247943 0.032940 
0.490073 -1.549666 0.306385 0.431434 
0.025603 -2.090357 0.585147 0.755546 
-0.791342 -1.410224 1.075582 0.346999 
-0.879652 -0.553084 1.128850 -0.167497 
-0.452965 -0.281409 0.872890 -0.330500 
-0.030008 -0.224970 0.619011 -0.364266 
0.281860 -0.261631 0.431720 -0.342108 
0.473245 -0.386160 0.316722 -0.267176 
0.570095 -0.646682 0.258477 -0.110609 
0.557434 -1.130035 0.265992 0.179602 
0.355416 -1.835317 0.387196 0.602739 
-0.322556 -1.978209 0.794130 0.688052 
-0.953857 -0.971264 1.173230 0.083498 
-0.741661 -0.396935 1.046108 -0.261205 
-0.249276 -0.236416 0.750647 -0.357462 
0.118140 -0.238699 0.530046 -0.355964 
0.369669 -0.313878 0.378957 -0.310673 
0.522578 -0.504589 0.287051 -0.196002 
0.572388 -0.877694 0.257052 0.028112 
0.472913 -1.493549 0.316693 0.397718 
0.073152 -2.013205 0.556613 0.709269 
-0.687897 -1.473739 1.013482 0.385147 
-0.866929 -0.635635 1.121173 -0.117943 
-0.462831 -0.304147 0.878793 -0.316851 
-0.042212 -0.244849 0.626319 -0.352335 
0.267704 -0.280965 0.440206 -0.330507 
0.462868 -0.416081 0.322941 -0.249219 
0.550020 -0.707095 0.270517 -0.074362 
0.517913 -1.217116 0.289709 0.231822 
0.264233 -1.851279 0.441930 0.612225 
-0.409111 -1.770109 0.846107 0.563115 
-0.869017 -0.860412 1.122341 0.016977 
-0.614208 -0.386272 0.969606 -0.267582 
-0.175981 -0.252045 0.706627 -0.348058 
0.172408 -0.257976 0.497445 -0.344363 
0.399609 -0.345091 0.360961 -0.291906 
0.523374 -0.542616 0.286561 -0.173166 
0.553462 -0.939608 0.268405 0.065258 
0.438424 -1.567190 0.337390 0.441880 
-0.035002 -1.996872 0.621533 0.699395 
-0.793383 -1.293859 1.076831 0.277156 
-0.821095 -0.523135 1.093716 -0.185464 
-0.387493 -0.278231 0.833587 -0.332393 
0.024537 -0.235644 0.586251 -0.357837 
0.309074 -0.274484 0.415369 -0.334372 
0.490664 -0.415426 0.306249 -0.249583 
0.569595 -0.723447 0.258759 -0.064513 
0.531182 -1.265304 0.281736 0.260775 
0.241112 -1.936993 0.455801 0.663656 
-0.497527 -1.769845 0.899175 0.562927 
-0.912813 -0.801053 1.148649 -0.018660 
-0.611767 -0.373335 0.968149 -0.275348 
-0.171589 -0.260327 0.703982 -0.343085 
0.176606 -0.259641 0.494923 -0.343362 
0.409134 -0.350010 0.355239 -0.288944 
0.536737 -0.572592 0.278528 -0.155148 
0.551853 -1.008518 0.269360 0.106631 
0.411865 -1.649785 0.353326 0.491430 
-0.101710 -2.016776 0.661571 0.711305 
-0.825721 -1.214103 1.096257 0.229279 
-0.802857 -0.506972 1.082777 -0.195163 
-0.368374 -0.274488 0.822113 -0.334635 
0.036645 -0.240027 0.578977 -0.355201 
0.313811 -0.288884 0.412515 -0.325722 
0.489578 -0.428677 0.306896 -0.241626 
0.561479 -0.731781 0.263631 -0.059521 
0.518984 -1.284349 0.289057 0.272190 
0.212553 -1.917997 0.472946 0.652228 
-0.523662 -1.680247 0.914874 0.509141 
-0.877499 -0.766614 1.127465 -0.039325 
-0.560762 -0.349854 0.937548 -0.289433 
-0.116095 -0.248888 0.670675 -0.349935 
0.207525 -0.265260 0.476353 -0.339971 
0.418973 -0.382600 0.349314 -0.269365 
0.527504 -0.606782 0.284063 -0.134629 
0.541785 -1.037289 0.275401 0.123890 
0.372192 -1.671273 0.377141 0.504281 
-0.155269 -1.915990 0.693729 0.650783 
-0.833658 -1.134196 1.101041 0.181316 
-0.756448 -0.478221 1.054934 -0.212413 
-0.326768 -0.286169 0.797124 -0.327613 
0.055620 -0.251957 0.567574 -0.348030 
0.325335 -0.302002 0.405586 -0.317837 
0.492865 -0.455364 0.304912 -0.225597 
0.558331 -0.783735 0.265511 -0.028329 
0.503847 -1.339564 0.298139 0.305317 
0.182507 -1.956434 0.490978 0.675274 
-0.573175 -1.660793 0.944595 0.497449 
-0.922617 -0.725003 1.154562 -0.064310 
-0.574201 -0.337984 0.945624 -0.296562 
-0.131254 -0.236839 0.679788 -0.357174 
0.205084 -0.246605 0.477833 -0.351174 
0.430566 -0.341320 0.342373 -0.294144 
0.556186 -0.572691 0.266849 -0.155061 
0.574081 -1.017053 0.256013 0.111794 
0.420563 -1.695156 0.348100 0.518678 
-0.123676 -2.046208 0.674752 0.728959 
-0.886791 -1.201536 1.132915 0.221723 
-0.829846 -0.476853 1.098994 -0.213247 
-0.366568 -0.251728 0.821050 -0.348299 
0.048704 -0.217350 0.571758 -0.368812 
0.327555 -0.270396 0.404274 -0.336815 
0.503809 -0.412644 0.298356 -0.251238 
0.580367 -0.705614 0.252295 -0.075204 
0.550303 -1.253099 0.270257 0.253479 
0.281089 -1.979889 0.431800 0.689444 
-0.491561 -1.848640 0.895583 0.610222 
-0.979041 -0.818438 1.188395 -0.008236 
-0.648801 -0.344845 0.990402 -0.292457 
-0.180401 -0.236568 0.709295 -0.357352 
0.177093 -0.241525 0.494645 -0.354239 
0.412690 -0.321529 0.353119 -0.306044 
0.544343 -0.520001 0.273977 -0.186718 
0.578513 -0.941405 0.253363 0.066379 
0.455685 -1.626565 0.327022 0.477549 
-0.065526 -2.092189 0.639845 0.756590 
-0.875982 -1.288412 1.126408 0.273868 
-0.878199 -0.504488 1.128003 -0.196667 
-0.412728 -0.258842 0.848755 -0.344039 
0.006241 -0.217965 0.597254 -0.368459 
0.304122 -0.268881 0.418347 -0.337740 
0.494064 -0.409720 0.304210 -0.253005 
0.578751 -0.698678 0.253267 -0.079372 
0.550781 -1.247044 0.269971 0.249844 
0.300428 -1.962453 0.420192 0.678997 
-0.436480 -1.916799 0.862515 0.651150 
-1.009207 -0.859756 1.206487 0.016558 
-0.691592 -0.350999 1.016085 -0.288771 
-0.214235 -0.223550 0.729622 -0.365177 
0.164800 -0.235486 0.502032 -0.357871 
0.402929 -0.317345 0.358983 -0.308565 
0.537790 -0.522034 0.277911 -0.185506 
0.573604 -0.916653 0.256315 0.051508 
0.462616 -1.556087 0.322868 0.435248 
0.004988 -2.049303 0.597524 0.730891 
