1.000000000000000021e-03 1.000000000000000056e-01 4.511844054441118135e-01
1.000000000000000021e-03 1.435961701962214787e-01 4.504915928594202534e-01
1.000000000000000021e-03 2.061986009502220218e-01 4.495077283173932736e-01
1.000000000000000021e-03 2.960932939627084481e-01 4.481191938709567224e-01
1.000000000000000021e-03 4.251786303382891208e-01 4.461796221493463666e-01
1.000000000000000021e-03 6.105402296585329402e-01 4.435170425330300370e-01
1.000000000000000021e-03 8.767123872968686227e-01 4.399682190917241220e-01
1.000000000000000021e-03 1.258925411794167504e+00 4.354647971361154113e-01
1.000000000000000021e-03 1.807768676963435128e+00 4.301759323209913832e-01
1.000000000000000021e-03 2.595886586126396001e+00 4.246335790212625305e-01
1.000000000000000021e-03 3.727593720314941628e+00 4.197960993487244163e-01
1.000000000000000021e-03 5.352681822847109139e+00 4.173633528262385983e-01
1.000000000000000021e-03 7.686246100397745806e+00 4.201591989292089990e-01
1.000000000000000021e-03 1.103715503202757908e+01 4.304949119399993362e-01
1.000000000000000021e-03 1.584893192461113287e+01 4.456040609153638088e-01
1.637893706954064591e-03 1.000000000000000056e-01 4.511843731815537439e-01
1.637893706954064591e-03 1.435961701962214787e-01 4.504915605274996682e-01
1.637893706954064591e-03 2.061986009502220218e-01 4.495076960357117790e-01
1.637893706954064591e-03 2.960932939627084481e-01 4.481191620196103287e-01
1.637893706954064591e-03 4.251786303382891208e-01 4.461795918050829868e-01
1.637893706954064591e-03 6.105402296585329402e-01 4.435170166388610613e-01
1.637893706954064591e-03 8.767123872968686227e-01 4.399682055925926982e-01
1.637893706954064591e-03 1.258925411794167504e+00 4.354648170818685160e-01
1.637893706954064591e-03 1.807768676963435128e+00 4.301760390037669413e-01
1.637893706954064591e-03 2.595886586126396001e+00 4.246338946902504796e-01
1.637893706954064591e-03 3.727593720314941628e+00 4.197967855149555838e-01
1.637893706954064591e-03 5.352681822847109139e+00 4.173630371340558143e-01
1.637893706954064591e-03 7.686246100397745806e+00 4.201366225322658021e-01
1.637893706954064591e-03 1.103715503202757908e+01 4.302598556757841752e-01
1.637893706954064591e-03 1.584893192461113287e+01 4.442744869102996930e-01
2.682695795279724585e-03 1.000000000000000056e-01 4.511843203851392814e-01
2.682695795279724585e-03 1.435961701962214787e-01 4.504915076215683656e-01
2.682695795279724585e-03 2.061986009502220218e-01 4.495076432184984538e-01
2.682695795279724585e-03 2.960932939627084481e-01 4.481191099177309622e-01
2.682695795279724585e-03 4.251786303382891208e-01 4.461795421896435077e-01
2.682695795279724585e-03 6.105402296585329402e-01 4.435169743452435087e-01
2.682695795279724585e-03 8.767123872968686227e-01 4.399681836670216728e-01
2.682695795279724585e-03 1.258925411794167504e+00 4.354648500847680959e-01
2.682695795279724585e-03 1.807768676963435128e+00 4.301762144650023156e-01
2.682695795279724585e-03 2.595886586126396001e+00 4.246344137391535045e-01
2.682695795279724585e-03 3.727593720314941628e+00 4.197979176375603028e-01
2.682695795279724585e-03 5.352681822847109139e+00 4.173625885470265140e-01
2.682695795279724585e-03 7.686246100397745806e+00 4.201009716257171900e-01
2.682695795279724585e-03 1.103715503202757908e+01 4.299138070854098270e-01
2.682695795279724585e-03 1.584893192461113287e+01 4.427894205412498674e-01
4.393970560760790747e-03 1.000000000000000056e-01 4.511842340342168134e-01
4.393970560760790747e-03 1.435961701962214787e-01 4.504914211022425508e-01
4.393970560760790747e-03 2.061986009502220218e-01 4.495075568617335482e-01
4.393970560760790747e-03 2.960932939627084481e-01 4.481190247607431676e-01
4.393970560760790747e-03 4.251786303382891208e-01 4.461794611534484756e-01
4.393970560760790747e-03 6.105402296585329402e-01 4.435169053900192560e-01
4.393970560760790747e-03 8.767123872968686227e-01 4.399681482502547647e-01
4.393970560760790747e-03 1.258925411794167504e+00 4.354649050352862316e-01
4.393970560760790747e-03 1.807768676963435128e+00 4.301765037985608719e-01
4.393970560760790747e-03 2.595886586126396001e+00 4.246352692885391744e-01
4.393970560760790747e-03 3.727593720314941628e+00 4.197997940041168774e-01
4.393970560760790747e-03 5.352681822847109139e+00 4.173620354247157271e-01
4.393970560760790747e-03 7.686246100397745806e+00 4.200459740715305479e-01
4.393970560760790747e-03 1.103715503202757908e+01 4.294316386585258494e-01
4.393970560760790747e-03 1.584893192461113287e+01 4.412557643548972730e-01
7.196856730011521458e-03 1.000000000000000056e-01 4.511840929331354944e-01
7.196856730011521458e-03 1.435961701962214787e-01 4.504912797547620529e-01
7.196856730011521458e-03 2.061986009502220218e-01 4.495074158267680642e-01
7.196856730011521458e-03 2.960932939627084481e-01 4.481188857663327418e-01
7.196856730011521458e-03 4.251786303382891208e-01 4.461793290378834320e-01
7.196856730011521458e-03 6.105402296585329402e-01 4.435167932993587803e-01
7.196856730011521458e-03 8.767123872968686227e-01 4.399680915685497129e-01
7.196856730011521458e-03 1.258925411794167504e+00 4.354649974383402733e-01
7.196856730011521458e-03 1.807768676963435128e+00 4.301769829122855104e-01
7.196856730011521458e-03 2.595886586126396001e+00 4.246366850472437782e-01
7.196856730011521458e-03 3.727593720314941628e+00 4.198029261670755408e-01
7.196856730011521458e-03 5.352681822847109139e+00 4.173616076189475277e-01
7.196856730011521458e-03 7.686246100397745806e+00 4.199643353667087964e-01
7.196856730011521458e-03 1.103715503202757908e+01 4.288084174404481752e-01
7.196856730011521458e-03 1.584893192461113287e+01 4.397865366579596369e-01
1.178768634793587317e-02 1.000000000000000056e-01 4.511838627163322069e-01
1.178768634793587317e-02 1.435961701962214787e-01 4.504910492132780941e-01
1.178768634793587317e-02 2.061986009502220218e-01 4.495071859211623444e-01
1.178768634793587317e-02 2.960932939627084481e-01 4.481186594051931316e-01
1.178768634793587317e-02 4.251786303382891208e-01 4.461791142904837359e-01
1.178768634793587317e-02 6.105402296585329402e-01 4.435166119873057422e-01
1.178768634793587317e-02 8.767123872968686227e-01 4.399680022872963781e-01
1.178768634793587317e-02 1.258925411794167504e+00 4.354651552151100335e-01
1.178768634793587317e-02 1.807768676963435128e+00 4.301777816152066447e-01
1.178768634793587317e-02 2.595886586126396001e+00 4.246390425544299130e-01
1.178768634793587317e-02 3.727593720314941628e+00 4.198082128065722674e-01
1.178768634793587317e-02 5.352681822847109139e+00 4.173621510220136277e-01
1.178768634793587317e-02 7.686246100397745806e+00 4.198507007118951195e-01
1.178768634793587317e-02 1.103715503202757908e+01 4.280770628668018607e-01
1.178768634793587317e-02 1.584893192461113287e+01 4.385057814781322949e-01
1.930697728883249559e-02 1.000000000000000056e-01 4.511834880364289924e-01
1.930697728883249559e-02 1.435961701962214787e-01 4.504906742130125874e-01
1.930697728883249559e-02 2.061986009502220218e-01 4.495068122947155631e-01
1.930697728883249559e-02 2.960932939627084481e-01 4.481182921261405716e-01
1.930697728883249559e-02 4.251786303382891208e-01 4.461787669629377895e-01
1.930697728883249559e-02 6.105402296585329402e-01 4.435163211286209384e-01
1.930697728883249559e-02 8.767123872968686227e-01 4.399678655837689356e-01
1.930697728883249559e-02 1.258925411794167504e+00 4.354654308526570983e-01
1.930697728883249559e-02 1.807768676963435128e+00 4.301791271498509039e-01
1.930697728883249559e-02 2.595886586126396001e+00 4.246430069344976910e-01
1.930697728883249559e-02 3.727593720314941628e+00 4.198172852880964756e-01
1.930697728883249559e-02 5.352681822847109139e+00 4.173662172482500154e-01
1.930697728883249559e-02 7.686246100397745806e+00 4.197092731807154364e-01
1.930697728883249559e-02 1.103715503202757908e+01 4.273173319614747001e-01
1.930697728883249559e-02 1.584893192461113287e+01 4.375996008171907925e-01
3.162277660168379134e-02 1.000000000000000056e-01 4.511828807572174083e-01
3.162277660168379134e-02 1.435961701962214787e-01 4.504900669753135189e-01
3.162277660168379134e-02 2.061986009502220218e-01 4.495062081970788159e-01
3.162277660168379134e-02 2.960932939627084481e-01 4.481176998758554797e-01
3.162277660168379134e-02 4.251786303382891208e-01 4.461782098790004758e-01
3.162277660168379134e-02 6.105402296585329402e-01 4.435158610976596694e-01
3.162277660168379134e-02 8.767123872968686227e-01 4.399676671834053532e-01
3.162277660168379134e-02 1.258925411794167504e+00 4.354659283503905520e-01
3.162277660168379134e-02 1.807768676963435128e+00 4.301814306456235304e-01
3.162277660168379134e-02 2.595886586126396001e+00 4.246497737964931019e-01
3.162277660168379134e-02 3.727593720314941628e+00 4.198332274457995394e-01
3.162277660168379134e-02 5.352681822847109139e+00 4.173807443980320220e-01
3.162277660168379134e-02 7.686246100397745806e+00 4.195680412301450724e-01
3.162277660168379134e-02 1.103715503202757908e+01 4.266554117121263423e-01
3.162277660168379134e-02 1.584893192461113287e+01 4.374071649628844538e-01
5.179474679231210049e-02 1.000000000000000056e-01 4.511819032547382813e-01
5.179474679231210049e-02 1.435961701962214787e-01 4.504890910556015315e-01
5.179474679231210049e-02 2.061986009502220218e-01 4.495052398006931793e-01
5.179474679231210049e-02 2.960932939627084481e-01 4.481167547642434523e-01
5.179474679231210049e-02 4.251786303382891208e-01 4.461773290163512651e-01
5.179474679231210049e-02 6.105402296585329402e-01 4.435151513866207318e-01
5.179474679231210049e-02 8.767123872968686227e-01 4.399674103866023089e-01
5.179474679231210049e-02 1.258925411794167504e+00 4.354668660239963685e-01
5.179474679231210049e-02 1.807768676963435128e+00 4.301854685558074154e-01
5.179474679231210049e-02 2.595886586126396001e+00 4.246615792340973639e-01
5.179474679231210049e-02 3.727593720314941628e+00 4.198621287129024604e-01
5.179474679231210049e-02 5.352681822847109139e+00 4.174231200620508453e-01
5.179474679231210049e-02 7.686246100397745806e+00 4.194975268911922961e-01
5.179474679231210049e-02 1.103715503202757908e+01 4.262741095265980551e-01
5.179474679231210049e-02 1.584893192461113287e+01 4.385378790912358715e-01
8.483428982440717470e-02 1.000000000000000056e-01 4.511803480999885263e-01
8.483428982440717470e-02 1.435961701962214787e-01 4.504875425383092491e-01
8.483428982440717470e-02 2.061986009502220218e-01 4.495037099602999242e-01
8.483428982440717470e-02 2.960932939627084481e-01 4.481152734161690798e-01
8.483428982440717470e-02 4.251786303382891208e-01 4.461759706365734934e-01
8.483428982440717470e-02 6.105402296585329402e-01 4.435141058078138632e-01
8.483428982440717470e-02 8.767123872968686227e-01 4.399671714958238722e-01
8.483428982440717470e-02 1.258925411794167504e+00 4.354687284313289997e-01
8.483428982440717470e-02 1.807768676963435128e+00 4.301927831996557594e-01
8.483428982440717470e-02 2.595886586126396001e+00 4.246828007704307462e-01
8.483428982440717470e-02 3.727593720314941628e+00 4.199164790847402240e-01
8.483428982440717470e-02 5.352681822847109139e+00 4.175333258337521336e-01
8.483428982440717470e-02 7.686246100397745806e+00 4.196259579736747458e-01
8.483428982440717470e-02 1.103715503202757908e+01 4.264565963201738530e-01
8.483428982440717470e-02 1.584893192461113287e+01 4.419913243489353993e-01
1.389495494373137463e-01 1.000000000000000056e-01 4.511779234422265139e-01
1.389495494373137463e-01 1.435961701962214787e-01 4.504851395223095634e-01
1.389495494373137463e-01 2.061986009502220218e-01 4.495013544470615185e-01
1.389495494373137463e-01 2.960932939627084481e-01 4.481130248669897842e-01
1.389495494373137463e-01 4.251786303382891208e-01 4.461739706162546892e-01
1.389495494373137463e-01 6.105402296585329402e-01 4.435127042488973825e-01
1.389495494373137463e-01 8.767123872968686227e-01 4.399672627316480455e-01
1.389495494373137463e-01 1.258925411794167504e+00 4.354726424250834338e-01
1.389495494373137463e-01 1.807768676963435128e+00 4.302066012463585110e-01
1.389495494373137463e-01 2.595886586126396001e+00 4.247224003232853429e-01
1.389495494373137463e-01 3.727593720314941628e+00 4.200224422030028881e-01
1.389495494373137463e-01 5.352681822847109139e+00 4.177941585367923594e-01
1.389495494373137463e-01 7.686246100397745806e+00 4.201465231114429599e-01
1.389495494373137463e-01 1.103715503202757908e+01 4.276717043988645384e-01
1.389495494373137463e-01 1.584893192461113287e+01 4.492032095910680756e-01
2.275845926074788750e-01 1.000000000000000056e-01 4.511742782236163318e-01
2.275845926074788750e-01 1.435961701962214787e-01 4.504815582902603754e-01
2.275845926074788750e-01 2.061986009502220218e-01 4.494978958014968495e-01
2.275845926074788750e-01 2.960932939627084481e-01 4.481098142583883059e-01
2.275845926074788750e-01 4.251786303382891208e-01 4.461712914904122917e-01
2.275845926074788750e-01 6.105402296585329402e-01 4.435112321147212655e-01
2.275845926074788750e-01 8.767123872968686227e-01 4.399686850905879520e-01
2.275845926074788750e-01 1.258925411794167504e+00 4.354813156910009586e-01
2.275845926074788750e-01 1.807768676963435128e+00 4.302339803322565159e-01
2.275845926074788750e-01 2.595886586126396001e+00 4.247993539541813357e-01
2.275845926074788750e-01 3.727593720314941628e+00 4.202344412005741270e-01
2.275845926074788750e-01 5.352681822847109139e+00 4.183564414085794159e-01
2.275845926074788750e-01 7.686246100397745806e+00 4.213334813915479704e-01
2.275845926074788750e-01 1.103715503202757908e+01 4.306977705813849755e-01
2.275845926074788750e-01 1.584893192461113287e+01 4.619094762640749141e-01
3.727593720314937853e-01 1.000000000000000056e-01 4.511691714374631013e-01
3.727593720314937853e-01 1.435961701962214787e-01 4.504766313411238676e-01
3.727593720314937853e-01 2.061986009502220218e-01 4.494932872345611674e-01
3.727593720314937853e-01 2.960932939627084481e-01 4.481058028886932831e-01
3.727593720314937853e-01 4.251786303382891208e-01 4.461684758521742289e-01
3.727593720314937853e-01 6.105402296585329402e-01 4.435109834410065899e-01
3.727593720314937853e-01 8.767123872968686227e-01 4.399743374773376625e-01
3.727593720314937853e-01 1.258925411794167504e+00 4.355013618627769922e-01
3.727593720314937853e-01 1.807768676963435128e+00 4.302907998996171601e-01
3.727593720314937853e-01 2.595886586126396001e+00 4.249543155961556518e-01
3.727593720314937853e-01 3.727593720314941628e+00 4.206608086482587772e-01
3.727593720314937853e-01 5.352681822847109139e+00 4.194589151239677682e-01
3.727593720314937853e-01 7.686246100397745806e+00 4.236024722449943658e-01
3.727593720314937853e-01 1.103715503202757908e+01 4.367537219347735755e-01
3.727593720314937853e-01 1.584893192461113287e+01 4.818011350799815129e-01
6.105402296585326072e-01 1.000000000000000056e-01 4.511630759647536348e-01
6.105402296585326072e-01 1.435961701962214787e-01 4.504710251728834547e-01
6.105402296585326072e-01 2.061986009502220218e-01 4.494885071836464685e-01
6.105402296585326072e-01 2.960932939627084481e-01 4.481024941602204104e-01
6.105402296585326072e-01 4.251786303382891208e-01 4.461679617335901349e-01
6.105402296585326072e-01 6.105402296585329402e-01 4.435161792914148471e-01
6.105402296585326072e-01 8.767123872968686227e-01 4.399921207925609479e-01
6.105402296585326072e-01 1.258925411794167504e+00 4.355489117566545554e-01
6.105402296585326072e-01 1.807768676963435128e+00 4.304129536071155115e-01
6.105402296585326072e-01 2.595886586126396001e+00 4.252726609638839972e-01
6.105402296585326072e-01 3.727593720314941628e+00 4.214995958213939020e-01
6.105402296585326072e-01 5.352681822847109139e+00 4.214402520829342302e-01
6.105402296585326072e-01 7.686246100397745806e+00 4.276396860382307707e-01
6.105402296585326072e-01 1.103715503202757908e+01 4.475414379012279675e-01
6.105402296585326072e-01 1.584893192461113287e+01 5.100693061486337720e-01
1.000000000000000000e+00 1.000000000000000056e-01 4.511589740911791657e-01
1.000000000000000000e+00 1.435961701962214787e-01 4.504682196671021543e-01
1.000000000000000000e+00 2.061986009502220218e-01 4.494878265506047632e-01
1.000000000000000000e+00 2.960932939627084481e-01 4.481054668039946010e-01
1.000000000000000000e+00 4.251786303382891208e-01 4.461776037833926067e-01
1.000000000000000000e+00 6.105402296585329402e-01 4.435388944228863539e-01
1.000000000000000000e+00 8.767123872968686227e-01 4.400425223033428979e-01
1.000000000000000000e+00 1.258925411794167504e+00 4.356624679061819050e-01
1.000000000000000000e+00 1.807768676963435128e+00 4.306795543841685503e-01
1.000000000000000000e+00 2.595886586126396001e+00 4.259233965138261579e-01
1.000000000000000000e+00 3.727593720314941628e+00 4.230724355590740338e-01
1.000000000000000000e+00 5.352681822847109139e+00 4.247790420799090194e-01
1.000000000000000000e+00 7.686246100397745806e+00 4.345730041386983711e-01
1.000000000000000000e+00 1.103715503202757908e+01 4.650778866345108842e-01
1.000000000000000000e+00 1.584893192461113287e+01 5.470257612070685838e-01
