1.000000000000000082e-05 1.000000000000000056e-01 1.618901436804770499e-01
1.000000000000000082e-05 1.435961701962214787e-01 1.608512518011476211e-01
1.000000000000000082e-05 2.061986009502220218e-01 1.593726495692635581e-01
1.000000000000000082e-05 2.960932939627084481e-01 1.572760057771977749e-01
1.000000000000000082e-05 4.251786303382891208e-01 1.543184466081528317e-01
1.000000000000000082e-05 6.105402296585329402e-01 1.501771408912956352e-01
1.000000000000000082e-05 8.767123872968686227e-01 1.444389095890541985e-01
1.000000000000000082e-05 1.258925411794167504e+00 1.366049111198914534e-01
1.000000000000000082e-05 1.807768676963435128e+00 1.261191268934030163e-01
1.000000000000000082e-05 2.595886586126396001e+00 1.124109862208860638e-01
1.000000000000000082e-05 3.727593720314941628e+00 9.496067921554043889e-02
1.000000000000000082e-05 5.352681822847109139e+00 7.387408802553475928e-02
1.000000000000000082e-05 7.686246100397745806e+00 5.259925813274628909e-02
1.000000000000000082e-05 1.103715503202757908e+01 3.738226855713185082e-02
1.000000000000000082e-05 1.584893192461113287e+01 2.951715512740830244e-02
1.637893706954064726e-05 1.000000000000000056e-01 1.618901436480724709e-01
1.637893706954064726e-05 1.435961701962214787e-01 1.608512518262617264e-01
1.637893706954064726e-05 2.061986009502220218e-01 1.593726496825008943e-01
1.637893706954064726e-05 2.960932939627084481e-01 1.572760060289963568e-01
1.637893706954064726e-05 4.251786303382891208e-01 1.543184470856289181e-01
1.637893706954064726e-05 6.105402296585329402e-01 1.501771417539762843e-01
1.637893706954064726e-05 8.767123872968686227e-01 1.444389111503251444e-01
1.637893706954064726e-05 1.258925411794167504e+00 1.366049140468647283e-01
1.637893706954064726e-05 1.807768676963435128e+00 1.261191327369187432e-01
1.637893706954064726e-05 2.595886586126396001e+00 1.124109989896203143e-01
1.637893706954064726e-05 3.727593720314941628e+00 9.496071128729625943e-02
1.637893706954064726e-05 5.352681822847109139e+00 7.387419261170730111e-02
1.637893706954064726e-05 7.686246100397745806e+00 5.259975485118666833e-02
1.637893706954064726e-05 1.103715503202757908e+01 3.738563736012976563e-02
1.637893706954064726e-05 1.584893192461113287e+01 2.955257590509286630e-02
2.682695795279727390e-05 1.000000000000000056e-01 1.618901435950026169e-01
2.682695795279727390e-05 1.435961701962214787e-01 1.608512518674017622e-01
2.682695795279727390e-05 2.061986009502220218e-01 1.593726498679781112e-01
2.682695795279727390e-05 2.960932939627084481e-01 1.572760064414229220e-01
2.682695795279727390e-05 4.251786303382891208e-01 1.543184478676927762e-01
2.682695795279727390e-05 6.105402296585329402e-01 1.501771431669670087e-01
2.682695795279727390e-05 8.767123872968686227e-01 1.444389137075385021e-01
2.682695795279727390e-05 1.258925411794167504e+00 1.366049188409675097e-01
2.682695795279727390e-05 1.807768676963435128e+00 1.261191423080518792e-01
2.682695795279727390e-05 2.595886586126396001e+00 1.124110199037117175e-01
2.682695795279727390e-05 3.727593720314941628e+00 9.496076381890000695e-02
2.682695795279727390e-05 5.352681822847109139e+00 7.387436392617045822e-02
2.682695795279727390e-05 7.686246100397745806e+00 5.260056857685226767e-02
2.682695795279727390e-05 1.103715503202757908e+01 3.739115750282236833e-02
2.682695795279727390e-05 1.584893192461113287e+01 2.961107163216818508e-02
4.393970560760785895e-05 1.000000000000000056e-01 1.618901435080945805e-01
4.393970560760785895e-05 1.435961701962214787e-01 1.608512519348003766e-01
4.393970560760785895e-05 2.061986009502220218e-01 1.593726501717870614e-01
4.393970560760785895e-05 2.960932939627084481e-01 1.572760071169532758e-01
4.393970560760785895e-05 4.251786303382891208e-01 1.543184491486538634e-01
4.393970560760785895e-05 6.105402296585329402e-01 1.501771454813269902e-01
4.393970560760785895e-05 8.767123872968686227e-01 1.444389178960290843e-01
4.393970560760785895e-05 1.258925411794167504e+00 1.366049266932833905e-01
4.393970560760785895e-05 1.807768676963435128e+00 1.261191579847528443e-01
4.393970560760785895e-05 2.595886586126396001e+00 1.124110541594730978e-01
4.393970560760785895e-05 3.727593720314941628e+00 9.496084986404519646e-02
4.393970560760785895e-05 5.352681822847109139e+00 7.387464455707569433e-02
4.393970560760785895e-05 7.686246100397745806e+00 5.260190178499981467e-02
4.393970560760785895e-05 1.103715503202757908e+01 3.740020507991288073e-02
4.393970560760785895e-05 1.584893192461113287e+01 2.970690244175155231e-02
7.196856730011514085e-05 1.000000000000000056e-01 1.618901433657876365e-01
7.196856730011514085e-05 1.435961701962214787e-01 1.608512520452339001e-01
7.196856730011514085e-05 2.061986009502220218e-01 1.593726506694397027e-01
7.196856730011514085e-05 2.960932939627084481e-01 1.572760082234525014e-01
7.196856730011514085e-05 4.251786303382891208e-01 1.543184512467954128e-01
7.196856730011514085e-05 6.105402296585329402e-01 1.501771492720865020e-01
7.196856730011514085e-05 8.767123872968686227e-01 1.444389247564573930e-01
7.196856730011514085e-05 1.258925411794167504e+00 1.366049395547703771e-01
7.196856730011514085e-05 1.807768676963435128e+00 1.261191836620652318e-01
7.196856730011514085e-05 2.595886586126396001e+00 1.124111102686539965e-01
7.196856730011514085e-05 3.727593720314941628e+00 9.496099080747510968e-02
7.196856730011514085e-05 5.352681822847109139e+00 7.387510429729823858e-02
7.196856730011514085e-05 7.686246100397745806e+00 5.260408654254920824e-02
7.196856730011514085e-05 1.103715503202757908e+01 3.741503952133382743e-02
7.196856730011514085e-05 1.584893192461113287e+01 2.986161471672438283e-02
1.178768634793586606e-04 1.000000000000000056e-01 1.618901431328092499e-01
1.178768634793586606e-04 1.435961701962214787e-01 1.608512522262246502e-01
1.178768634793586606e-04 2.061986009502220218e-01 1.593726514846648401e-01
1.178768634793586606e-04 2.960932939627084481e-01 1.572760100359211211e-01
1.178768634793586606e-04 4.251786303382891208e-01 1.543184546834984461e-01
1.178768634793586606e-04 6.105402296585329402e-01 1.501771554811725529e-01
1.178768634793586606e-04 8.767123872968686227e-01 1.444389359934476758e-01
1.178768634793586606e-04 1.258925411794167504e+00 1.366049606211313938e-01
1.178768634793586606e-04 1.807768676963435128e+00 1.261192257202294054e-01
1.178768634793586606e-04 2.595886586126396001e+00 1.124112021745850704e-01
1.178768634793586606e-04 3.727593720314941628e+00 9.496122168634277272e-02
1.178768634793586606e-04 5.352681822847109139e+00 7.387585756208657484e-02
1.178768634793586606e-04 7.686246100397745806e+00 5.260766790153442035e-02
1.178768634793586606e-04 1.103715503202757908e+01 3.743937419367060482e-02
1.178768634793586606e-04 1.584893192461113287e+01 3.010601959554132234e-02
1.930697728883249591e-04 1.000000000000000056e-01 1.618901427514978508e-01
1.930697728883249591e-04 1.435961701962214787e-01 1.608512525229691126e-01
1.930697728883249591e-04 2.061986009502220218e-01 1.593726528202469017e-01
1.930697728883249591e-04 2.960932939627084481e-01 1.572760130049287164e-01
1.930697728883249591e-04 4.251786303382891208e-01 1.543184603129091892e-01
1.930697728883249591e-04 6.105402296585329402e-01 1.501771656515989428e-01
1.930697728883249591e-04 8.767123872968686227e-01 1.444389543993498948e-01
1.930697728883249591e-04 1.258925411794167504e+00 1.366049951272344520e-01
1.930697728883249591e-04 1.807768676963435128e+00 1.261192946109368496e-01
1.930697728883249591e-04 2.595886586126396001e+00 1.124113527202963980e-01
1.930697728883249591e-04 3.727593720314941628e+00 9.496159991786681798e-02
1.930697728883249591e-04 5.352681822847109139e+00 7.387709202477912851e-02
1.930697728883249591e-04 7.686246100397745806e+00 5.261354170483823617e-02
1.930697728883249591e-04 1.103715503202757908e+01 3.747931790459604895e-02
1.930697728883249591e-04 1.584893192461113287e+01 3.048195637214413251e-02
3.162277660168379394e-04 1.000000000000000056e-01 1.618901421277079700e-01
3.162277660168379394e-04 1.435961701962214787e-01 1.608512530098125393e-01
3.162277660168379394e-04 2.061986009502220218e-01 1.593726550086734250e-01
3.162277660168379394e-04 2.960932939627084481e-01 1.572760178688582811e-01
3.162277660168379394e-04 4.251786303382891208e-01 1.543184695345102275e-01
3.162277660168379394e-04 6.105402296585329402e-01 1.501771823112951487e-01
3.162277660168379394e-04 8.767123872968686227e-01 1.444389845486930835e-01
3.162277660168379394e-04 1.258925411794167504e+00 1.366050516489703825e-01
3.162277660168379394e-04 1.807768676963435128e+00 1.261194074570688717e-01
3.162277660168379394e-04 2.595886586126396001e+00 1.124115993345596309e-01
3.162277660168379394e-04 3.727593720314941628e+00 9.496221962604428635e-02
3.162277660168379394e-04 5.352681822847109139e+00 7.387911580696469860e-02
3.162277660168379394e-04 7.686246100397745806e+00 5.262318353145604283e-02
3.162277660168379394e-04 1.103715503202757908e+01 3.754492609348960425e-02
3.162277660168379394e-04 1.584893192461113287e+01 3.104470794677033005e-02
5.179474679231213042e-04 1.000000000000000056e-01 1.618901411080390373e-01
5.179474679231213042e-04 1.435961701962214787e-01 1.608512538093765931e-01
5.179474679231213042e-04 2.061986009502220218e-01 1.593726585954580721e-01
5.179474679231213042e-04 2.960932939627084481e-01 1.572760258381691867e-01
5.179474679231213042e-04 4.251786303382891208e-01 1.543184846417977873e-01
5.179474679231213042e-04 6.105402296585329402e-01 1.501772096024492908e-01
5.179474679231213042e-04 8.767123872968686227e-01 1.444390339366362630e-01
5.179474679231213042e-04 1.258925411794167504e+00 1.366051442373888147e-01
5.179474679231213042e-04 1.807768676963435128e+00 1.261195923151413600e-01
5.179474679231213042e-04 2.595886586126396001e+00 1.124120033601261476e-01
5.179474679231213042e-04 3.727593720314941628e+00 9.496323519239108224e-02
5.179474679231213042e-04 5.352681822847109139e+00 7.388243554164825033e-02
5.179474679231213042e-04 7.686246100397745806e+00 5.263903223759811012e-02
5.179474679231213042e-04 1.103715503202757908e+01 3.765274312561182890e-02
5.179474679231213042e-04 1.584893192461113287e+01 3.186884671190277907e-02
8.483428982440716559e-04 1.000000000000000056e-01 1.618901394433824026e-01
8.483428982440716559e-04 1.435961701962214787e-01 1.608512551247887890e-01
8.483428982440716559e-04 2.061986009502220218e-01 1.593726644766001732e-01
8.483428982440716559e-04 2.960932939627084481e-01 1.572760388983267532e-01
8.483428982440716559e-04 4.251786303382891208e-01 1.543185093947423148e-01
8.483428982440716559e-04 6.105402296585329402e-01 1.501772543141088878e-01
8.483428982440716559e-04 8.767123872968686227e-01 1.444391148463385899e-01
8.483428982440716559e-04 1.258925411794167504e+00 1.366052959190925120e-01
8.483428982440716559e-04 1.807768676963435128e+00 1.261198951684031899e-01
8.483428982440716559e-04 2.595886586126396001e+00 1.124126653729063813e-01
8.483428982440716559e-04 3.727593720314941628e+00 9.496490005768253029e-02
8.483428982440716559e-04 5.352681822847109139e+00 7.388788629271302033e-02
8.483428982440716559e-04 7.686246100397745806e+00 5.266514057231630463e-02
8.483428982440716559e-04 1.103715503202757908e+01 3.782991981613637728e-02
8.483428982440716559e-04 1.584893192461113287e+01 3.305988130418803517e-02
1.389495494373137402e-03 1.000000000000000056e-01 1.618901367314796447e-01
1.389495494373137402e-03 1.435961701962214787e-01 1.608512572948839203e-01
1.389495494373137402e-03 2.061986009502220218e-01 1.593726741263747360e-01
1.389495494373137402e-03 2.960932939627084481e-01 1.572760603089887743e-01
1.389495494373137402e-03 4.251786303382891208e-01 1.543185499610773281e-01
1.389495494373137402e-03 6.105402296585329402e-01 1.501773275783075678e-01
1.389495494373137402e-03 8.767123872968686227e-01 1.444392474147794536e-01
1.389495494373137402e-03 1.258925411794167504e+00 1.366055444426813315e-01
1.389495494373137402e-03 1.807768676963435128e+00 1.261203914120834213e-01
1.389495494373137402e-03 2.595886586126396001e+00 1.124137503818042061e-01
1.389495494373137402e-03 3.727593720314941628e+00 9.496763088628108751e-02
1.389495494373137402e-03 5.352681822847109139e+00 7.389684984459579664e-02
1.389495494373137402e-03 7.686246100397745806e+00 5.270829870537224737e-02
1.389495494373137402e-03 1.103715503202757908e+01 3.812073117985043114e-02
1.389495494373137402e-03 1.584893192461113287e+01 3.476686804805284581e-02
2.275845926074788767e-03 1.000000000000000056e-01 1.618901323289125560e-01
2.275845926074788767e-03 1.435961701962214787e-01 1.608512608910910024e-01
2.275845926074788767e-03 2.061986009502220218e-01 1.593726899775232686e-01
2.275845926074788767e-03 2.960932939627084481e-01 1.572760954297214575e-01
2.275845926074788767e-03 4.251786303382891208e-01 1.543186164678475303e-01
2.275845926074788767e-03 6.105402296585329402e-01 1.501774476611163478e-01
2.275845926074788767e-03 8.767123872968686227e-01 1.444394646737380827e-01
2.275845926074788767e-03 1.258925411794167504e+00 1.366059517261351552e-01
2.275845926074788767e-03 1.807768676963435128e+00 1.261212047489367605e-01
2.275845926074788767e-03 2.595886586126396001e+00 1.124155293946378920e-01
2.275845926074788767e-03 3.727593720314941628e+00 9.497211429660412652e-02
2.275845926074788767e-03 5.352681822847109139e+00 7.391162684147128958e-02
2.275845926074788767e-03 7.686246100397745806e+00 5.278002039662157280e-02
2.275845926074788767e-03 1.103715503202757908e+01 3.859649430920586433e-02
2.275845926074788767e-03 1.584893192461113287e+01 3.718275494806429216e-02
3.727593720314937870e-03 1.000000000000000056e-01 1.618901252232454735e-01
3.727593720314937870e-03 1.435961701962214787e-01 1.608512668934879986e-01
3.727593720314937870e-03 2.061986009502220218e-01 1.593727160629999084e-01
3.727593720314937870e-03 2.960932939627084481e-01 1.572761530941666763e-01
3.727593720314937870e-03 4.251786303382891208e-01 1.543187255690119108e-01
3.727593720314937870e-03 6.105402296585329402e-01 1.501776445688965400e-01
3.727593720314937870e-03 8.767123872968686227e-01 1.444398208586655519e-01
3.727593720314937870e-03 1.258925411794167504e+00 1.366066194253535981e-01
3.727593720314937870e-03 1.807768676963435128e+00 1.261225383631970620e-01
3.727593720314937870e-03 2.595886586126396001e+00 1.124184482792290052e-01
3.727593720314937870e-03 3.727593720314941628e+00 9.497948604794542726e-02
3.727593720314937870e-03 5.352681822847109139e+00 7.393608488667728629e-02
3.727593720314937870e-03 7.686246100397745806e+00 5.290014995908924600e-02
3.727593720314937870e-03 1.103715503202757908e+01 3.936975176210676802e-02
3.727593720314937870e-03 1.584893192461113287e+01 4.052385436916606382e-02
6.105402296585326835e-03 1.000000000000000056e-01 1.618901138673113915e-01
6.105402296585326835e-03 1.435961701962214787e-01 1.608512770257388147e-01
6.105402296585326835e-03 2.061986009502220218e-01 1.593727591181393344e-01
6.105402296585326835e-03 2.960932939627084481e-01 1.572762479190762952e-01
6.105402296585326835e-03 4.251786303382891208e-01 1.543189047215373089e-01
6.105402296585326835e-03 6.105402296585329402e-01 1.501779676862093349e-01
6.105402296585326835e-03 8.767123872968686227e-01 1.444404051579569748e-01
6.105402296585326835e-03 1.258925411794167504e+00 1.366077146878027782e-01
6.105402296585326835e-03 1.807768676963435128e+00 1.261247265835162279e-01
6.105402296585326835e-03 2.595886586126396001e+00 1.124232426406725355e-01
6.105402296585326835e-03 3.727593720314941628e+00 9.499163619455212870e-02
6.105402296585326835e-03 5.352681822847109139e+00 7.397682094070254233e-02
6.105402296585326835e-03 7.686246100397745806e+00 5.310357384616097576e-02
6.105402296585326835e-03 1.103715503202757908e+01 4.061271717186724917e-02
6.105402296585326835e-03 1.584893192461113287e+01 4.500000996992691710e-02
1.000000000000000021e-02 1.000000000000000056e-01 1.618900960250159726e-01
1.000000000000000021e-02 1.435961701962214787e-01 1.608512944286145663e-01
1.000000000000000021e-02 2.061986009502220218e-01 1.593728305228304387e-01
1.000000000000000021e-02 2.960932939627084481e-01 1.572764042426161857e-01
1.000000000000000021e-02 4.251786303382891208e-01 1.543191993786220406e-01
1.000000000000000021e-02 6.105402296585329402e-01 1.501784985362770997e-01
1.000000000000000021e-02 8.767123872968686227e-01 1.444413646088245629e-01
1.000000000000000021e-02 1.258925411794167504e+00 1.366095130153080761e-01
1.000000000000000021e-02 1.807768676963435128e+00 1.261283211178999553e-01
1.000000000000000021e-02 2.595886586126396001e+00 1.124311315686370299e-01
1.000000000000000021e-02 3.727593720314941628e+00 9.501173989200066561e-02
1.000000000000000021e-02 5.352681822847109139e+00 7.404532469703437036e-02
1.000000000000000021e-02 7.686246100397745806e+00 5.345284330857724697e-02
1.000000000000000021e-02 1.103715503202757908e+01 4.257749235515803643e-02
1.000000000000000021e-02 1.584893192461113287e+01 5.080354138635594097e-02
