1.000000000000000082e-05 1.000000000000000056e-01 8.208003656117342228e-02
1.000000000000000082e-05 1.435961701962214787e-01 8.083319515355108509e-02
1.000000000000000082e-05 2.061986009502220218e-01 7.908297081825513275e-02
1.000000000000000082e-05 2.960932939627084481e-01 7.664957367723108927e-02
1.000000000000000082e-05 4.251786303382891208e-01 7.331142976997888361e-02
1.000000000000000082e-05 6.105402296585329402e-01 6.881629855564166953e-02
1.000000000000000082e-05 8.767123872968686227e-01 6.291388129340133584e-02
1.000000000000000082e-05 1.258925411794167504e+00 5.542044547004015831e-02
1.000000000000000082e-05 1.807768676963435128e+00 4.632491990926097120e-02
1.000000000000000082e-05 2.595886586126396001e+00 3.594656277914957954e-02
1.000000000000000082e-05 3.727593720314941628e+00 2.513309743106939900e-02
1.000000000000000082e-05 5.352681822847109139e+00 1.537213567536727457e-02
1.000000000000000082e-05 7.686246100397745806e+00 8.348371264492636390e-03
1.000000000000000082e-05 1.103715503202757908e+01 4.442966177365737998e-03
1.000000000000000082e-05 1.584893192461113287e+01 2.784227958625535519e-03
2.275845926074786477e-05 1.000000000000000056e-01 8.208003671454204564e-02
2.275845926074786477e-05 1.435961701962214787e-01 8.083319550367433493e-02
2.275845926074786477e-05 2.061986009502220218e-01 7.908297146958458146e-02
2.275845926074786477e-05 2.960932939627084481e-01 7.664957480151392277e-02
2.275845926074786477e-05 4.251786303382891208e-01 7.331143166267459210e-02
2.275845926074786477e-05 6.105402296585329402e-01 6.881630175407457695e-02
2.275845926074786477e-05 8.767123872968686227e-01 6.291388684120875763e-02
2.275845926074786477e-05 1.258925411794167504e+00 5.542045555182179006e-02
2.275845926074786477e-05 1.807768676963435128e+00 4.632493949682085776e-02
2.275845926074786477e-05 2.595886586126396001e+00 3.594660446533606835e-02
2.275845926074786477e-05 3.727593720314941628e+00 2.513320009901783003e-02
2.275845926074786477e-05 5.352681822847109139e+00 1.537247352776174338e-02
2.275845926074786477e-05 7.686246100397745806e+00 8.350276156951589104e-03
2.275845926074786477e-05 1.103715503202757908e+01 4.458915742807592272e-03
2.275845926074786477e-05 1.584893192461113287e+01 2.899378018302864631e-03
5.179474679231212499e-05 1.000000000000000056e-01 8.208003706395884669e-02
5.179474679231212499e-05 1.435961701962214787e-01 8.083319630090426977e-02
5.179474679231212499e-05 2.061986009502220218e-01 7.908297295236006719e-02
5.179474679231212499e-05 2.960932939627084481e-01 7.664957736073388372e-02
5.179474679231212499e-05 4.251786303382891208e-01 7.331143597081525576e-02
5.179474679231212499e-05 6.105402296585329402e-01 6.881630903411842248e-02
5.179474679231212499e-05 8.767123872968686227e-01 6.291389946858608195e-02
5.179474679231212499e-05 1.258925411794167504e+00 5.542047849911137247e-02
5.179474679231212499e-05 1.807768676963435128e+00 4.632498408177359445e-02
5.179474679231212499e-05 2.595886586126396001e+00 3.594669935977237718e-02
5.179474679231212499e-05 3.727593720314941628e+00 2.513343387434682427e-02
5.179474679231212499e-05 5.352681822847109139e+00 1.537324335534488197e-02
5.179474679231212499e-05 7.686246100397745806e+00 8.354619220228841001e-03
5.179474679231212499e-05 1.103715503202757908e+01 4.496335506634357472e-03
5.179474679231212499e-05 1.584893192461113287e+01 3.129268851441618319e-03
1.178768634793586606e-04 1.000000000000000056e-01 8.208003786111532640e-02
1.178768634793586606e-04 1.435961701962214787e-01 8.083319811736644489e-02
1.178768634793586606e-04 2.061986009502220218e-01 7.908297632925800902e-02
1.178768634793586606e-04 2.960932939627084481e-01 7.664958318784660662e-02
1.178768634793586606e-04 4.251786303382891208e-01 7.331144577888192015e-02
1.178768634793586606e-04 6.105402296585329402e-01 6.881632560705475132e-02
1.178768634793586606e-04 8.767123872968686227e-01 6.291392821391755819e-02
1.178768634793586606e-04 1.258925411794167504e+00 5.542053073763191645e-02
1.178768634793586606e-04 1.807768676963435128e+00 4.632508558487562905e-02
1.178768634793586606e-04 2.595886586126396001e+00 3.594691544451098647e-02
1.178768634793586606e-04 3.727593720314941628e+00 2.513396652653715133e-02
1.178768634793586606e-04 5.352681822847109139e+00 1.537500015884324216e-02
1.178768634793586606e-04 7.686246100397745806e+00 8.364542442036045772e-03
1.178768634793586606e-04 1.103715503202757908e+01 4.582943052859079873e-03
1.178768634793586606e-04 1.584893192461113287e+01 3.457206066390632136e-03
2.682695795279727187e-04 1.000000000000000056e-01 8.208003968535282358e-02
2.682695795279727187e-04 1.435961701962214787e-01 8.083320226217755033e-02
2.682695795279727187e-04 2.061986009502220218e-01 7.908298402662373994e-02
2.682695795279727187e-04 2.960932939627084481e-01 7.664959646355701262e-02
2.682695795279727187e-04 4.251786303382891208e-01 7.331146811815066056e-02
2.682695795279727187e-04 6.105402296585329402e-01 6.881636334873413030e-02
2.682695795279727187e-04 8.767123872968686227e-01 6.291399367201559734e-02
2.682695795279727187e-04 1.258925411794167504e+00 5.542064969709328826e-02
2.682695795279727187e-04 1.807768676963435128e+00 4.632531676957871852e-02
2.682695795279727187e-04 2.595886586126396001e+00 3.594740783946331897e-02
2.682695795279727187e-04 3.727593720314941628e+00 2.513518194602236411e-02
2.682695795279727187e-04 5.352681822847109139e+00 1.537902309015864652e-02
2.682695795279727187e-04 7.686246100397745806e+00 8.387312672675955802e-03
2.682695795279727187e-04 1.103715503202757908e+01 4.767645516033997694e-03
2.682695795279727187e-04 1.584893192461113287e+01 3.859775111754485191e-03
6.105402296585326618e-04 1.000000000000000056e-01 8.208004388899728387e-02
6.105402296585326618e-04 1.435961701962214787e-01 8.083321175118371449e-02
6.105402296585326618e-04 2.061986009502220218e-01 7.908300160713427340e-02
6.105402296585326618e-04 2.960932939627084481e-01 7.664962675005271286e-02
6.105402296585326618e-04 4.251786303382891208e-01 7.331151905014224313e-02
6.105402296585326618e-04 6.105402296585329402e-01 6.881644936846789684e-02
6.105402296585326618e-04 8.767123872968686227e-01 6.291414284214645602e-02
6.105402296585326618e-04 1.258925411794167504e+00 5.542092080665313863e-02
6.105402296585326618e-04 1.807768676963435128e+00 4.632584383862817234e-02
6.105402296585326618e-04 2.595886586126396001e+00 3.594853166022209806e-02
6.105402296585326618e-04 3.727593720314941628e+00 2.513796451436132659e-02
6.105402296585326618e-04 5.352681822847109139e+00 1.538830533103073724e-02
6.105402296585326618e-04 7.686246100397745806e+00 8.439936182363754619e-03
6.105402296585326618e-04 1.103715503202757908e+01 5.102970700769057441e-03
6.105402296585326618e-04 1.584893192461113287e+01 4.403393583227633093e-03
1.389495494373137402e-03 1.000000000000000056e-01 8.208005372494260599e-02
1.389495494373137402e-03 1.435961701962214787e-01 8.083323363699691788e-02
1.389495494373137402e-03 2.061986009502220218e-01 7.908304194130155729e-02
1.389495494373137402e-03 2.960932939627084481e-01 7.664969605562121924e-02
1.389495494373137402e-03 4.251786303382891208e-01 7.331163543609427180e-02
1.389495494373137402e-03 6.105402296585329402e-01 6.881664578594830217e-02
1.389495494373137402e-03 8.767123872968686227e-01 6.291448335348764909e-02
1.389495494373137402e-03 1.258925411794167504e+00 5.542153975771616642e-02
1.389495494373137402e-03 1.807768676963435128e+00 4.632704817103603517e-02
1.389495494373137402e-03 2.595886586126396001e+00 3.595110587932778129e-02
1.389495494373137402e-03 3.727593720314941628e+00 2.514438203969414018e-02
1.389495494373137402e-03 5.352681822847109139e+00 1.541007075409169848e-02
1.389495494373137402e-03 7.686246100397745806e+00 8.562404164615693494e-03
1.389495494373137402e-03 1.103715503202757908e+01 5.630766016373467409e-03
1.389495494373137402e-03 1.584893192461113287e+01 5.336647863265282961e-03
3.162277660168379394e-03 1.000000000000000056e-01 8.208007750344707698e-02
3.162277660168379394e-03 1.435961701962214787e-01 8.083328494889498173e-02
3.162277660168379394e-03 2.061986009502220218e-01 7.908313541139570801e-02
3.162277660168379394e-03 2.960932939627084481e-01 7.664985574248807387e-02
3.162277660168379394e-03 4.251786303382891208e-01 7.331190275940055456e-02
3.162277660168379394e-03 6.105402296585329402e-01 6.881709616602142698e-02
3.162277660168379394e-03 8.767123872968686227e-01 6.291526360068899759e-02
3.162277660168379394e-03 1.258925411794167504e+00 5.542295847237973389e-02
3.162277660168379394e-03 1.807768676963435128e+00 4.632981388862799504e-02
3.162277660168379394e-03 2.595886586126396001e+00 3.595704993588034332e-02
3.162277660168379394e-03 3.727593720314941628e+00 2.515942168364983592e-02
3.162277660168379394e-03 5.352681822847109139e+00 1.546274769559489656e-02
3.162277660168379394e-03 7.686246100397745806e+00 8.845739263761354804e-03
3.162277660168379394e-03 1.103715503202757908e+01 6.470704623832083079e-03
3.162277660168379394e-03 1.584893192461113287e+01 7.145379058855935196e-03
7.196856730011521458e-03 1.000000000000000056e-01 8.208013883231740637e-02
7.196856730011521458e-03 1.435961701962214787e-01 8.083340950740106057e-02
7.196856730011521458e-03 2.061986009502220218e-01 7.908335680839563564e-02
7.196856730011521458e-03 2.960932939627084481e-01 7.665022929925398298e-02
7.196856730011521458e-03 4.251786303382891208e-01 7.331252380818897851e-02
7.196856730011521458e-03 6.105402296585329402e-01 6.881813856765067738e-02
7.196856730011521458e-03 8.767123872968686227e-01 6.291706671392816030e-02
7.196856730011521458e-03 1.258925411794167504e+00 5.542623933230986927e-02
7.196856730011521458e-03 1.807768676963435128e+00 4.633623641367005247e-02
7.196856730011521458e-03 2.595886586126396001e+00 3.597101688255428809e-02
7.196856730011521458e-03 3.727593720314941628e+00 2.519584132526520373e-02
7.196856730011521458e-03 5.352681822847109139e+00 1.559705616579604680e-02
7.196856730011521458e-03 7.686246100397745806e+00 9.480573702121672386e-03
7.196856730011521458e-03 1.103715503202757908e+01 7.993659705182893163e-03
7.196856730011521458e-03 1.584893192461113287e+01 1.041017870985423872e-02
1.637893706954064721e-02 1.000000000000000056e-01 8.208031571256706183e-02
1.637893706954064721e-02 1.435961701962214787e-01 8.083373322304547581e-02
1.637893706954064721e-02 2.061986009502220218e-01 7.908390552713212562e-02
1.637893706954064721e-02 2.960932939627084481e-01 7.665113185511802929e-02
1.637893706954064721e-02 4.251786303382891208e-01 7.331400267243985691e-02
1.637893706954064721e-02 6.105402296585329402e-01 6.882060084853432180e-02
1.637893706954064721e-02 8.767123872968686227e-01 6.292131173422610413e-02
1.637893706954064721e-02 1.258925411794167504e+00 5.543397451850560348e-02
1.637893706954064721e-02 1.807768676963435128e+00 4.635151120153961635e-02
1.637893706954064721e-02 2.595886586126396001e+00 3.600503397455574739e-02
1.637893706954064721e-02 3.727593720314941628e+00 2.528942776227946498e-02
1.637893706954064721e-02 5.352681822847109139e+00 1.596016569860434636e-02
1.637893706954064721e-02 7.686246100397745806e+00 1.084609763213114329e-02
1.637893706954064721e-02 1.103715503202757908e+01 1.092577470974883877e-02
1.637893706954064721e-02 1.584893192461113287e+01 1.557680570022786960e-02
3.727593720314941600e-02 1.000000000000000056e-01 8.208091086736439557e-02
3.727593720314941600e-02 1.435961701962214787e-01 8.083467767171918783e-02
3.727593720314941600e-02 2.061986009502220218e-01 7.908538581097736275e-02
3.727593720314941600e-02 2.960932939627084481e-01 7.665345625966955845e-02
3.727593720314941600e-02 4.251786303382891208e-01 7.331770581968516387e-02
3.727593720314941600e-02 6.105402296585329402e-01 6.882666787259116015e-02
3.727593720314941600e-02 8.767123872968686227e-01 6.293169981782882616e-02
3.727593720314941600e-02 1.258925411794167504e+00 5.545295369811117925e-02
3.727593720314941600e-02 1.807768676963435128e+00 4.638961567762375088e-02
3.727593720314941600e-02 2.595886586126396001e+00 3.609349909484078911e-02
3.727593720314941600e-02 3.727593720314941628e+00 2.555094558199845836e-02
3.727593720314941600e-02 5.352681822847109139e+00 1.695753247763109178e-02
3.727593720314941600e-02 7.686246100397745806e+00 1.368158813975871475e-02
3.727593720314941600e-02 1.103715503202757908e+01 1.616857371739893398e-02
3.727593720314941600e-02 1.584893192461113287e+01 2.302733255330765075e-02
8.483428982440725796e-02 1.000000000000000056e-01 8.208325566829897946e-02
8.483428982440725796e-02 1.435961701962214787e-01 8.083789478434039166e-02
8.483428982440725796e-02 2.061986009502220218e-01 7.908994392077947633e-02
8.483428982440725796e-02 2.960932939627084481e-01 7.666013386637601790e-02
8.483428982440725796e-02 4.251786303382891208e-01 7.332786364268401025e-02
8.483428982440725796e-02 6.105402296585329402e-01 6.884284487635616845e-02
8.483428982440725796e-02 8.767123872968686227e-01 6.295904470429207478e-02
8.483428982440725796e-02 1.258925411794167504e+00 5.550309145058938964e-02
8.483428982440725796e-02 1.807768676963435128e+00 4.649287386506370523e-02
8.483428982440725796e-02 2.595886586126396001e+00 3.634652463215758827e-02
8.483428982440725796e-02 3.727593720314941628e+00 2.633307821642824620e-02
8.483428982440725796e-02 5.352681822847109139e+00 1.949555526152748144e-02
8.483428982440725796e-02 7.686246100397745806e+00 1.913366837155416195e-02
8.483428982440725796e-02 1.103715503202757908e+01 2.437533149068021529e-02
8.483428982440725796e-02 1.584893192461113287e+01 3.408400930870161133e-02
1.930697728883249698e-01 1.000000000000000056e-01 8.209363671212493996e-02
1.930697728883249698e-01 1.435961701962214787e-01 8.085065094303404976e-02
1.930697728883249698e-01 2.061986009502220218e-01 7.910636327770372012e-02
1.930697728883249698e-01 2.960932939627084481e-01 7.668237238106505316e-02
1.930697728883249698e-01 4.251786303382891208e-01 7.335973352230434896e-02
1.930697728883249698e-01 6.105402296585329402e-01 6.889158594438542227e-02
1.930697728883249698e-01 8.767123872968686227e-01 6.303973737584225856e-02
1.930697728883249698e-01 1.258925411794167504e+00 5.565114126691936280e-02
1.930697728883249698e-01 1.807768676963435128e+00 4.680509395327801109e-02
1.930697728883249698e-01 2.595886586126396001e+00 3.713496673886303862e-02
1.930697728883249698e-01 3.727593720314941628e+00 2.861446507643904125e-02
1.930697728883249698e-01 5.352681822847109139e+00 2.502170800411000068e-02
1.930697728883249698e-01 7.686246100397745806e+00 2.832893405931141001e-02
1.930697728883249698e-01 1.103715503202757908e+01 3.625949341480606131e-02
1.930697728883249698e-01 1.584893192461113287e+01 5.353929765075575442e-02
4.393970560760794841e-01 1.000000000000000056e-01 8.214241581477975396e-02
4.393970560760794841e-01 1.435961701962214787e-01 8.090673066900085086e-02
4.393970560760794841e-01 2.061986009502220218e-01 7.917373999361841663e-02
4.393970560760794841e-01 2.960932939627084481e-01 7.676778422332006246e-02
4.393970560760794841e-01 4.251786303382891208e-01 7.347522041079299071e-02
4.393970560760794841e-01 6.105402296585329402e-01 6.906034509104008734e-02
4.393970560760794841e-01 8.767123872968686227e-01 6.331095742499494305e-02
4.393970560760794841e-01 1.258925411794167504e+00 5.614202612284785454e-02
4.393970560760794841e-01 1.807768676963435128e+00 4.783095619473961418e-02
4.393970560760794841e-01 2.595886586126396001e+00 3.957969305824994566e-02
4.393970560760794841e-01 3.727593720314941628e+00 3.427805274678755870e-02
4.393970560760794841e-01 5.352681822847109139e+00 3.509147467227259620e-02
4.393970560760794841e-01 7.686246100397745806e+00 4.222575767664610985e-02
4.393970560760794841e-01 1.103715503202757908e+01 5.512663867490385367e-02
4.393970560760794841e-01 1.584893192461113287e+01 9.136167383475196635e-02
1.000000000000000000e+00 1.000000000000000056e-01 8.237282594613139219e-02
1.000000000000000000e+00 1.435961701962214787e-01 8.116221824748659497e-02
1.000000000000000000e+00 2.061986009502220218e-01 7.946803182105149910e-02
1.000000000000000000e+00 2.960932939627084481e-01 7.712400979196745721e-02
1.000000000000000000e+00 4.251786303382891208e-01 7.393461584077980209e-02
1.000000000000000000e+00 6.105402296585329402e-01 6.970181691132171231e-02
1.000000000000000000e+00 8.767123872968686227e-01 6.429854551774623339e-02
1.000000000000000000e+00 1.258925411794167504e+00 5.784550877416538145e-02
1.000000000000000000e+00 1.807768676963435128e+00 5.110525415564466656e-02
1.000000000000000000e+00 2.595886586126396001e+00 4.605303803015196873e-02
1.000000000000000000e+00 3.727593720314941628e+00 4.542815100415872887e-02
1.000000000000000000e+00 5.352681822847109139e+00 5.124174320156256457e-02
1.000000000000000000e+00 7.686246100397745806e+00 6.361939359474604039e-02
1.000000000000000000e+00 1.103715503202757908e+01 9.041215512025033152e-02
1.000000000000000000e+00 1.584893192461113287e+01 1.601581746433000386e-01
