-0.342029 -0.382732 -0.533718 0.000000 0.000000 -0.302629 -0.147659 -0.456402 -0.311161 0.000000 -0.227529 -0.062766 -0.506909 -0.213656 -0.146627 -0.446800 
-0.360176 -0.391031 -0.545291 0.000000 0.000000 -0.320242 -0.156115 -0.482536 -0.249772 0.000000 -0.190822 -0.050383 -0.482846 -0.203514 -0.139666 -0.428310 
-0.370173 -0.383524 -0.534822 0.000000 0.000000 -0.357482 -0.167768 -0.518555 -0.211536 0.000000 -0.124490 -0.042670 -0.463548 -0.195380 -0.134084 -0.404842 
-0.369182 -0.361618 -0.504274 0.000000 0.000000 -0.388935 -0.177015 -0.547136 -0.228958 0.000000 -0.058838 -0.046185 -0.444556 -0.187375 -0.128591 -0.363601 
-0.335974 -0.329752 -0.459838 0.000000 0.000000 -0.407149 -0.177544 -0.548774 -0.284031 0.000000 -0.009764 -0.057294 -0.461666 -0.194586 -0.133540 -0.354945 
-0.322765 -0.313696 -0.437447 0.000000 0.000000 -0.408106 -0.173490 -0.536243 -0.354923 0.000000 -0.027588 -0.071594 -0.482174 -0.203230 -0.139472 -0.366796 
-0.307122 -0.297082 -0.414280 0.000000 0.000000 -0.400056 -0.165983 -0.513040 -0.450360 0.000000 -0.067969 -0.090845 -0.509736 -0.214847 -0.147444 -0.385536 
-0.283079 -0.274243 -0.382430 0.000000 0.000000 -0.383174 -0.154779 -0.478407 -0.582758 0.000000 -0.123147 -0.117552 -0.544640 -0.229559 -0.157540 -0.404691 
-0.258692 -0.251627 -0.350893 0.000000 0.000000 -0.377524 -0.144296 -0.446004 -0.707567 0.000000 -0.178904 -0.142728 -0.593071 -0.249972 -0.171550 -0.447063 
-0.261754 -0.231743 -0.323165 0.000000 0.000000 -0.362981 -0.132011 -0.408034 -0.899550 0.000000 -0.296341 -0.181454 -0.631017 -0.265966 -0.182525 -0.480624 
-0.238055 -0.205316 -0.286313 0.000000 0.000000 -0.344087 -0.116392 -0.359757 -1.083866 0.000000 -0.394232 -0.218634 -0.686952 -0.289542 -0.198705 -0.526943 
-0.200877 -0.185947 -0.259303 0.000000 0.000000 -0.308234 -0.097462 -0.301247 -1.232861 0.000000 -0.485792 -0.248689 -0.744767 -0.313910 -0.215429 -0.575146 
-0.165039 -0.180646 -0.251910 0.000000 0.000000 -0.272789 -0.081480 -0.251847 -1.300569 0.000000 -0.549384 -0.262347 -0.793528 -0.334462 -0.229533 -0.624095 
-0.138144 -0.190108 -0.265105 0.000000 0.000000 -0.251508 -0.070084 -0.216624 -1.288596 0.000000 -0.593191 -0.259931 -0.842926 -0.355283 -0.243822 -0.694347 
-0.089603 -0.221262 -0.308549 0.000000 0.000000 -0.191738 -0.059130 -0.182764 -1.128787 0.000000 -0.561008 -0.227695 -0.849401 -0.358012 -0.245695 -0.706674 
-0.089840 -0.290410 -0.404975 0.000000 0.000000 -0.134840 -0.055709 -0.172191 -0.858982 0.000000 -0.542945 -0.173271 -0.822116 -0.346512 -0.237802 -0.718419 
-0.193294 -0.424899 -0.592520 0.000000 0.000000 -0.051003 -0.059649 -0.184370 -0.490643 0.000000 -0.616321 -0.098971 -0.713978 -0.300933 -0.206523 -0.691315 
-0.432780 -0.602120 -0.839654 0.000000 0.000000 0.018834 -0.076945 -0.237831 -0.149838 0.000000 -0.817543 -0.030225 -0.528908 -0.222928 -0.152990 -0.627855 
-0.637585 -0.662696 -0.924127 0.000000 0.000000 -0.048746 -0.119568 -0.369573 -0.025637 0.000000 -0.826739 -0.005171 -0.348692 -0.146969 -0.100861 -0.486573 
-0.627969 -0.558054 -0.778204 0.000000 0.000000 -0.241394 -0.175119 -0.541278 -0.005423 0.000000 -0.428219 -0.001094 -0.257842 -0.108677 -0.074582 -0.299572 
-0.528119 -0.422772 -0.589554 0.000000 0.000000 -0.427223 -0.218347 -0.674890 -0.004934 0.000000 0.022623 -0.000995 -0.241289 -0.101700 -0.069794 -0.169734 
-0.398317 -0.323022 -0.450453 0.000000 0.000000 -0.525718 -0.233585 -0.721990 -0.007087 0.000000 0.327189 -0.001430 -0.286853 -0.120905 -0.082974 -0.136057 
-0.286095 -0.270572 -0.377311 0.000000 0.000000 -0.549357 -0.227393 -0.702851 -0.019731 0.000000 0.453004 -0.003980 -0.366292 -0.154387 -0.105952 -0.182600 
-0.213890 -0.263280 -0.367143 0.000000 0.000000 -0.531588 -0.207666 -0.641875 -0.040914 0.000000 0.408253 -0.008253 -0.476065 -0.200655 -0.137705 -0.316327 
-0.198205 -0.287874 -0.401439 0.000000 0.000000 -0.468619 -0.185498 -0.573357 -0.077020 0.000000 0.272017 -0.015536 -0.530252 -0.223495 -0.153379 -0.399849 
-0.243790 -0.327610 -0.456851 0.000000 0.000000 -0.423738 -0.173362 -0.535846 -0.110709 0.000000 0.108022 -0.022332 -0.541651 -0.228299 -0.156676 -0.454119 
-0.289252 -0.356746 -0.497481 0.000000 0.000000 -0.382948 -0.166620 -0.515008 -0.146269 0.000000 -0.007861 -0.029505 -0.520759 -0.219493 -0.150633 -0.451281 
-0.325733 -0.374575 -0.522344 0.000000 0.000000 -0.369845 -0.168645 -0.521266 -0.138731 0.000000 -0.043876 -0.027984 -0.486835 -0.205195 -0.140820 -0.423481 
-0.345448 -0.381895 -0.532551 0.000000 0.000000 -0.379838 -0.170919 -0.528295 -0.135108 0.000000 -0.064718 -0.027254 -0.486808 -0.205184 -0.140812 -0.437949 
-0.345871 -0.376958 -0.525667 0.000000 0.000000 -0.386751 -0.174349 -0.538895 -0.129692 0.000000 -0.037931 -0.026161 -0.473966 -0.199771 -0.137098 -0.416075 
-0.360955 -0.377200 -0.526003 0.000000 0.000000 -0.397124 -0.178305 -0.551126 -0.132117 0.000000 -0.035046 -0.026650 -0.461701 -0.194601 -0.133550 -0.404507 
-0.349923 -0.363786 -0.507297 0.000000 0.000000 -0.399479 -0.180149 -0.556825 -0.149136 0.000000 -0.000152 -0.030083 -0.449881 -0.189619 -0.130131 -0.371927 
-0.329634 -0.342099 -0.477055 0.000000 0.000000 -0.417271 -0.181682 -0.561563 -0.182582 0.000000 0.036448 -0.036830 -0.462198 -0.194811 -0.133694 -0.369042 
-0.308389 -0.319967 -0.446192 0.000000 0.000000 -0.429825 -0.179897 -0.556046 -0.242480 0.000000 0.046330 -0.048912 -0.486258 -0.204952 -0.140653 -0.381472 
-0.304259 -0.312295 -0.435494 0.000000 0.000000 -0.431140 -0.174205 -0.538450 -0.311771 0.000000 -0.003367 -0.062889 -0.519227 -0.218848 -0.150190 -0.422209 
-0.287279 -0.296362 -0.413276 0.000000 0.000000 -0.410485 -0.166452 -0.514488 -0.403127 0.000000 -0.034289 -0.081317 -0.529339 -0.223110 -0.153115 -0.412024 
-0.274613 -0.282158 -0.393469 0.000000 0.000000 -0.395593 -0.155894 -0.481853 -0.519791 0.000000 -0.104541 -0.104851 -0.564950 -0.238120 -0.163415 -0.443880 
-0.246078 -0.257098 -0.358522 0.000000 0.000000 -0.367711 -0.141916 -0.438648 -0.673601 0.000000 -0.170614 -0.135877 -0.599373 -0.252628 -0.173372 -0.456104 
-0.252814 -0.247080 -0.344551 0.000000 0.000000 -0.353585 -0.129834 -0.401305 -0.830045 0.000000 -0.291776 -0.167434 -0.641480 -0.270376 -0.185552 -0.506439 
-0.231709 -0.237577 -0.331300 0.000000 0.000000 -0.313127 -0.113999 -0.352362 -0.949233 0.000000 -0.378281 -0.191476 -0.674208 -0.284170 -0.195019 -0.529675 
-0.200198 -0.239050 -0.333354 0.000000 0.000000 -0.284304 -0.102706 -0.317456 -0.960060 0.000000 -0.408179 -0.193660 -0.707926 -0.298382 -0.204772 -0.565793 
-0.180040 -0.255556 -0.356372 0.000000 0.000000 -0.250299 -0.093706 -0.289637 -0.914246 0.000000 -0.430899 -0.184419 -0.725073 -0.305609 -0.209732 -0.593322 
-0.179099 -0.297084 -0.414283 0.000000 0.000000 -0.209821 -0.089333 -0.276121 -0.768395 0.000000 -0.435996 -0.154998 -0.713062 -0.300547 -0.206258 -0.604888 
-0.224817 -0.363039 -0.506256 0.000000 0.000000 -0.170190 -0.092738 -0.286644 -0.564091 0.000000 -0.449390 -0.113787 -0.655154 -0.276139 -0.189507 -0.583579 
-0.303081 -0.439599 -0.613019 0.000000 0.000000 -0.154996 -0.104847 -0.324073 -0.320282 0.000000 -0.455193 -0.064606 -0.579083 -0.244076 -0.167503 -0.560025 
-0.430161 -0.508901 -0.709660 0.000000 0.000000 -0.171419 -0.127499 -0.394089 -0.137233 0.000000 -0.473741 -0.027682 -0.469010 -0.197682 -0.135664 -0.499066 
-0.503552 -0.504430 -0.703426 0.000000 0.000000 -0.252904 -0.160813 -0.497057 -0.059878 0.000000 -0.347177 -0.012078 -0.370240 -0.156052 -0.107094 -0.387717 
-0.486981 -0.443409 -0.618331 0.000000 0.000000 -0.363022 -0.190155 -0.587752 -0.047027 0.000000 -0.120529 -0.009486 -0.335639 -0.141468 -0.097086 -0.302772 
-0.441171 -0.379348 -0.529000 0.000000 0.000000 -0.455869 -0.210382 -0.650272 -0.052238 0.000000 0.084394 -0.010537 -0.336378 -0.141779 -0.097300 -0.255684 
-0.350141 -0.315770 -0.440340 0.000000 0.000000 -0.497104 -0.215093 -0.664832 -0.074527 0.000000 0.260533 -0.015033 -0.364368 -0.153577 -0.105396 -0.224817 
-0.299824 -0.292845 -0.408371 0.000000 0.000000 -0.493074 -0.204125 -0.630931 -0.143740 0.000000 0.247488 -0.028995 -0.426563 -0.179791 -0.123386 -0.281663 
-0.260093 -0.274074 -0.382195 0.000000 0.000000 -0.468847 -0.188072 -0.581314 -0.260926 0.000000 0.180507 -0.052633 -0.486628 -0.205108 -0.140760 -0.336399 
-0.266150 -0.268292 -0.374133 0.000000 0.000000 -0.444478 -0.171209 -0.529192 -0.436107 0.000000 0.022330 -0.087970 -0.544155 -0.229354 -0.157400 -0.410798 
-0.268251 -0.255854 -0.356788 0.000000 0.000000 -0.417100 -0.156026 -0.482262 -0.617135 0.000000 -0.110982 -0.124486 -0.584169 -0.246220 -0.168975 -0.450995 
-0.243420 -0.234338 -0.326784 0.000000 0.000000 -0.375796 -0.137307 -0.424405 -0.802620 0.000000 -0.219732 -0.161902 -0.626896 -0.264229 -0.181334 -0.476209 
-0.236352 -0.224645 -0.313267 0.000000 0.000000 -0.334323 -0.118820 -0.367261 -0.976967 0.000000 -0.357450 -0.197071 -0.669248 -0.282080 -0.193584 -0.516549 
-0.211707 -0.211038 -0.294291 0.000000 0.000000 -0.302651 -0.105395 -0.325767 -1.086104 0.000000 -0.420970 -0.219085 -0.699975 -0.295031 -0.202472 -0.534357 
-0.196861 -0.206134 -0.287452 0.000000 0.000000 -0.291463 -0.093780 -0.289865 -1.166116 0.000000 -0.498876 -0.235225 -0.753993 -0.317799 -0.218097 -0.603018 
-0.159451 -0.209046 -0.291514 0.000000 0.000000 -0.258064 -0.082891 -0.256209 -1.153634 0.000000 -0.510282 -0.232707 -0.780877 -0.329130 -0.225873 -0.627780 
-0.138834 -0.241988 -0.337452 0.000000 0.000000 -0.203685 -0.073331 -0.226660 -1.040406 0.000000 -0.520214 -0.209867 -0.779424 -0.328518 -0.225453 -0.638174 
-0.148744 -0.306919 -0.427997 0.000000 0.000000 -0.155323 -0.070580 -0.218157 -0.806096 0.000000 -0.520541 -0.162603 -0.755825 -0.318571 -0.218627 -0.655857 
-0.204485 -0.397039 -0.553669 0.000000 0.000000 -0.104585 -0.074621 -0.230646 -0.516107 0.000000 -0.534818 -0.104107 -0.687933 -0.289955 -0.198989 -0.642727 
-0.389680 -0.538770 -0.751312 0.000000 0.000000 -0.060066 -0.091506 -0.282836 -0.204036 0.000000 -0.662460 -0.041157 -0.541423 -0.228203 -0.156610 -0.595766 
-0.556610 -0.597361 -0.833017 0.000000 0.000000 -0.115789 -0.127770 -0.394927 -0.050797 0.000000 -0.653785 -0.010247 -0.391888 -0.165176 -0.113356 -0.485894 
-0.588493 -0.535523 -0.746784 0.000000 0.000000 -0.260724 -0.173930 -0.537603 -0.019425 0.000000 -0.380403 -0.003918 -0.294676 -0.124202 -0.085237 -0.328166 
-0.515987 -0.428586 -0.597661 0.000000 0.000000 -0.412177 -0.210576 -0.650873 -0.014136 0.000000 -0.015749 -0.002851 -0.271786 -0.114554 -0.078616 -0.213741 
-0.406760 -0.340274 -0.474511 0.000000 0.000000 -0.500353 -0.225388 -0.696655 -0.018724 0.000000 0.254875 -0.003777 -0.303869 -0.128077 -0.087896 -0.173260 
-0.322793 -0.294447 -0.410604 0.000000 0.000000 -0.532787 -0.223280 -0.690139 -0.036156 0.000000 0.361126 -0.007293 -0.367329 -0.154824 -0.106252 -0.211611 
-0.244736 -0.277153 -0.386489 0.000000 0.000000 -0.509289 -0.204364 -0.631671 -0.080159 0.000000 0.337734 -0.016169 -0.459150 -0.193526 -0.132812 -0.306037 
-0.225529 -0.282568 -0.394039 0.000000 0.000000 -0.463553 -0.186051 -0.575067 -0.159536 0.000000 0.230017 -0.032181 -0.506861 -0.213635 -0.146613 -0.365083 
-0.257780 -0.297072 -0.414265 0.000000 0.000000 -0.438338 -0.173706 -0.536910 -0.272323 0.000000 0.070714 -0.054932 -0.539564 -0.227420 -0.156072 -0.428463 
-0.273336 -0.313307 -0.436905 0.000000 0.000000 -0.393227 -0.160851 -0.497175 -0.342604 0.000000 -0.047807 -0.069109 -0.550622 -0.232080 -0.159271 -0.452132 
-0.269666 -0.318576 -0.444253 0.000000 0.000000 -0.360519 -0.150929 -0.466508 -0.391349 0.000000 -0.112733 -0.078942 -0.563222 -0.237391 -0.162915 -0.466205 
-0.284505 -0.325070 -0.453309 0.000000 0.000000 -0.343968 -0.148035 -0.457564 -0.421536 0.000000 -0.155393 -0.085031 -0.553674 -0.233367 -0.160154 -0.457414 
-0.294704 -0.331569 -0.462371 0.000000 0.000000 -0.335405 -0.146191 -0.451863 -0.432353 0.000000 -0.185088 -0.087213 -0.551879 -0.232610 -0.159634 -0.461183 
-0.298755 -0.339889 -0.473974 0.000000 0.000000 -0.330335 -0.146005 -0.451287 -0.407520 0.000000 -0.189535 -0.082204 -0.548716 -0.231277 -0.158720 -0.464204 
-0.304454 -0.346524 -0.483225 0.000000 0.000000 -0.325617 -0.143820 -0.444535 -0.409937 0.000000 -0.216978 -0.082691 -0.556545 -0.234577 -0.160984 -0.482345 
-0.317368 -0.353687 -0.493215 0.000000 0.000000 -0.319185 -0.146661 -0.453317 -0.386459 0.000000 -0.207617 -0.077955 -0.529487 -0.223172 -0.153157 -0.450559 
-0.319363 -0.353832 -0.493417 0.000000 0.000000 -0.328106 -0.150979 -0.466664 -0.355672 0.000000 -0.175854 -0.071745 -0.517004 -0.217911 -0.149547 -0.435096 
-0.334272 -0.350604 -0.488915 0.000000 0.000000 -0.345148 -0.157451 -0.486667 -0.352343 0.000000 -0.153578 -0.071073 -0.498083 -0.209936 -0.144074 -0.412050 
-0.319110 -0.330969 -0.461535 0.000000 0.000000 -0.365546 -0.161099 -0.497943 -0.371914 0.000000 -0.107649 -0.075021 -0.501353 -0.211314 -0.145019 -0.399676 
-0.306035 -0.318892 -0.444694 0.000000 0.000000 -0.375850 -0.159876 -0.494161 -0.403133 0.000000 -0.104512 -0.081319 -0.521878 -0.219965 -0.150956 -0.418002 
-0.297113 -0.296654 -0.413682 0.000000 0.000000 -0.381348 -0.156747 -0.484490 -0.503247 0.000000 -0.125549 -0.101513 -0.538837 -0.227113 -0.155862 -0.420795 
-0.291627 -0.282335 -0.393715 0.000000 0.000000 -0.373686 -0.148310 -0.458411 -0.620135 0.000000 -0.193859 -0.125092 -0.570642 -0.240519 -0.165062 -0.450554 
-0.266648 -0.262889 -0.366597 0.000000 0.000000 -0.363492 -0.137755 -0.425789 -0.730472 0.000000 -0.245416 -0.147348 -0.614468 -0.258991 -0.177739 -0.487821 
-0.249665 -0.249330 -0.347689 0.000000 0.000000 -0.339565 -0.125912 -0.389182 -0.844605 0.000000 -0.313468 -0.170371 -0.645404 -0.272030 -0.186687 -0.509901 
-0.231213 -0.245898 -0.342903 0.000000 0.000000 -0.306117 -0.113727 -0.351519 -0.914411 0.000000 -0.373660 -0.184452 -0.670011 -0.282402 -0.193805 -0.529567 
-0.201738 -0.241853 -0.337263 0.000000 0.000000 -0.286061 -0.104875 -0.324160 -0.934098 0.000000 -0.390824 -0.188423 -0.698854 -0.294558 -0.202148 -0.555936 
-0.190265 -0.248272 -0.346214 0.000000 0.000000 -0.262192 -0.097657 -0.301849 -0.937752 0.000000 -0.421263 -0.189160 -0.712315 -0.300232 -0.206042 -0.572955 
-0.184435 -0.269471 -0.375776 0.000000 0.000000 -0.239151 -0.092744 -0.286664 -0.872361 0.000000 -0.438238 -0.175970 -0.720279 -0.303589 -0.208345 -0.597823 
-0.197442 -0.312906 -0.436346 0.000000 0.000000 -0.196454 -0.088581 -0.273796 -0.749342 0.000000 -0.465345 -0.151155 -0.700111 -0.295088 -0.202511 -0.601858 
-0.251704 -0.393201 -0.548317 0.000000 0.000000 -0.164797 -0.092447 -0.285745 -0.499608 0.000000 -0.493978 -0.100779 -0.657759 -0.277237 -0.190261 -0.621773 
-0.356995 -0.482603 -0.672988 0.000000 0.000000 -0.135049 -0.105964 -0.327527 -0.252563 0.000000 -0.523921 -0.050946 -0.549285 -0.231517 -0.158884 -0.565191 
-0.489520 -0.532349 -0.742358 0.000000 0.000000 -0.178306 -0.136556 -0.422082 -0.102453 0.000000 -0.497940 -0.020667 -0.420139 -0.177083 -0.121528 -0.465410 
-0.511363 -0.486322 -0.678173 0.000000 0.000000 -0.299594 -0.174022 -0.537887 -0.049597 0.000000 -0.270184 -0.010005 -0.350769 -0.147845 -0.101462 -0.355665 
-0.460463 -0.411191 -0.573404 0.000000 0.000000 -0.407239 -0.199868 -0.617775 -0.045191 0.000000 -0.013750 -0.009116 -0.336022 -0.141629 -0.097196 -0.277614 
-0.392402 -0.353189 -0.492521 0.000000 0.000000 -0.467845 -0.210236 -0.649820 -0.051672 0.000000 0.161148 -0.010423 -0.356279 -0.150167 -0.103056 -0.251395 
-0.338749 -0.319146 -0.445048 0.000000 0.000000 -0.492645 -0.209971 -0.649000 -0.074584 0.000000 0.235622 -0.015045 -0.393870 -0.166011 -0.113929 -0.267953 
-0.281399 -0.290521 -0.405130 0.000000 0.000000 -0.485135 -0.200569 -0.619939 -0.139219 0.000000 0.252620 -0.028083 -0.440086 -0.185491 -0.127298 -0.292937 
-0.282275 -0.288856 -0.402808 0.000000 0.000000 -0.462029 -0.188557 -0.582811 -0.245373 0.000000 0.151074 -0.049496 -0.474651 -0.200060 -0.137296 -0.336469 
-0.290470 -0.278102 -0.387812 0.000000 0.000000 -0.449063 -0.176705 -0.546178 -0.406561 0.000000 0.028613 -0.082010 -0.516305 -0.217616 -0.149344 -0.386097 
-0.291291 -0.260432 -0.363171 0.000000 0.000000 -0.423712 -0.160308 -0.495499 -0.616914 0.000000 -0.116351 -0.124442 -0.564057 -0.237743 -0.163157 -0.432900 
-0.267904 -0.232960 -0.324861 0.000000 0.000000 -0.383041 -0.139632 -0.431591 -0.847249 0.000000 -0.248165 -0.170904 -0.615473 -0.259414 -0.178029 -0.465683 
-0.233759 -0.203324 -0.283535 0.000000 0.000000 -0.353987 -0.119943 -0.370734 -1.053723 0.000000 -0.359241 -0.212554 -0.681383 -0.287194 -0.197094 -0.518424 
-0.200113 -0.180171 -0.251248 0.000000 0.000000 -0.331766 -0.102083 -0.315528 -1.218701 0.000000 -0.457539 -0.245832 -0.750745 -0.316430 -0.217158 -0.584565 
-0.160122 -0.173793 -0.242354 0.000000 0.000000 -0.289377 -0.082950 -0.256390 -1.306727 0.000000 -0.539125 -0.263589 -0.808222 -0.340656 -0.233783 -0.642503 
-0.133968 -0.172871 -0.241067 0.000000 0.000000 -0.247013 -0.068631 -0.212132 -1.364852 0.000000 -0.598802 -0.275313 -0.835585 -0.352189 -0.241698 -0.664441 
-0.091946 -0.186021 -0.259405 0.000000 0.000000 -0.213330 -0.057273 -0.177025 -1.301177 0.000000 -0.604430 -0.262469 -0.872429 -0.367718 -0.252356 -0.712765 
-0.069608 -0.227833 -0.317712 0.000000 0.000000 -0.157093 -0.050987 -0.157597 -1.119235 0.000000 -0.576601 -0.225768 -0.854289 -0.360072 -0.247108 -0.706197 
-0.107659 -0.320732 -0.447259 0.000000 0.000000 -0.090183 -0.048204 -0.148993 -0.830705 0.000000 -0.611920 -0.167567 -0.809376 -0.341142 -0.234117 -0.721241 
-0.234834 -0.476672 -0.664717 0.000000 0.000000 0.000381 -0.054664 -0.168962 -0.405359 0.000000 -0.697009 -0.081768 -0.680742 -0.286924 -0.196909 -0.688513 
-0.499449 -0.646395 -0.901395 0.000000 0.000000 0.051522 -0.079354 -0.245277 -0.096182 0.000000 -0.888164 -0.019402 -0.467982 -0.197249 -0.135367 -0.587687 
-0.661554 -0.657224 -0.916496 0.000000 0.000000 -0.066999 -0.130852 -0.404450 -0.014391 0.000000 -0.776816 -0.002903 -0.298503 -0.125815 -0.086344 -0.417391 
-0.621800 -0.527395 -0.735449 0.000000 0.000000 -0.291756 -0.189927 -0.587047 -0.003492 0.000000 -0.315582 -0.000704 -0.231576 -0.097606 -0.066985 -0.242834 
-0.507749 -0.393094 -0.548167 0.000000 0.000000 -0.467138 -0.228396 -0.705950 -0.003882 0.000000 0.124007 -0.000783 -0.232421 -0.097962 -0.067229 -0.133604 
-0.382647 -0.302080 -0.421249 0.000000 0.000000 -0.544646 -0.240155 -0.742298 -0.007530 0.000000 0.403607 -0.001519 -0.269651 -0.113655 -0.077998 -0.091520 
-0.283843 -0.264295 -0.368558 0.000000 0.000000 -0.559353 -0.230384 -0.712095 -0.017359 0.000000 0.477861 -0.003502 -0.360984 -0.152150 -0.104417 -0.170782 
-0.217089 -0.257323 -0.358836 0.000000 0.000000 -0.533118 -0.211383 -0.653366 -0.044099 0.000000 0.436590 -0.008895 -0.451526 -0.190313 -0.130607 -0.275318 
-0.230374 -0.290767 -0.405473 0.000000 0.000000 -0.484476 -0.190789 -0.589712 -0.097339 0.000000 0.252635 -0.019635 -0.514583 -0.216890 -0.148846 -0.391348 
-0.228302 -0.308492 -0.430191 0.000000 0.000000 -0.430841 -0.175811 -0.543415 -0.136975 0.000000 0.152843 -0.027630 -0.531677 -0.224095 -0.153791 -0.418948 
-0.290322 -0.339006 -0.472742 0.000000 0.000000 -0.408228 -0.170019 -0.525514 -0.197771 0.000000 0.002291 -0.039894 -0.529008 -0.222970 -0.153019 -0.453285 
-0.299362 -0.346741 -0.483529 0.000000 0.000000 -0.373941 -0.165314 -0.510970 -0.223631 0.000000 -0.033985 -0.045110 -0.505159 -0.212918 -0.146120 -0.418339 
-0.320920 -0.352925 -0.492153 0.000000 0.000000 -0.377417 -0.166157 -0.513575 -0.240774 0.000000 -0.067515 -0.048568 -0.502216 -0.211678 -0.145269 -0.426045 
-0.326816 -0.352953 -0.492191 0.000000 0.000000 -0.365889 -0.165188 -0.510582 -0.262302 0.000000 -0.079402 -0.052911 -0.488032 -0.205699 -0.141166 -0.403319 
-0.328143 -0.342909 -0.478184 0.000000 0.000000 -0.382904 -0.167349 -0.517259 -0.291250 0.000000 -0.074737 -0.058750 -0.495290 -0.208759 -0.143266 -0.409192 
-0.319886 -0.340295 -0.474540 0.000000 0.000000 -0.376158 -0.164649 -0.508915 -0.304917 0.000000 -0.081057 -0.061507 -0.502040 -0.211604 -0.145218 -0.412864 
-0.320159 -0.334090 -0.465887 0.000000 0.000000 -0.374593 -0.164323 -0.507907 -0.334920 0.000000 -0.084451 -0.067559 -0.497729 -0.209787 -0.143971 -0.400057 
-0.328028 -0.324715 -0.452814 0.000000 0.000000 -0.392231 -0.165589 -0.511822 -0.383544 0.000000 -0.101012 -0.077367 -0.509586 -0.214784 -0.147401 -0.415107 
-0.304244 -0.307742 -0.429145 0.000000 0.000000 -0.378956 -0.162298 -0.501648 -0.427424 0.000000 -0.081475 -0.086219 -0.506103 -0.213316 -0.146393 -0.384162 
-0.304325 -0.286843 -0.400001 0.000000 0.000000 -0.390806 -0.160041 -0.494673 -0.535856 0.000000 -0.115247 -0.108091 -0.525651 -0.221555 -0.152048 -0.395946 
-0.275545 -0.261037 -0.364015 0.000000 0.000000 -0.389334 -0.149782 -0.462963 -0.662292 0.000000 -0.164172 -0.133595 -0.578814 -0.243963 -0.167425 -0.442312 
-0.262091 -0.247339 -0.344913 0.000000 0.000000 -0.368363 -0.135817 -0.419797 -0.802426 0.000000 -0.261627 -0.161863 -0.625888 -0.263804 -0.181042 -0.489798 
-0.250291 -0.235628 -0.328582 0.000000 0.000000 -0.335468 -0.121328 -0.375015 -0.942099 0.000000 -0.358211 -0.190037 -0.658036 -0.277354 -0.190341 -0.514265 
-0.220921 -0.228303 -0.318368 0.000000 0.000000 -0.308279 -0.107539 -0.332393 -1.016009 0.000000 -0.418866 -0.204946 -0.703310 -0.296437 -0.203437 -0.559856 
-0.196365 -0.229134 -0.319526 0.000000 0.000000 -0.268257 -0.096052 -0.296889 -1.047485 0.000000 -0.455452 -0.211295 -0.717954 -0.302609 -0.207673 -0.565699 
-0.170230 -0.242905 -0.338729 0.000000 0.000000 -0.248889 -0.086993 -0.268888 -0.999903 0.000000 -0.478758 -0.201697 -0.758717 -0.319790 -0.219464 -0.628086 
-0.166057 -0.287549 -0.400986 0.000000 0.000000 -0.205319 -0.082117 -0.253817 -0.837089 0.000000 -0.480002 -0.168855 -0.747799 -0.315188 -0.216305 -0.642711 
-0.197252 -0.356334 -0.496906 0.000000 0.000000 -0.150649 -0.083175 -0.257086 -0.605444 0.000000 -0.477756 -0.122128 -0.686826 -0.289489 -0.198669 -0.612127 
-0.299703 -0.450200 -0.627802 0.000000 0.000000 -0.124613 -0.095901 -0.296421 -0.338878 0.000000 -0.512120 -0.068357 -0.592552 -0.249753 -0.171399 -0.581288 
-0.427688 -0.517705 -0.721937 0.000000 0.000000 -0.140299 -0.121063 -0.374195 -0.145448 0.000000 -0.507638 -0.029339 -0.464906 -0.195952 -0.134477 -0.492559 
-0.518405 -0.520493 -0.725825 0.000000 0.000000 -0.236805 -0.157534 -0.486924 -0.052007 0.000000 -0.392765 -0.010491 -0.369450 -0.155718 -0.106866 -0.401369 
-0.501631 -0.451695 -0.629886 0.000000 0.000000 -0.365304 -0.192051 -0.593612 -0.030411 0.000000 -0.130375 -0.006134 -0.328023 -0.138258 -0.094883 -0.303643 
-0.431797 -0.377386 -0.526264 0.000000 0.000000 -0.455417 -0.211453 -0.653582 -0.030052 0.000000 0.111645 -0.006062 -0.331131 -0.139568 -0.095782 -0.243654 
-0.351820 -0.322439 -0.449639 0.000000 0.000000 -0.494580 -0.215129 -0.664945 -0.049440 0.000000 0.260195 -0.009973 -0.363646 -0.153272 -0.105187 -0.229970 
-0.298460 -0.293922 -0.409872 0.000000 0.000000 -0.515205 -0.208940 -0.645814 -0.097043 0.000000 0.280551 -0.019575 -0.433466 -0.182701 -0.125383 -0.298624 
-0.265533 -0.290918 -0.405684 0.000000 0.000000 -0.465998 -0.190180 -0.587828 -0.184106 0.000000 0.195269 -0.037137 -0.477851 -0.201408 -0.138221 -0.340353 
-0.275544 -0.291069 -0.405895 0.000000 0.000000 -0.450519 -0.180136 -0.556785 -0.287983 0.000000 0.090470 -0.058091 -0.510664 -0.215239 -0.147713 -0.387279 
-0.260278 -0.286080 -0.398937 0.000000 0.000000 -0.406661 -0.163539 -0.505485 -0.407577 0.000000 -0.011083 -0.082215 -0.543475 -0.229068 -0.157203 -0.415519 
-0.261530 -0.279478 -0.389731 0.000000 0.000000 -0.392812 -0.151572 -0.468495 -0.535510 0.000000 -0.120606 -0.108021 -0.589193 -0.248337 -0.170428 -0.473332 
-0.266245 -0.276314 -0.385318 0.000000 0.000000 -0.357465 -0.138080 -0.426793 -0.669061 0.000000 -0.235151 -0.134961 -0.611264 -0.257640 -0.176812 -0.494457 
-0.251651 -0.264829 -0.369303 0.000000 0.000000 -0.331181 -0.128700 -0.397800 -0.759985 0.000000 -0.281637 -0.153302 -0.624188 -0.263087 -0.180550 -0.491810 
-0.232165 -0.265568 -0.370334 0.000000 0.000000 -0.307874 -0.119232 -0.368535 -0.787468 0.000000 -0.320308 -0.158846 -0.651250 -0.274494 -0.188378 -0.521692 
-0.231693 -0.277858 -0.387472 0.000000 0.000000 -0.282532 -0.111379 -0.344264 -0.796762 0.000000 -0.375462 -0.160720 -0.666143 -0.280771 -0.192686 -0.548764 
-0.218692 -0.297864 -0.415370 0.000000 0.000000 -0.253091 -0.107506 -0.332290 -0.711324 0.000000 -0.364489 -0.143486 -0.659471 -0.277959 -0.190756 -0.547368 
-0.239502 -0.339877 -0.473957 0.000000 0.000000 -0.226890 -0.108176 -0.334362 -0.573758 0.000000 -0.371432 -0.115737 -0.632786 -0.266712 -0.183037 -0.546679 
-0.291394 -0.385331 -0.537342 0.000000 0.000000 -0.232985 -0.117955 -0.364590 -0.420823 0.000000 -0.370820 -0.084887 -0.594011 -0.250368 -0.171821 -0.547534 
-0.338945 -0.422275 -0.588860 0.000000 0.000000 -0.241654 -0.129715 -0.400936 -0.278400 0.000000 -0.346054 -0.056158 -0.543694 -0.229160 -0.157267 -0.522649 
-0.407816 -0.453372 -0.632225 0.000000 0.000000 -0.261935 -0.147877 -0.457073 -0.159523 0.000000 -0.308129 -0.032178 -0.462680 -0.195014 -0.133833 -0.454734 
-0.438374 -0.440269 -0.613954 0.000000 0.000000 -0.327457 -0.171555 -0.530260 -0.096593 0.000000 -0.184825 -0.019484 -0.405499 -0.170913 -0.117293 -0.382172 
-0.427109 -0.405698 -0.565744 0.000000 0.000000 -0.392122 -0.190020 -0.587334 -0.070061 0.000000 -0.036814 -0.014132 -0.379029 -0.159756 -0.109636 -0.324052 
-0.386135 -0.356219 -0.496745 0.000000 0.000000 -0.449412 -0.201338 -0.622316 -0.095726 0.000000 0.100693 -0.019309 -0.384646 -0.162123 -0.111261 -0.289932 
-0.338301 -0.325973 -0.454568 0.000000 0.000000 -0.462672 -0.198806 -0.614491 -0.134212 0.000000 0.151186 -0.027073 -0.418116 -0.176231 -0.120943 -0.302323 
-0.310811 -0.308141 -0.429701 0.000000 0.000000 -0.458134 -0.192251 -0.594232 -0.199427 0.000000 0.139501 -0.040228 -0.448618 -0.189087 -0.129766 -0.322399 
-0.278209 -0.293338 -0.409058 0.000000 0.000000 -0.438922 -0.180020 -0.556426 -0.285402 0.000000 0.093217 -0.057570 -0.493664 -0.208073 -0.142795 -0.361791 
-0.271627 -0.288647 -0.402516 0.000000 0.000000 -0.416091 -0.166091 -0.513373 -0.402553 0.000000 -0.013911 -0.081202 -0.540780 -0.227932 -0.156424 -0.419268 
-0.260373 -0.272374 -0.379825 0.000000 0.000000 -0.386931 -0.152358 -0.470926 -0.557063 0.000000 -0.107503 -0.112369 -0.571360 -0.240821 -0.165269 -0.438113 
-0.263359 -0.259206 -0.361462 0.000000 0.000000 -0.370944 -0.141548 -0.437511 -0.708026 0.000000 -0.208397 -0.142821 -0.602263 -0.253847 -0.174208 -0.467395 
-0.246629 -0.256778 -0.358076 0.000000 0.000000 -0.333123 -0.126802 -0.391935 -0.798204 0.000000 -0.293350 -0.161011 -0.635424 -0.267823 -0.183800 -0.499931 
-0.217979 -0.249663 -0.348154 0.000000 0.000000 -0.300206 -0.115611 -0.357342 -0.851939 0.000000 -0.325830 -0.171850 -0.656031 -0.276509 -0.189761 -0.507815 
-0.205284 -0.257575 -0.359188 0.000000 0.000000 -0.281126 -0.106564 -0.329379 -0.861047 0.000000 -0.375094 -0.173688 -0.689274 -0.290520 -0.199377 -0.556601 
-0.198300 -0.283403 -0.395204 0.000000 0.000000 -0.247871 -0.099679 -0.308100 -0.788921 0.000000 -0.400951 -0.159139 -0.696204 -0.293441 -0.201381 -0.581416 
-0.225509 -0.320367 -0.446750 0.000000 0.000000 -0.223877 -0.101138 -0.312608 -0.681746 0.000000 -0.414445 -0.137520 -0.663128 -0.279500 -0.191814 -0.568440 
-0.281868 -0.387864 -0.540875 0.000000 0.000000 -0.207431 -0.107996 -0.333805 -0.467917 0.000000 -0.430869 -0.094387 -0.618310 -0.260610 -0.178850 -0.576819 
-0.367460 -0.452014 -0.630332 0.000000 0.000000 -0.202979 -0.123875 -0.382887 -0.264337 0.000000 -0.423303 -0.053321 -0.526599 -0.221955 -0.152322 -0.522604 
-0.450519 -0.481172 -0.670992 0.000000 0.000000 -0.245957 -0.146769 -0.453649 -0.148925 0.000000 -0.382687 -0.030041 -0.446993 -0.188402 -0.129296 -0.464377 
-0.463896 -0.457930 -0.638581 0.000000 0.000000 -0.312131 -0.170468 -0.526900 -0.089187 0.000000 -0.229174 -0.017990 -0.390242 -0.164482 -0.112880 -0.378667 
-0.434496 -0.403946 -0.563301 0.000000 0.000000 -0.390567 -0.193095 -0.596838 -0.070128 0.000000 -0.019730 -0.014146 -0.354668 -0.149488 -0.102590 -0.287545 
-0.398991 -0.357642 -0.498730 0.000000 0.000000 -0.456693 -0.205261 -0.634442 -0.088102 0.000000 0.109761 -0.017772 -0.369171 -0.155601 -0.106785 -0.273387 
-0.338462 -0.318480 -0.444119 0.000000 0.000000 -0.479024 -0.203671 -0.629530 -0.127612 0.000000 0.185132 -0.025741 -0.410008 -0.172813 -0.118597 -0.287460 
-0.304300 -0.296548 -0.413535 0.000000 0.000000 -0.476474 -0.194989 -0.602694 -0.212003 0.000000 0.163157 -0.042765 -0.456119 -0.192248 -0.131935 -0.325632 
-0.282541 -0.280354 -0.390952 0.000000 0.000000 -0.455713 -0.181672 -0.561530 -0.338181 0.000000 0.087092 -0.068217 -0.500873 -0.211112 -0.144881 -0.365368 
-0.255622 -0.249456 -0.347866 0.000000 0.000000 -0.435577 -0.165341 -0.511054 -0.539919 0.000000 -0.011345 -0.108911 -0.557537 -0.234995 -0.161271 -0.407332 
-0.254925 -0.235025 -0.327742 0.000000 0.000000 -0.397075 -0.143718 -0.444219 -0.774932 0.000000 -0.194271 -0.156317 -0.618458 -0.260672 -0.178893 -0.472868 
-0.250339 -0.216553 -0.301981 0.000000 0.000000 -0.355611 -0.126166 -0.389968 -0.985396 0.000000 -0.328786 -0.198771 -0.649129 -0.273600 -0.187764 -0.487924 
-0.219852 -0.198427 -0.276705 0.000000 0.000000 -0.329052 -0.109737 -0.339188 -1.124545 0.000000 -0.415096 -0.226839 -0.705097 -0.297190 -0.203954 -0.538713 
-0.179931 -0.191481 -0.267020 0.000000 0.000000 -0.292147 -0.091121 -0.281646 -1.211013 0.000000 -0.495903 -0.244282 -0.767737 -0.323592 -0.222073 -0.605255 
-0.142412 -0.191053 -0.266423 0.000000 0.000000 -0.255496 -0.078027 -0.241173 -1.230467 0.000000 -0.526660 -0.248206 -0.800762 -0.337511 -0.231625 -0.634936 
-0.110986 -0.203348 -0.283568 0.000000 0.000000 -0.211876 -0.067702 -0.209260 -1.187025 0.000000 -0.534814 -0.239443 -0.811885 -0.342199 -0.234843 -0.644154 
-0.103644 -0.239186 -0.333543 0.000000 0.000000 -0.183157 -0.060688 -0.187581 -1.071914 0.000000 -0.563068 -0.216223 -0.832791 -0.351011 -0.240890 -0.700571 
-0.116884 -0.316468 -0.441314 0.000000 0.000000 -0.123117 -0.059300 -0.183291 -0.781206 0.000000 -0.545977 -0.157582 -0.789036 -0.332569 -0.228234 -0.698094 
-0.235247 -0.456439 -0.636503 0.000000 0.000000 -0.051977 -0.065770 -0.203288 -0.403866 0.000000 -0.631091 -0.081467 -0.684065 -0.288325 -0.197870 -0.687991 
-0.459641 -0.600808 -0.837825 0.000000 0.000000 -0.018466 -0.089415 -0.276372 -0.117909 0.000000 -0.773929 -0.023784 -0.503086 -0.212044 -0.145521 -0.604777 
-0.618070 -0.623073 -0.868872 0.000000 0.000000 -0.111198 -0.135135 -0.417689 -0.024859 0.000000 -0.690435 -0.005015 -0.335841 -0.141553 -0.097144 -0.441153 
-0.581377 -0.514032 -0.716815 0.000000 0.000000 -0.294119 -0.184603 -0.570592 -0.009151 0.000000 -0.292507 -0.001846 -0.272427 -0.114824 -0.078801 -0.281541 
-0.495669 -0.398780 -0.556096 0.000000 0.000000 -0.456106 -0.221126 -0.683479 -0.009713 0.000000 0.087432 -0.001959 -0.266115 -0.112164 -0.076976 -0.183340 
-0.395189 -0.321268 -0.448007 0.000000 0.000000 -0.526960 -0.232401 -0.718330 -0.016863 0.000000 0.322244 -0.003401 -0.295879 -0.124709 -0.085585 -0.147335 
-0.292271 -0.274893 -0.383337 0.000000 0.000000 -0.545889 -0.224457 -0.693777 -0.039294 0.000000 0.417034 -0.007926 -0.379048 -0.159764 -0.109642 -0.206247 
-0.232235 -0.268454 -0.374358 0.000000 0.000000 -0.512271 -0.204197 -0.631154 -0.089666 0.000000 0.356001 -0.018087 -0.463693 -0.195441 -0.134126 -0.302135 
-0.234148 -0.288641 -0.402508 0.000000 0.000000 -0.474461 -0.184809 -0.571229 -0.163608 0.000000 0.194777 -0.033002 -0.532253 -0.224338 -0.153957 -0.413623 
-0.253282 -0.304444 -0.424545 0.000000 0.000000 -0.436255 -0.172375 -0.532796 -0.240747 0.000000 0.068668 -0.048563 -0.550185 -0.231896 -0.159144 -0.449771 
-0.275346 -0.316652 -0.441569 0.000000 0.000000 -0.388507 -0.160364 -0.495672 -0.336835 0.000000 -0.052337 -0.067945 -0.547488 -0.230759 -0.158364 -0.449949 
-0.298372 -0.331533 -0.462321 0.000000 0.000000 -0.360766 -0.154860 -0.478657 -0.371168 0.000000 -0.126208 -0.074871 -0.538418 -0.226937 -0.155741 -0.448952 
-0.301250 -0.331355 -0.462073 0.000000 0.000000 -0.353504 -0.154394 -0.477219 -0.382442 0.000000 -0.130776 -0.077145 -0.528772 -0.222871 -0.152951 -0.433197 
-0.313892 -0.331660 -0.462498 0.000000 0.000000 -0.361457 -0.156371 -0.483330 -0.394839 0.000000 -0.140836 -0.079646 -0.525431 -0.221463 -0.151984 -0.433683 
-0.311663 -0.316037 -0.440712 0.000000 0.000000 -0.361116 -0.156572 -0.483950 -0.455293 0.000000 -0.136697 -0.091840 -0.515038 -0.217082 -0.148978 -0.402412 
-0.304951 -0.300942 -0.419662 0.000000 0.000000 -0.361908 -0.152413 -0.471096 -0.538126 0.000000 -0.167401 -0.108549 -0.534362 -0.225227 -0.154568 -0.414929 
-0.286455 -0.281484 -0.392528 0.000000 0.000000 -0.359045 -0.146248 -0.452041 -0.628300 0.000000 -0.193671 -0.126739 -0.561226 -0.236550 -0.162338 -0.430583 
-0.274040 -0.261019 -0.363990 0.000000 0.000000 -0.362723 -0.138447 -0.427927 -0.750291 0.000000 -0.252137 -0.151346 -0.605570 -0.255240 -0.175165 -0.474350 
-0.254458 -0.249514 -0.347946 0.000000 0.000000 -0.336905 -0.125783 -0.388782 -0.856100 0.000000 -0.321661 -0.172690 -0.640550 -0.269984 -0.185283 -0.503302 
-0.232398 -0.243336 -0.339331 0.000000 0.000000 -0.313129 -0.113803 -0.351756 -0.927610 0.000000 -0.380633 -0.187114 -0.678621 -0.286030 -0.196295 -0.541997 
-0.205407 -0.243432 -0.339465 0.000000 0.000000 -0.276524 -0.100804 -0.311576 -0.968744 0.000000 -0.430030 -0.195412 -0.708061 -0.298439 -0.204811 -0.569389 
-0.198279 -0.262390 -0.365901 0.000000 0.000000 -0.248082 -0.094160 -0.291039 -0.923936 0.000000 -0.457795 -0.186373 -0.717016 -0.302213 -0.207401 -0.591763 
-0.194370 -0.297061 -0.414250 0.000000 0.000000 -0.209807 -0.091763 -0.283630 -0.784724 0.000000 -0.440754 -0.158292 -0.693465 -0.292287 -0.200589 -0.579442 
-0.228031 -0.354214 -0.493950 0.000000 0.000000 -0.186889 -0.095393 -0.294852 -0.588214 0.000000 -0.443044 -0.118653 -0.659069 -0.277789 -0.190640 -0.586046 
-0.304444 -0.428819 -0.597987 0.000000 0.000000 -0.168266 -0.104954 -0.324403 -0.369042 0.000000 -0.467921 -0.074442 -0.592336 -0.249662 -0.171337 -0.573048 
-0.415363 -0.489710 -0.682899 0.000000 0.000000 -0.179684 -0.126401 -0.390693 -0.194018 0.000000 -0.465501 -0.039137 -0.481881 -0.203107 -0.139387 -0.498146 
-0.474758 -0.488319 -0.680958 0.000000 0.000000 -0.252747 -0.156597 -0.484026 -0.095722 0.000000 -0.336401 -0.019309 -0.395034 -0.166502 -0.114266 -0.401906 
-0.461956 -0.437150 -0.609604 0.000000 0.000000 -0.349203 -0.183387 -0.566832 -0.069882 0.000000 -0.130203 -0.014096 -0.359012 -0.151319 -0.103847 -0.321671 
-0.421545 -0.381146 -0.531506 0.000000 0.000000 -0.432563 -0.201418 -0.622565 -0.070785 0.000000 0.051298 -0.014279 -0.361126 -0.152210 -0.104458 -0.283187 
-0.369657 -0.338754 -0.472390 0.000000 0.000000 -0.460296 -0.205772 -0.636021 -0.096521 0.000000 0.164018 -0.019470 -0.370005 -0.155953 -0.107026 -0.250239 
-0.326313 -0.311870 -0.434902 0.000000 0.000000 -0.474858 -0.201058 -0.621453 -0.148667 0.000000 0.184496 -0.029989 -0.419160 -0.176671 -0.121245 -0.290576 
-0.287254 -0.285242 -0.397768 0.000000 0.000000 -0.469804 -0.190878 -0.589986 -0.253898 0.000000 0.158190 -0.051216 -0.469116 -0.197727 -0.135695 -0.328021 
-0.261356 -0.264455 -0.368782 0.000000 0.000000 -0.454854 -0.174082 -0.538070 -0.418217 0.000000 0.051022 -0.084361 -0.542454 -0.228638 -0.156908 -0.406215 
-0.243543 -0.250706 -0.349608 0.000000 0.000000 -0.401054 -0.152876 -0.472527 -0.606764 0.000000 -0.084643 -0.122394 -0.582889 -0.245680 -0.168604 -0.433891 
-0.259352 -0.234271 -0.326690 0.000000 0.000000 -0.382392 -0.137916 -0.426285 -0.835380 0.000000 -0.248297 -0.168510 -0.628341 -0.264838 -0.181752 -0.483830 
-0.237464 -0.215012 -0.299834 0.000000 0.000000 -0.347209 -0.119950 -0.370753 -1.011981 0.000000 -0.359388 -0.204134 -0.676529 -0.285148 -0.195690 -0.521682 
-0.208337 -0.200483 -0.279572 0.000000 0.000000 -0.313442 -0.101976 -0.315197 -1.151283 0.000000 -0.457441 -0.232233 -0.732169 -0.308600 -0.211784 -0.573857 
-0.168584 -0.194703 -0.271513 0.000000 0.000000 -0.275148 -0.088405 -0.273251 -1.192413 0.000000 -0.488269 -0.240530 -0.763008 -0.321598 -0.220705 -0.594109 
-0.139767 -0.199542 -0.278260 0.000000 0.000000 -0.245896 -0.075533 -0.233467 -1.207778 0.000000 -0.537700 -0.243629 -0.806614 -0.339978 -0.233318 -0.648659 
-0.128101 -0.230540 -0.321487 0.000000 0.000000 -0.211230 -0.068168 -0.210702 -1.106212 0.000000 -0.557672 -0.223141 -0.818822 -0.345123 -0.236849 -0.684840 
-0.128071 -0.284533 -0.396781 0.000000 0.000000 -0.160472 -0.065308 -0.201860 -0.896563 0.000000 -0.540367 -0.180852 -0.788801 -0.332470 -0.228166 -0.679338 
-0.170674 -0.376022 -0.524361 0.000000 0.000000 -0.092051 -0.067597 -0.208937 -0.583959 0.000000 -0.534027 -0.117794 -0.708795 -0.298748 -0.205023 -0.641711 
-0.344335 -0.515508 -0.718874 0.000000 0.000000 -0.051220 -0.084351 -0.260721 -0.255539 0.000000 -0.644439 -0.051546 -0.571311 -0.240801 -0.165255 -0.604224 
-0.534973 -0.594842 -0.829505 0.000000 0.000000 -0.099612 -0.120348 -0.371984 -0.070766 0.000000 -0.673899 -0.014275 -0.416609 -0.175595 -0.120507 -0.510586 
-0.580379 -0.538985 -0.751612 0.000000 0.000000 -0.248720 -0.169148 -0.522821 -0.024069 0.000000 -0.402182 -0.004855 -0.309280 -0.130358 -0.089461 -0.348044 
-0.527620 -0.442584 -0.617182 0.000000 0.000000 -0.405372 -0.206871 -0.639421 -0.011032 0.000000 -0.067028 -0.002225 -0.287949 -0.121367 -0.083291 -0.252294 
-0.415700 -0.354694 -0.494619 0.000000 0.000000 -0.486861 -0.220930 -0.682876 -0.013552 0.000000 0.206201 -0.002734 -0.315202 -0.132854 -0.091174 -0.202600 
-0.314716 -0.301703 -0.420723 0.000000 0.000000 -0.512256 -0.218758 -0.676160 -0.022431 0.000000 0.347595 -0.004525 -0.369270 -0.155643 -0.106814 -0.214103 
-0.267309 -0.290232 -0.404727 0.000000 0.000000 -0.507281 -0.207592 -0.641647 -0.050724 0.000000 0.330109 -0.010232 -0.437103 -0.184233 -0.126435 -0.290916 
-0.255811 -0.303280 -0.422923 0.000000 0.000000 -0.476863 -0.192997 -0.596536 -0.085296 0.000000 0.234097 -0.017206 -0.488589 -0.205934 -0.141327 -0.368989 
-0.275239 -0.324160 -0.452040 0.000000 0.000000 -0.442765 -0.181205 -0.560089 -0.136076 0.000000 0.111534 -0.027449 -0.512064 -0.215829 -0.148118 -0.419494 
-0.285468 -0.337140 -0.470140 0.000000 0.000000 -0.415215 -0.173937 -0.537622 -0.162811 0.000000 0.043950 -0.032842 -0.516925 -0.217878 -0.149524 -0.434313 
-0.299461 -0.345497 -0.481794 0.000000 0.000000 -0.386621 -0.168775 -0.521667 -0.201301 0.000000 -0.010023 -0.040606 -0.503498 -0.212218 -0.145640 -0.418126 
-0.311936 -0.348035 -0.485334 0.000000 0.000000 -0.381059 -0.167221 -0.516865 -0.232171 0.000000 -0.043835 -0.046833 -0.501541 -0.211393 -0.145074 -0.419139 
-0.323124 -0.346810 -0.483625 0.000000 0.000000 -0.387542 -0.168798 -0.521739 -0.250975 0.000000 -0.054198 -0.050626 -0.497852 -0.209838 -0.144007 -0.416871 
-0.328471 -0.351821 -0.490612 0.000000 0.000000 -0.374551 -0.166133 -0.513502 -0.263440 0.000000 -0.079807 -0.053140 -0.494730 -0.208523 -0.143104 -0.414878 
-0.325477 -0.342598 -0.477751 0.000000 0.000000 -0.383083 -0.166904 -0.515885 -0.289920 0.000000 -0.074283 -0.058482 -0.498925 -0.210291 -0.144317 -0.413694 
-0.333436 -0.340802 -0.475247 0.000000 0.000000 -0.385818 -0.165407 -0.511259 -0.328402 0.000000 -0.105872 -0.066244 -0.508513 -0.214332 -0.147091 -0.428764 
-0.313955 -0.326973 -0.455962 0.000000 0.000000 -0.379936 -0.163452 -0.505214 -0.358052 0.000000 -0.086313 -0.072225 -0.509089 -0.214575 -0.147257 -0.409923 
-0.306092 -0.322763 -0.450091 0.000000 0.000000 -0.370474 -0.158279 -0.489225 -0.399474 0.000000 -0.115658 -0.080581 -0.525335 -0.221422 -0.151956 -0.425459 
-0.305504 -0.314220 -0.438179 0.000000 0.000000 -0.364096 -0.156139 -0.482610 -0.452163 0.000000 -0.131907 -0.091209 -0.523236 -0.220537 -0.151349 -0.412138 
-0.306402 -0.308723 -0.430512 0.000000 0.000000 -0.355770 -0.153760 -0.475257 -0.497150 0.000000 -0.151388 -0.100284 -0.520857 -0.219535 -0.150661 -0.401198 
-0.304442 -0.289580 -0.403818 0.000000 0.000000 -0.360283 -0.151231 -0.467443 -0.595417 0.000000 -0.178383 -0.120106 -0.532247 -0.224336 -0.153956 -0.400140 
-0.286091 -0.263628 -0.367628 0.000000 0.000000 -0.370278 -0.144826 -0.447644 -0.715859 0.000000 -0.217649 -0.144401 -0.576772 -0.243102 -0.166835 -0.439135 
-0.278364 -0.244165 -0.340487 0.000000 0.000000 -0.355063 -0.131811 -0.407416 -0.886600 0.000000 -0.321568 -0.178842 -0.621830 -0.262094 -0.179868 -0.480918 
-0.240002 -0.222409 -0.310149 0.000000 0.000000 -0.342278 -0.120450 -0.372301 -0.982012 0.000000 -0.354537 -0.198088 -0.669405 -0.282146 -0.193630 -0.517616 
-0.209982 -0.212893 -0.296879 0.000000 0.000000 -0.311286 -0.105789 -0.326984 -1.070881 0.000000 -0.419998 -0.216015 -0.712838 -0.300452 -0.206193 -0.557153 
-0.184268 -0.215901 -0.301073 0.000000 0.000000 -0.277176 -0.092335 -0.285400 -1.106121 0.000000 -0.477590 -0.223123 -0.750235 -0.316215 -0.217010 -0.600145 
-0.149357 -0.224702 -0.313346 0.000000 0.000000 -0.244271 -0.081777 -0.252764 -1.071464 0.000000 -0.489937 -0.216132 -0.778633 -0.328184 -0.225224 -0.633621 
-0.142818 -0.255682 -0.356547 0.000000 0.000000 -0.195493 -0.074756 -0.231064 -0.979256 0.000000 -0.505770 -0.197532 -0.764962 -0.322422 -0.221270 -0.628850 
-0.165215 -0.318591 -0.444273 0.000000 0.000000 -0.152555 -0.072546 -0.224234 -0.778601 0.000000 -0.528347 -0.157057 -0.741327 -0.312460 -0.214433 -0.648924 
-0.236577 -0.426092 -0.594183 0.000000 0.000000 -0.093506 -0.076795 -0.237368 -0.448733 0.000000 -0.561103 -0.090517 -0.664474 -0.280067 -0.192203 -0.640926 
-0.418501 -0.550903 -0.768232 0.000000 0.000000 -0.065651 -0.097944 -0.302736 -0.167464 0.000000 -0.655911 -0.033780 -0.509436 -0.214721 -0.147357 -0.568542 
-0.577010 -0.588830 -0.821120 0.000000 0.000000 -0.145286 -0.138214 -0.427207 -0.051129 0.000000 -0.612944 -0.010314 -0.363699 -0.153295 -0.105202 -0.448582 
-0.588757 -0.513102 -0.715518 0.000000 0.000000 -0.310678 -0.185782 -0.574235 -0.020966 0.000000 -0.305241 -0.004229 -0.288350 -0.121536 -0.083407 -0.310492 
-0.482574 -0.399201 -0.556684 0.000000 0.000000 -0.439841 -0.216294 -0.668546 -0.016163 0.000000 0.077857 -0.003260 -0.274139 -0.115546 -0.079297 -0.188161 
-0.390780 -0.328842 -0.458569 0.000000 0.000000 -0.507711 -0.226023 -0.698617 -0.025359 0.000000 0.284224 -0.005115 -0.309961 -0.130645 -0.089658 -0.169360 
-0.299691 -0.283453 -0.395273 0.000000 0.000000 -0.520633 -0.220927 -0.682866 -0.048310 0.000000 0.388863 -0.009745 -0.363340 -0.153143 -0.105098 -0.186219 
-0.263450 -0.273374 -0.381218 0.000000 0.000000 -0.520062 -0.209986 -0.649046 -0.094997 0.000000 0.349315 -0.019162 -0.433916 -0.182890 -0.125513 -0.272287 
-0.234635 -0.272515 -0.380021 0.000000 0.000000 -0.482160 -0.189435 -0.585527 -0.196911 0.000000 0.231010 -0.039720 -0.506719 -0.213576 -0.146572 -0.362251 
-0.247486 -0.282866 -0.394455 0.000000 0.000000 -0.439265 -0.171335 -0.529581 -0.328508 0.000000 0.064124 -0.066266 -0.550082 -0.231853 -0.159115 -0.427995 
-0.263781 -0.284999 -0.397430 0.000000 0.000000 -0.410082 -0.160082 -0.494798 -0.448346 0.000000 -0.053892 -0.090439 -0.567794 -0.239318 -0.164238 -0.452243 
-0.262111 -0.287904 -0.401481 0.000000 0.000000 -0.364084 -0.145791 -0.450626 -0.547218 0.000000 -0.155642 -0.110383 -0.583694 -0.246020 -0.168837 -0.465761 
-0.273867 -0.288765 -0.402682 0.000000 0.000000 -0.352266 -0.138845 -0.429159 -0.627122 0.000000 -0.236276 -0.126501 -0.603504 -0.254369 -0.174567 -0.495509 
-0.251289 -0.283499 -0.395338 0.000000 0.000000 -0.324189 -0.130272 -0.402660 -0.666008 0.000000 -0.257849 -0.134345 -0.615123 -0.259267 -0.177928 -0.494635 
-0.242141 -0.292309 -0.407624 0.000000 0.000000 -0.290564 -0.122260 -0.377893 -0.671238 0.000000 -0.292853 -0.135400 -0.618739 -0.260791 -0.178974 -0.497316 
-0.256391 -0.314693 -0.438838 0.000000 0.000000 -0.284257 -0.121325 -0.375006 -0.615776 0.000000 -0.320607 -0.124212 -0.623235 -0.262686 -0.180275 -0.527483 
-0.266328 -0.345177 -0.481348 0.000000 0.000000 -0.254122 -0.120073 -0.371136 -0.517876 0.000000 -0.324805 -0.104464 -0.598540 -0.252277 -0.173131 -0.514849 
-0.296630 -0.376223 -0.524642 0.000000 0.000000 -0.250080 -0.127335 -0.393581 -0.396662 0.000000 -0.303154 -0.080013 -0.557372 -0.234926 -0.161223 -0.490241 
-0.341809 -0.403388 -0.562523 0.000000 0.000000 -0.269244 -0.140628 -0.434668 -0.278412 0.000000 -0.268130 -0.056160 -0.509214 -0.214627 -0.147293 -0.461282 
-0.378855 -0.409068 -0.570444 0.000000 0.000000 -0.313248 -0.156610 -0.484067 -0.211913 0.000000 -0.213107 -0.042746 -0.473626 -0.199628 -0.136999 -0.434773 
-0.395941 -0.395217 -0.551128 0.000000 0.000000 -0.356997 -0.172642 -0.533622 -0.182298 0.000000 -0.123020 -0.036773 -0.432128 -0.182137 -0.124996 -0.375645 
-0.383305 -0.371374 -0.517879 0.000000 0.000000 -0.399001 -0.183011 -0.565670 -0.171685 0.000000 -0.032876 -0.034632 -0.425597 -0.179384 -0.123106 -0.351092 
-0.361397 -0.344895 -0.480955 0.000000 0.000000 -0.428220 -0.186560 -0.576641 -0.205701 0.000000 0.017267 -0.041493 -0.441386 -0.186039 -0.127674 -0.351391 
-0.323924 -0.316491 -0.441345 0.000000 0.000000 -0.437118 -0.183509 -0.567208 -0.264764 0.000000 0.046765 -0.053407 -0.468854 -0.197616 -0.135619 -0.357931 
-0.306128 -0.298344 -0.416039 0.000000 0.000000 -0.426511 -0.177000 -0.547090 -0.353708 0.000000 0.021793 -0.071349 -0.486201 -0.204928 -0.140637 -0.358840 
-0.283684 -0.270316 -0.376954 0.000000 0.000000 -0.417106 -0.167214 -0.516842 -0.500771 0.000000 -0.028756 -0.101014 -0.520682 -0.219461 -0.150610 -0.374711 
-0.286681 -0.251817 -0.351157 0.000000 0.000000 -0.401830 -0.152599 -0.471669 -0.705428 0.000000 -0.167976 -0.142297 -0.572330 -0.241230 -0.165550 -0.429720 
-0.263504 -0.217519 -0.303330 0.000000 0.000000 -0.374236 -0.134964 -0.417161 -0.941139 0.000000 -0.281193 -0.189843 -0.621833 -0.262095 -0.179869 -0.456601 
-0.238420 -0.186638 -0.260266 0.000000 0.000000 -0.353008 -0.114881 -0.355086 -1.177442 0.000000 -0.418906 -0.237510 -0.698661 -0.294477 -0.202092 -0.528552 
-0.196692 -0.167816 -0.234019 0.000000 0.000000 -0.317035 -0.095431 -0.294970 -1.317612 0.000000 -0.506904 -0.265784 -0.761214 -0.320842 -0.220186 -0.583199 
-0.164403 -0.152572 -0.212761 0.000000 0.000000 -0.287844 -0.078057 -0.241267 -1.447774 0.000000 -0.596716 -0.292040 -0.820980 -0.346033 -0.237474 -0.641267 
-0.121352 -0.148398 -0.206940 0.000000 0.000000 -0.256849 -0.062472 -0.193095 -1.490498 0.000000 -0.646095 -0.300658 -0.877308 -0.369774 -0.253767 -0.702008 
-0.076594 -0.162064 -0.225998 0.000000 0.000000 -0.210383 -0.050091 -0.154827 -1.426400 0.000000 -0.647079 -0.287729 -0.901401 -0.379929 -0.260736 -0.727832 
-0.042038 -0.188857 -0.263360 0.000000 0.000000 -0.174689 -0.041535 -0.128380 -1.298802 0.000000 -0.635813 -0.261990 -0.923996 -0.389453 -0.267272 -0.769583 
-0.047490 -0.263156 -0.366970 0.000000 0.000000 -0.098341 -0.036585 -0.113082 -1.031295 0.000000 -0.627191 -0.208029 -0.876693 -0.369515 -0.253589 -0.752658 
-0.122475 -0.406576 -0.566969 0.000000 0.000000 0.001219 -0.036969 -0.114267 -0.586349 0.000000 -0.669332 -0.118276 -0.779899 -0.328718 -0.225591 -0.740102 
-0.398461 -0.631699 -0.880902 0.000000 0.000000 0.110033 -0.049847 -0.154073 -0.160563 0.000000 -0.946080 -0.032388 -0.577176 -0.243272 -0.166952 -0.695379 
-0.700530 -0.762053 -1.062679 0.000000 0.000000 0.114145 -0.085611 -0.264615 -0.019494 0.000000 -1.141162 -0.003932 -0.335940 -0.141595 -0.097173 -0.535354 
-0.741643 -0.665401 -0.927899 0.000000 0.000000 -0.108444 -0.151239 -0.467465 -0.002585 0.000000 -0.762813 -0.000521 -0.219904 -0.092687 -0.063609 -0.338816 
