0.000290 -0.399807 0.400193 0.299772 0.099468 -0.300228 -0.299430 0.300570 -0.098669 
-0.080534 -0.356960 0.357318 0.351557 0.085704 -0.352077 -0.270431 0.271509 -0.003913 
-0.091701 -0.296482 0.296792 0.391487 -0.003499 -0.392051 -0.299132 0.300282 0.096452 
-0.003130 -0.261725 0.262009 0.363442 -0.098773 -0.363974 -0.359524 0.360846 0.102989 
0.110258 -0.282470 0.282772 0.289726 -0.117754 -0.290180 -0.399113 0.400569 0.008375 
0.109200 -0.355236 0.355592 0.257868 -0.012130 -0.258284 -0.366288 0.367636 -0.096211 
-0.005824 -0.413451 0.413851 0.291767 0.127224 -0.292217 -0.285333 0.286443 -0.120290 
-0.135161 -0.360167 0.360529 0.375023 0.120080 -0.375573 -0.239331 0.240325 0.016476 
-0.140810 -0.272219 0.272511 0.428885 -0.016029 -0.429495 -0.287438 0.288554 0.158185 
0.016146 -0.243730 0.244002 0.363054 -0.135643 -0.363586 -0.378365 0.379741 0.120557 
0.151011 -0.307152 0.307470 0.264179 -0.108313 -0.264601 -0.414307 0.415791 -0.041898 
0.086809 -0.393038 0.393430 0.244052 0.061858 -0.244456 -0.330149 0.331405 -0.147771 
-0.069334 -0.395897 0.396293 0.317867 0.147105 -0.318356 -0.247981 0.249009 -0.076506 
-0.135408 -0.320753 0.321085 0.392383 0.063572 -0.392957 -0.256402 0.257448 0.073203 
-0.070744 -0.262132 0.262420 0.391141 -0.058441 -0.391711 -0.319682 0.320902 0.130395 
0.076066 -0.260095 0.260383 0.314607 -0.130786 -0.315091 -0.389807 0.391243 0.055667 
0.144295 -0.326016 0.326354 0.248301 -0.066876 -0.248711 -0.391749 0.393189 -0.076625 
0.044112 -0.389309 0.389699 0.263550 0.081349 -0.263978 -0.306991 0.308187 -0.124470 
-0.062355 -0.385159 0.385545 0.320272 0.126986 -0.320764 -0.257346 0.258400 -0.063393 
-0.128248 -0.318506 0.318842 0.381901 0.064645 -0.382469 -0.253079 0.254127 0.064959 
-0.051771 -0.253117 0.253407 0.361716 -0.057011 -0.362274 -0.309221 0.310457 0.109961 
0.056307 -0.250037 0.250325 0.308769 -0.115245 -0.309263 -0.364231 0.365639 0.059913 
0.115003 -0.298477 0.298805 0.254214 -0.071013 -0.254644 -0.368378 0.369802 -0.043145 
0.053400 -0.375488 0.375872 0.257289 0.064501 -0.257715 -0.310001 0.311221 -0.116934 
-0.054365 -0.375695 0.376081 0.310129 0.119674 -0.310617 -0.255186 0.256250 -0.064088 
-0.113738 -0.309736 0.310068 0.371939 0.051327 -0.372503 -0.257609 0.258681 0.063735 
-0.041373 -0.257282 0.257574 0.359138 -0.060668 -0.359688 -0.317031 0.318281 0.103199 
0.072681 -0.263551 0.263849 0.294935 -0.104288 -0.295411 -0.366773 0.368185 0.032547 
0.104149 -0.319748 0.320096 0.245370 -0.030060 -0.245792 -0.348722 0.350092 -0.073233 
0.024792 -0.374030 0.374424 0.257996 0.090951 -0.258432 -0.282138 0.283304 -0.114710 
-0.086772 -0.361975 0.362353 0.326278 0.122226 -0.326790 -0.238952 0.239980 -0.034152 
-0.128880 -0.286538 0.286852 0.388060 0.027164 -0.388648 -0.258578 0.259658 0.103065 
-0.030588 -0.236375 0.236653 0.358914 -0.092123 -0.359470 -0.327554 0.328848 0.123852 
0.101783 -0.254436 0.254728 0.284529 -0.132100 -0.284993 -0.385423 0.386897 0.031209 
0.117003 -0.332908 0.333266 0.233990 -0.018391 -0.234398 -0.350198 0.351568 -0.097785 
0.010461 -0.395673 0.396073 0.272564 0.112358 -0.273006 -0.282399 0.283533 -0.121749 
-0.105045 -0.348925 0.349289 0.348185 0.105554 -0.348719 -0.242585 0.243613 0.000821 
-0.112869 -0.267837 0.268139 0.387502 -0.006979 -0.388090 -0.273991 0.275119 0.121155 
0.003765 -0.236620 0.236898 0.342845 -0.110168 -0.343379 -0.345800 0.347146 0.107480 
0.128725 -0.279359 0.279669 0.262859 -0.112482 -0.263295 -0.390700 0.392180 -0.015411 
0.106851 -0.350898 0.351262 0.242455 0.001285 -0.242865 -0.348536 0.349872 -0.107284 
0.003690 -0.400195 0.400603 0.266490 0.129722 -0.266928 -0.269571 0.270679 -0.132321 
-0.118931 -0.348002 0.348372 0.345120 0.121582 -0.345660 -0.225658 0.226654 -0.001271 
-0.125996 -0.259133 0.259429 0.392977 -0.008026 -0.393579 -0.266347 0.267461 0.135359 
0.004490 -0.224291 0.224559 0.345995 -0.126361 -0.346535 -0.349655 0.351021 0.122952 
0.134489 -0.260944 0.261240 0.265358 -0.139147 -0.265800 -0.398931 0.400449 0.005487 
0.124132 -0.333713 0.334077 0.221319 -0.012056 -0.221717 -0.344655 0.346029 -0.111272 
0.019457 -0.374301 0.374703 0.249957 0.104592 -0.250391 -0.268780 0.269924 -0.123001 
-0.104158 -0.342467 0.342841 0.326605 0.119784 -0.327135 -0.221910 0.222914 -0.014272 
-0.128464 -0.260694 0.261002 0.373995 0.014978 -0.374593 -0.244923 0.246007 0.114847 
-0.017272 -0.217502 0.217772 0.342406 -0.107797 -0.342960 -0.324332 0.325660 0.126190 
0.121594 -0.241537 0.241827 0.260210 -0.140499 -0.260660 -0.380883 0.382403 0.019752 
0.127152 -0.328471 0.328827 0.226941 -0.025933 -0.227343 -0.353284 0.354674 -0.100415 
0.024831 -0.383156 0.383558 0.252045 0.105981 -0.252475 -0.276238 0.277388 -0.129777 
-0.086088 -0.347395 0.347769 0.321495 0.111748 -0.322013 -0.234849 0.235883 -0.024359 
-0.120109 -0.278291 0.278605 0.377146 0.021061 -0.377730 -0.256427 0.257517 0.100382 
-0.023810 -0.232088 0.232364 0.355620 -0.099891 -0.356172 -0.331025 0.332333 0.124830 
0.123151 -0.252097 0.252389 0.270989 -0.142275 -0.271439 -0.393225 0.394737 0.019975 
0.137229 -0.338221 0.338579 0.228055 -0.027380 -0.228451 -0.364470 0.365868 -0.109062 
0.025831 -0.407654 0.408068 0.252382 0.129133 -0.252804 -0.277589 0.278719 -0.153925 
-0.115972 -0.373085 0.373465 0.346204 0.142614 -0.346732 -0.229709 0.230695 -0.025266 
-0.141567 -0.277001 0.277303 0.412174 0.006214 -0.412778 -0.269991 0.271083 0.136715 
-0.009565 -0.241039 0.241313 0.364945 -0.114512 -0.365489 -0.354576 0.355910 0.125179 
0.120208 -0.266930 0.267226 0.280606 -0.134121 -0.281058 -0.399917 0.401407 0.014773 
0.131033 -0.347760 0.348122 0.233056 -0.016645 -0.233454 -0.363289 0.364667 -0.113585 
0.004080 -0.397098 0.397500 0.272500 0.120229 -0.272942 -0.275963 0.277083 -0.123222 
-0.119195 -0.355588 0.355958 0.351073 0.123479 -0.351611 -0.231345 0.232343 -0.002909 
-0.135351 -0.263458 0.263756 0.402153 -0.003521 -0.402759 -0.266177 0.267279 0.140226 
-0.016807 -0.227750 0.228018 0.361426 -0.117033 -0.361980 -0.343813 0.345145 0.134959 
0.138480 -0.257380 0.257672 0.268041 -0.149380 -0.268483 -0.405593 0.407125 0.011727 
0.140655 -0.343140 0.343504 0.219708 -0.017551 -0.220098 -0.359553 0.360947 -0.122330 
0.009369 -0.402430 0.402846 0.254821 0.137939 -0.255251 -0.263584 0.264688 -0.146227 
-0.123602 -0.367132 0.367516 0.341668 0.148829 -0.342200 -0.217557 0.218523 -0.023819 
-0.156405 -0.269740 0.270044 0.407127 0.018839 -0.407743 -0.250130 0.251190 0.138975 
-0.017062 -0.217800 0.218064 0.359691 -0.124985 -0.360249 -0.341812 0.343154 0.143170 
0.156056 -0.242819 0.243103 0.260329 -0.173802 -0.260767 -0.415417 0.417001 0.018545 
0.173887 -0.348302 0.348670 0.201505 -0.027444 -0.201873 -0.374551 0.375991 -0.145742 
0.033049 -0.431234 0.431682 0.223814 0.174036 -0.224212 -0.256267 0.257357 -0.206053 
-0.144225 -0.387975 0.388385 0.330123 0.201832 -0.330651 -0.185446 0.186332 -0.056080 
-0.227592 -0.247493 0.247785 0.438634 0.036284 -0.439314 -0.210516 0.211482 0.192907 
-0.062786 -0.182912 0.183152 0.385909 -0.140327 -0.386517 -0.322305 0.323617 0.204338 
0.161643 -0.201845 0.202103 0.261474 -0.221470 -0.261924 -0.422074 0.423738 0.060637 
0.219854 -0.300439 0.300779 0.182096 -0.101871 -0.182450 -0.401002 0.402592 -0.117381 
0.079015 -0.408367 0.408807 0.196213 0.132777 -0.196587 -0.274573 0.275749 -0.210895 
-0.100793 -0.407842 0.408286 0.281209 0.227156 -0.281691 -0.179959 0.180851 -0.124911 
-0.230305 -0.281902 0.282228 0.412971 0.099046 -0.413627 -0.182203 0.183097 0.132934 
-0.141158 -0.177843 0.178081 0.421289 -0.102396 -0.421957 -0.279400 0.280590 0.244936 
0.121014 -0.163605 0.163833 0.291680 -0.249221 -0.292176 -0.411622 0.413280 0.129125 
0.254348 -0.243851 0.244149 0.179814 -0.190641 -0.180172 -0.433085 0.434847 -0.063146 
0.160113 -0.380180 0.380602 0.160053 0.059597 -0.160385 -0.319396 0.320736 -0.219040 
-0.029787 -0.446902 0.447386 0.228262 0.248108 -0.228676 -0.197979 0.198923 -0.217067 
-0.195685 -0.347067 0.347453 0.358966 0.183562 -0.359550 -0.162864 0.163702 0.013810 
-0.223349 -0.213740 0.214012 0.433294 0.003646 -0.433998 -0.209390 0.210382 0.221300 
-0.017325 -0.166241 0.166471 0.358645 -0.175186 -0.359231 -0.340426 0.341830 0.193663 
0.195682 -0.197905 0.198169 0.222601 -0.220608 -0.223019 -0.417198 0.418934 0.025647 
0.212555 -0.312522 0.312880 0.166371 -0.066792 -0.166713 -0.378009 0.379559 -0.145179 
0.070339 -0.432441 0.432907 0.188236 0.173491 -0.188600 -0.257954 0.259078 -0.242906 
-0.123878 -0.411440 0.411884 0.295955 0.239100 -0.296451 -0.171643 0.172503 -0.113692 
-0.261717 -0.272442 0.272756 0.439088 0.094888 -0.439776 -0.176924 0.177794 0.168579 
-0.149934 -0.171739 0.171973 0.425364 -0.103793 -0.426044 -0.274701 0.275883 0.255132 
0.125262 -0.167224 0.167456 0.288301 -0.246477 -0.288791 -0.412493 0.414153 0.122121 
0.262762 -0.246107 0.246405 0.177972 -0.194963 -0.178326 -0.439648 0.441424 -0.067252 
0.168744 -0.390066 0.390488 0.161071 0.059827 -0.161401 -0.329041 0.330389 -0.227914 
-0.019156 -0.452444 0.452936 0.219193 0.252079 -0.219597 -0.199536 0.200486 -0.231698 
-0.197319 -0.352297 0.352689 0.354366 0.195024 -0.354946 -0.156641 0.157463 0.004012 
-0.242492 -0.225675 0.225957 0.439956 0.028054 -0.440666 -0.196947 0.197895 0.216095 
-0.047118 -0.160335 0.160561 0.376846 -0.169485 -0.377456 -0.328854 0.330218 0.217816 
0.180133 -0.203030 0.203290 0.245709 -0.223027 -0.246145 -0.424782 0.426478 0.043662 
0.218265 -0.320429 0.320785 0.173308 -0.071529 -0.173652 -0.390656 0.392206 -0.146148 
0.062449 -0.435581 0.436043 0.197467 0.175299 -0.197839 -0.259302 0.260418 -0.236799 
-0.123156 -0.401339 0.401765 0.309883 0.214356 -0.310389 -0.186271 0.187163 -0.089715 
-0.220695 -0.279135 0.279447 0.429938 0.069708 -0.430592 -0.208739 0.209685 0.152579 
-0.096485 -0.203802 0.204056 0.403413 -0.103257 -0.404031 -0.306176 0.307414 0.201019 
0.115328 -0.215583 0.215845 0.296623 -0.196553 -0.297101 -0.410980 0.412542 0.082120 
0.180474 -0.310869 0.311205 0.218701 -0.088624 -0.219087 -0.398278 0.399790 -0.091139 
0.069840 -0.412852 0.413276 0.223433 0.119241 -0.223825 -0.292613 0.293795 -0.188151 
-0.092605 -0.396388 0.396800 0.307771 0.180963 -0.308265 -0.214660 0.215622 -0.086999 
-0.187915 -0.285011 0.285331 0.406416 0.066320 -0.407042 -0.217974 0.218954 0.123109 
-0.086352 -0.219026 0.219290 0.396050 -0.090818 -0.396652 -0.308956 0.310192 0.178422 
0.114509 -0.225010 0.225276 0.298980 -0.188671 -0.299456 -0.412532 0.414080 0.075056 
0.195156 -0.308712 0.309042 0.221484 -0.108245 -0.221868 -0.415720 0.417264 -0.086218 
0.088499 -0.418307 0.418725 0.223105 0.106359 -0.223489 -0.310921 0.312135 -0.193968 
-0.101427 -0.423829 0.424253 0.315553 0.209440 -0.316043 -0.213637 0.214575 -0.106623 
-0.202327 -0.296899 0.297219 0.425783 0.073253 -0.426413 -0.222937 0.223905 0.130606 
-0.106885 -0.215942 0.216200 0.419108 -0.096418 -0.419728 -0.311487 0.312709 0.204590 
0.128939 -0.219181 0.219445 0.289105 -0.199057 -0.289575 -0.417064 0.418644 0.070988 
0.195981 -0.317210 0.317550 0.208113 -0.087220 -0.208487 -0.403188 0.404716 -0.108086 
0.075501 -0.426234 0.426668 0.215878 0.134505 -0.216260 -0.290725 0.291899 -0.209088 
-0.110379 -0.417813 0.418239 0.313638 0.214293 -0.314132 -0.202784 0.203702 -0.102488 
-0.229070 -0.291304 0.291620 0.441251 0.078937 -0.441903 -0.211684 0.212622 0.151734 
-0.073831 -0.195624 0.195864 0.415558 -0.146219 -0.416170 -0.340916 0.342218 0.221286 
0.176487 -0.225743 0.226007 0.275732 -0.226686 -0.276176 -0.451189 0.452843 0.050997 
0.206644 -0.363981 0.364345 0.204462 -0.047491 -0.204820 -0.410236 0.411718 -0.158497 
0.026330 -0.471420 0.471872 0.244390 0.200367 -0.244790 -0.270137 0.271209 -0.225639 
-0.177961 -0.391265 0.391647 0.387931 0.181066 -0.388491 -0.209505 0.210409 -0.001566 
-0.191736 -0.254805 0.255079 0.474731 -0.028342 -0.475385 -0.282372 0.283456 0.221516 
0.096275 -0.211582 0.211824 0.354427 -0.239268 -0.354937 -0.449718 0.451272 0.143956 
0.243366 -0.312974 0.313294 0.221230 -0.151950 -0.221602 -0.463620 0.465244 -0.090783 
0.121426 -0.463899 0.464344 0.201814 0.140270 -0.202166 -0.322557 0.323771 -0.260880 
-0.119810 -0.458964 0.459402 0.327742 0.250767 -0.328230 -0.207472 0.208368 -0.129502 
-0.278702 -0.295420 0.295728 0.487746 0.086197 -0.488430 -0.208573 0.209473 0.194201 
-0.093235 -0.199814 0.200050 0.450267 -0.157324 -0.450893 -0.356224 0.357514 0.251824 
0.236110 -0.217899 0.218147 0.277469 -0.295884 -0.277897 -0.512455 0.514229 0.060516 
0.260703 -0.378355 0.378721 0.184535 -0.067295 -0.184865 -0.444324 0.445873 -0.192858 
0.045485 -0.527095 0.527593 0.215936 0.265301 -0.216300 -0.260861 0.261895 -0.309757 
-0.217899 -0.439137 0.439555 0.389395 0.267403 -0.389951 -0.171111 0.171903 -0.047757 
-0.290098 -0.245337 0.245607 0.520820 0.014467 -0.521548 -0.230194 0.231150 0.277300 
0.005458 -0.165687 0.165899 0.413635 -0.253477 -0.414221 -0.418115 0.419597 0.249160 
0.304247 -0.235162 0.235426 0.226105 -0.295463 -0.226483 -0.529183 0.531051 -0.008187 
0.229561 -0.422833 0.423243 0.168266 0.024559 -0.168582 -0.396997 0.398425 -0.253552 
-0.021402 -0.524601 0.525103 0.243696 0.301973 -0.244094 -0.221802 0.222738 -0.279337 
-0.262201 -0.379910 0.380284 0.435895 0.206002 -0.436513 -0.173301 0.174105 0.057996 
-0.243782 -0.203515 0.203761 0.500271 -0.053092 -0.500997 -0.255870 0.256922 0.298440 
0.078576 -0.171150 0.171374 0.345032 -0.252567 -0.345562 -0.422583 0.424161 0.174997 
0.282143 -0.259452 0.259744 0.200096 -0.223108 -0.200458 -0.481144 0.482928 -0.058470 
0.188130 -0.413454 0.413884 0.157364 0.067513 -0.157682 -0.344714 0.346069 -0.255026 
-0.032297 -0.478359 0.478865 0.226115 0.284214 -0.226519 -0.193341 0.194255 -0.250633 
-0.233845 -0.370098 0.370488 0.388721 0.215000 -0.389321 -0.154496 0.155283 0.020657 
-0.253123 -0.212875 0.213135 0.478792 -0.012931 -0.479520 -0.225106 0.226100 0.267677 
-0.007740 -0.158204 0.158422 0.379392 -0.213530 -0.379982 -0.370708 0.372156 0.222423 
0.254227 -0.213691 0.213949 0.233757 -0.274533 -0.234159 -0.486841 0.488659 0.020973 
0.236510 -0.370803 0.371187 0.162823 -0.028964 -0.163143 -0.398449 0.399955 -0.207004 
0.029131 -0.494242 0.494738 0.210113 0.254636 -0.210485 -0.238696 0.239712 -0.282695 
-0.202450 -0.409712 0.410126 0.368064 0.243862 -0.368620 -0.165220 0.166024 -0.039688 
-0.277638 -0.241564 0.241840 0.491959 0.027089 -0.492683 -0.213807 0.214749 0.252232 
-0.041001 -0.184430 0.184660 0.413992 -0.188661 -0.414592 -0.372115 0.373489 0.230851 
0.233223 -0.224002 0.224262 0.254879 -0.264328 -0.255295 -0.487000 0.488758 0.031818 
0.229084 -0.389743 0.390125 0.185166 -0.024915 -0.185500 -0.413385 0.414863 -0.203574 
-0.003762 -0.485710 0.486180 0.247908 0.241237 -0.248314 -0.243609 0.244613 -0.236323 
-0.205226 -0.388074 0.388456 0.401518 0.191558 -0.402096 -0.195853 0.196721 0.015290 
-0.218006 -0.238513 0.238779 0.485661 -0.029284 -0.486343 -0.267046 0.268104 0.248790 
0.058253 -0.201065 0.201301 0.374526 -0.231843 -0.375062 -0.431818 0.433328 0.174616 
0.253575 -0.292157 0.292461 0.227037 -0.188766 -0.227415 -0.479595 0.481271 -0.064177 
0.143575 -0.444609 0.445037 0.200615 0.100029 -0.200967 -0.343468 0.344740 -0.242839 
-0.076568 -0.462083 0.462533 0.292948 0.245417 -0.293406 -0.215895 0.216827 -0.167503 
-0.235236 -0.335615 0.335961 0.432881 0.137767 -0.433509 -0.197193 0.198077 0.099126 
-0.159359 -0.215790 0.216042 0.458784 -0.083763 -0.459442 -0.298730 0.299890 0.244505 
0.115722 -0.198768 0.199010 0.322270 -0.239377 -0.322766 -0.436979 0.438575 0.124580 
0.247842 -0.300810 0.301130 0.205654 -0.153024 -0.206018 -0.452504 0.454152 -0.094213 
0.111099 -0.433379 0.433809 0.206104 0.115805 -0.206468 -0.316512 0.317738 -0.226070 
-0.090328 -0.430229 0.430661 0.303091 0.217195 -0.303569 -0.212274 0.213212 -0.125497 
-0.216819 -0.310880 0.311212 0.425591 0.101913 -0.426221 -0.208285 0.209213 0.116497 
-0.135578 -0.214998 0.215252 0.442332 -0.091886 -0.442974 -0.306038 0.307228 0.228804 
0.132361 -0.209819 0.210069 0.309558 -0.232272 -0.310038 -0.440908 0.442514 0.100799 
0.236941 -0.314564 0.314890 0.211300 -0.134015 -0.211666 -0.447277 0.448885 -0.102300 
0.091401 -0.453388 0.453832 0.212158 0.149462 -0.212526 -0.302903 0.304079 -0.239977 
-0.112734 -0.443586 0.444024 0.314743 0.241310 -0.315229 -0.201547 0.202447 -0.127130 
-0.250391 -0.295921 0.296237 0.457456 0.088672 -0.458120 -0.206585 0.207499 0.163371 
-0.107065 -0.193060 0.193298 0.437467 -0.137450 -0.438103 -0.329618 0.330878 0.245810 
0.188535 -0.215298 0.215550 0.287536 -0.260965 -0.287986 -0.475003 0.476697 0.073233 
0.236383 -0.342676 0.343022 0.203317 -0.097386 -0.203671 -0.438772 0.440334 -0.138384 
0.069056 -0.477471 0.477927 0.221749 0.186304 -0.222123 -0.290185 0.291309 -0.254411 
-0.171151 -0.419856 0.420266 0.364083 0.226683 -0.364619 -0.192495 0.193359 -0.053953 
-0.265112 -0.250278 0.250560 0.485100 0.030131 -0.485808 -0.219469 0.220421 0.236629 
-0.033441 -0.173020 0.173242 0.413369 -0.206993 -0.413971 -0.379021 0.380423 0.241622 
0.264764 -0.226638 0.226902 0.233057 -0.271436 -0.233451 -0.496687 0.498499 0.007322 
0.219188 -0.393708 0.394098 0.179510 -0.005405 -0.179842 -0.397851 0.399303 -0.213182 
0.002062 -0.498788 0.499272 0.237054 0.259334 -0.237448 -0.238586 0.239578 -0.260250 
-0.224606 -0.407554 0.407954 0.397764 0.234168 -0.398340 -0.172762 0.173570 -0.007823 
-0.274537 -0.235266 0.235534 0.503181 0.006476 -0.503907 -0.228105 0.229075 0.269710 
0.008826 -0.182225 0.182451 0.392286 -0.218990 -0.392858 -0.400176 0.401632 0.211277 
0.258920 -0.249282 0.249560 0.231957 -0.241869 -0.232347 -0.489790 0.491548 -0.016406 
0.199015 -0.435443 0.435857 0.186437 0.049573 -0.186769 -0.384661 0.386033 -0.247940 
-0.041404 -0.499060 0.499532 0.272029 0.268125 -0.272455 -0.230125 0.231077 -0.225460 
-0.246343 -0.369108 0.369466 0.446905 0.168337 -0.447521 -0.200125 0.200989 0.079684 
-0.182741 -0.228503 0.228759 0.481281 -0.070169 -0.481947 -0.297871 0.299001 0.254327 
0.108738 -0.216534 0.216780 0.345184 -0.237545 -0.345684 -0.452934 0.454500 0.129747 
0.243960 -0.317618 0.317938 0.227590 -0.154256 -0.227964 -0.470576 0.472196 -0.089064 
0.098480 -0.474359 0.474795 0.230078 0.145440 -0.230450 -0.327892 0.329082 -0.243037 
-0.138752 -0.459027 0.459449 0.357242 0.240281 -0.357748 -0.218027 0.218929 -0.100058 
-0.248766 -0.286412 0.286706 0.496518 0.038491 -0.497190 -0.247217 0.248197 0.211844 
-0.005002 -0.206319 0.206555 0.415008 -0.203806 -0.415580 -0.409112 0.410526 0.209930 
0.252394 -0.270630 0.270912 0.252655 -0.234691 -0.253053 -0.503997 0.505707 -0.017030 
0.176528 -0.442567 0.442975 0.209781 0.055870 -0.210131 -0.385539 0.386879 -0.231682 
-0.065961 -0.506771 0.507221 0.312230 0.260211 -0.312678 -0.245767 0.246723 -0.192953 
-0.249089 -0.348755 0.349087 0.480657 0.116992 -0.481291 -0.231087 0.232007 0.133702 
-0.110338 -0.220548 0.220790 0.475986 -0.145217 -0.476614 -0.364869 0.366131 0.256834 
0.212229 -0.247455 0.247715 0.303623 -0.268608 -0.304063 -0.514798 0.516483 0.057159 
0.241262 -0.396963 0.397327 0.216001 -0.060677 -0.216351 -0.456378 0.457882 -0.179960 
0.011985 -0.541126 0.541596 0.269464 0.259344 -0.269862 -0.280896 0.281922 -0.270219 
-0.244189 -0.419760 0.420136 0.454538 0.209191 -0.455130 -0.209920 0.210774 0.036663 
-0.217605 -0.242829 0.243083 0.527643 -0.067338 -0.528323 -0.309386 0.310490 0.286401 
0.137947 -0.225936 0.226178 0.362094 -0.274261 -0.362586 -0.499022 0.500628 0.137228 
0.272075 -0.367418 0.367754 0.229689 -0.134700 -0.230047 -0.500811 0.502407 -0.136767 
0.064156 -0.523935 0.524391 0.249032 0.210392 -0.249412 -0.312579 0.313687 -0.273572 
-0.207728 -0.457719 0.458125 0.416212 0.248999 -0.416762 -0.208058 0.208908 -0.039651 
-0.248645 -0.273702 0.273974 0.539748 -0.017549 -0.540428 -0.290510 0.291552 0.267707 
0.071005 -0.227365 0.227605 0.405447 -0.249223 -0.405975 -0.475494 0.477006 0.179231 
0.280270 -0.352351 0.352671 0.244923 -0.173175 -0.245291 -0.524210 0.525844 -0.106474 
0.078999 -0.549273 0.549733 0.252376 0.217536 -0.252748 -0.330757 0.331877 -0.295585 
-0.236981 -0.472957 0.473355 0.454102 0.255606 -0.454666 -0.216699 0.217543 -0.016971 
-0.267785 -0.259538 0.259796 0.571346 -0.044156 -0.572048 -0.302952 0.304004 0.313472 
0.134988 -0.213908 0.214136 0.390728 -0.311936 -0.391234 -0.524667 0.526291 0.177894 
0.318048 -0.371997 0.372329 0.220428 -0.166853 -0.220770 -0.537479 0.539139 -0.150650 
0.070313 -0.558748 0.559218 0.247207 0.240861 -0.247577 -0.316920 0.318014 -0.310202 
-0.217879 -0.479226 0.479634 0.429966 0.266901 -0.430516 -0.211667 0.212509 -0.047385 
-0.285595 -0.271275 0.271541 0.572060 -0.015333 -0.572766 -0.285889 0.286905 0.302501 
0.074892 -0.211866 0.212096 0.412606 -0.275749 -0.413140 -0.486508 0.488046 0.201879 
0.306183 -0.324345 0.324649 0.240291 -0.222453 -0.240657 -0.545431 0.547145 -0.083137 
0.126400 -0.512288 0.512736 0.223927 0.161576 -0.224281 -0.349652 0.350854 -0.287145 
-0.167830 -0.504213 0.504653 0.376506 0.295280 -0.377012 -0.208250 0.209098 -0.125884 
-0.300375 -0.292650 0.292934 0.556322 0.036542 -0.557024 -0.255426 0.256382 0.265468 
-0.003676 -0.214259 0.214489 0.453172 -0.235345 -0.453748 -0.448583 0.450013 0.240148 
0.297173 -0.306237 0.306529 0.256529 -0.247761 -0.256909 -0.552643 0.554371 -0.048785 
0.169560 -0.499266 0.499698 0.213848 0.115455 -0.214190 -0.382681 0.383959 -0.284274 
-0.104140 -0.540864 0.541324 0.338141 0.306579 -0.338601 -0.233539 0.234437 -0.201034 
-0.298707 -0.336911 0.337223 0.537542 0.097895 -0.538214 -0.238357 0.239267 0.202479 
-0.085408 -0.222941 0.223179 0.485545 -0.177306 -0.486159 -0.399318 0.400626 0.263952 
0.254976 -0.267593 0.267861 0.292388 -0.280008 -0.292806 -0.546293 0.548015 0.025752 
0.202115 -0.448998 0.449390 0.225758 0.020744 -0.226112 -0.427070 0.428458 -0.222164 
-0.054836 -0.532522 0.532974 0.319578 0.267484 -0.320018 -0.264229 0.265199 -0.211386 
-0.264198 -0.367285 0.367617 0.503926 0.127361 -0.504560 -0.239251 0.240165 0.138453 
-0.111883 -0.237877 0.238123 0.495409 -0.145772 -0.496031 -0.382752 0.384012 0.258925 
0.230984 -0.280930 0.281200 0.314018 -0.264302 -0.314448 -0.543970 0.545637 0.034079 
0.223363 -0.454882 0.455270 0.227447 0.003687 -0.227795 -0.449987 0.451403 -0.226383 
-0.043477 -0.539216 0.539672 0.312065 0.270326 -0.312497 -0.268069 0.269047 -0.225611 
-0.287386 -0.370584 0.370916 0.519512 0.138263 -0.520158 -0.231667 0.232557 0.150792 
-0.148957 -0.237498 0.237742 0.520973 -0.134635 -0.521617 -0.371269 0.372489 0.284920 
0.219752 -0.261786 0.262046 0.325747 -0.283920 -0.326189 -0.544449 0.546127 0.064957 
0.243231 -0.446434 0.446810 0.230494 -0.027675 -0.230842 -0.472873 0.474331 -0.214912 
-0.032303 -0.556746 0.557208 0.309367 0.279373 -0.309791 -0.276540 0.277526 -0.245857 
-0.283199 -0.391251 0.391591 0.522228 0.152023 -0.522862 -0.238570 0.239462 0.132828 
-0.125003 -0.233171 0.233413 0.508693 -0.150634 -0.509325 -0.382917 0.384169 0.276929 
0.212689 -0.263752 0.264016 0.319773 -0.268923 -0.320215 -0.531426 0.533090 0.057023 
0.213554 -0.443452 0.443836 0.231454 -0.001932 -0.231810 -0.444187 0.445601 -0.210939 
-0.037704 -0.520521 0.520965 0.313489 0.244437 -0.313925 -0.275250 0.276252 -0.205520 
-0.246956 -0.378326 0.378662 0.498246 0.126836 -0.498866 -0.250801 0.251733 0.121690 
-0.103030 -0.247285 0.247537 0.487709 -0.137526 -0.488321 -0.383911 0.385171 0.241809 
0.199085 -0.278415 0.278689 0.316310 -0.237205 -0.316750 -0.514395 0.516017 0.038914 
0.192446 -0.435807 0.436189 0.239915 0.003086 -0.240281 -0.431553 0.432947 -0.194810 
-0.040852 -0.510708 0.511148 0.315369 0.235895 -0.315811 -0.273982 0.274986 -0.193826 
-0.245269 -0.373285 0.373625 0.484703 0.133650 -0.485323 -0.238954 0.239874 0.113208 
-0.117303 -0.240690 0.240942 0.483319 -0.125456 -0.483941 -0.365263 0.366501 0.244040 
0.173157 -0.268769 0.269041 0.320602 -0.225205 -0.321054 -0.492776 0.494370 0.052875 
0.210020 -0.418253 0.418625 0.232604 -0.024734 -0.232966 -0.441786 0.443222 -0.184597 
-0.015948 -0.502963 0.503401 0.301201 0.217407 -0.301631 -0.284693 0.285731 -0.200303 
-0.230613 -0.381682 0.382028 0.473326 0.138763 -0.473932 -0.242228 0.243156 0.093410 
-0.146179 -0.250099 0.250357 0.495993 -0.099851 -0.496627 -0.349100 0.350292 0.247355 
0.183007 -0.265677 0.265943 0.326334 -0.243873 -0.326786 -0.508339 0.509955 0.061690 
0.208464 -0.413985 0.414355 0.235695 -0.030532 -0.236059 -0.443318 0.444758 -0.177239 
-0.021213 -0.513766 0.514214 0.296752 0.237921 -0.297178 -0.274994 0.276010 -0.215530 
-0.217940 -0.396456 0.396816 0.450674 0.163507 -0.451264 -0.232261 0.233175 0.055996 
-0.145833 -0.252010 0.252272 0.483687 -0.085985 -0.484317 -0.337152 0.338332 0.233147 
0.130879 -0.264063 0.264335 0.337343 -0.204359 -0.337815 -0.467277 0.468813 0.074368 
0.192369 -0.383096 0.383442 0.264179 -0.073769 -0.264569 -0.455687 0.457149 -0.117857 
0.023438 -0.490489 0.490911 0.295913 0.170828 -0.296333 -0.318741 0.319851 -0.193209 
-0.186782 -0.423601 0.423975 0.433300 0.176857 -0.433860 -0.246031 0.246965 0.011417 
-0.166651 -0.276401 0.276673 0.503111 -0.060210 -0.503741 -0.335791 0.336935 0.228216 
0.118163 -0.273387 0.273655 0.370147 -0.215112 -0.370633 -0.487375 0.488893 0.097870 
0.191469 -0.406845 0.407197 0.272593 -0.057540 -0.272983 -0.463219 0.464659 -0.133178 
0.006813 -0.496163 0.496575 0.323965 0.165089 -0.324401 -0.330171 0.331277 -0.170814 
-0.171210 -0.424170 0.424530 0.451686 0.143471 -0.452244 -0.279951 0.280937 0.029155 
-0.112536 -0.304241 0.304521 0.490079 -0.073467 -0.490669 -0.376838 0.378038 0.187257 
0.146100 -0.304860 0.305142 0.354411 -0.195869 -0.354873 -0.499587 0.501105 0.050641 
0.167868 -0.445113 0.445485 0.277618 -0.000702 -0.278006 -0.444694 0.446062 -0.166377 
-0.057221 -0.511459 0.511879 0.354511 0.213890 -0.354971 -0.296743 0.297763 -0.155441 
-0.233360 -0.360698 0.361018 0.512439 0.081429 -0.513063 -0.278548 0.279532 0.153435 
-0.046666 -0.261232 0.261492 0.458211 -0.150460 -0.458785 -0.410741 0.412059 0.198288 
0.211256 -0.306357 0.306649 0.299754 -0.204907 -0.300176 -0.510036 0.511636 -0.005589 
0.152092 -0.453482 0.453878 0.249051 0.051988 -0.249427 -0.400390 0.401706 -0.203288 
-0.078390 -0.483369 0.483783 0.355148 0.206342 -0.355624 -0.276225 0.277225 -0.126673 
-0.210214 -0.355108 0.355428 0.495734 0.069397 -0.496346 -0.284970 0.285980 0.142277 
-0.035428 -0.267152 0.267414 0.453666 -0.151239 -0.454232 -0.417431 0.418757 0.187810 
0.202767 -0.327469 0.327769 0.307827 -0.183386 -0.308249 -0.509650 0.511212 -0.018609 
0.129723 -0.492789 0.493191 0.276543 0.086183 -0.276929 -0.405547 0.406813 -0.215055 
-0.147996 -0.504796 0.505204 0.414192 0.238349 -0.414702 -0.265707 0.266645 -0.088934 
-0.230823 -0.322938 0.323230 0.541066 0.012527 -0.541710 -0.309659 0.310703 0.219758 
0.072386 -0.267327 0.267583 0.418533 -0.223755 -0.419051 -0.490005 0.491479 0.152367 
0.241287 -0.382936 0.383266 0.274095 -0.132763 -0.274479 -0.514463 0.516005 -0.107830 
0.056535 -0.529516 0.529948 0.289702 0.182949 -0.290102 -0.345612 0.346744 -0.238489 
-0.191084 -0.447737 0.448113 0.450019 0.188574 -0.450575 -0.258447 0.259383 0.003995 
-0.173206 -0.286355 0.286627 0.518647 -0.059238 -0.519277 -0.344774 0.345915 0.233802 
0.161937 -0.268581 0.268843 0.356393 -0.249942 -0.356861 -0.517344 0.518930 0.088872 
0.224643 -0.406199 0.406557 0.242523 -0.061318 -0.242889 -0.466297 0.467775 -0.162645 
0.006855 -0.528737 0.529185 0.291404 0.230159 -0.291818 -0.297691 0.298741 -0.235905 
-0.209795 -0.397394 0.397750 0.455920 0.151056 -0.456506 -0.245635 0.246571 0.060264 
-0.155724 -0.253313 0.253571 0.502758 -0.093858 -0.503396 -0.346330 0.347510 0.250922 
0.145530 -0.254011 0.254271 0.350317 -0.242021 -0.350793 -0.494864 0.496442 0.097376 
0.225003 -0.393805 0.394161 0.236899 -0.068448 -0.237265 -0.461025 0.462515 -0.155882 
0.015579 -0.506662 0.507100 0.287450 0.203316 -0.287864 -0.302443 0.303519 -0.217813 
-0.209813 -0.415166 0.415536 0.443057 0.181700 -0.443633 -0.232776 0.233684 0.029666 
-0.193820 -0.252817 0.253079 0.511794 -0.065294 -0.512454 -0.317313 0.318437 0.260528 
0.140450 -0.242663 0.242915 0.357075 -0.255035 -0.357559 -0.496530 0.498116 0.115485 
0.241601 -0.392689 0.393038 0.240528 -0.089790 -0.240894 -0.481231 0.482751 -0.151154 
0.006362 -0.527051 0.527497 0.294578 0.225795 -0.294994 -0.300369 0.301423 -0.231048 
-0.231735 -0.419711 0.420071 0.478762 0.172469 -0.479352 -0.246554 0.247468 0.060828 
-0.149275 -0.261298 0.261558 0.510704 -0.100268 -0.511334 -0.360716 0.361908 0.250865 
0.173177 -0.271833 0.272097 0.353231 -0.254772 -0.353695 -0.525415 0.527013 0.082448 
0.223924 -0.433359 0.433725 0.251633 -0.042552 -0.251999 -0.474707 0.476159 -0.180680 
-0.024181 -0.526550 0.526984 0.324059 0.226373 -0.324495 -0.299321 0.300355 -0.201022 
-0.221036 -0.399394 0.399740 0.483858 0.136364 -0.484454 -0.262321 0.263271 0.086187 
-0.127652 -0.268042 0.268306 0.496364 -0.100814 -0.496978 -0.367989 0.369199 0.229752 
0.164139 -0.280096 0.280370 0.338256 -0.222510 -0.338714 -0.501429 0.502999 0.059219 
0.207151 -0.437035 0.437411 0.244065 -0.014541 -0.244429 -0.450391 0.451809 -0.191905 
-0.043351 -0.528377 0.528819 0.324654 0.246779 -0.325094 -0.280770 0.281770 -0.202206 
-0.239691 -0.380904 0.381242 0.491680 0.128713 -0.492294 -0.251497 0.252433 0.112536 
-0.104200 -0.259165 0.259423 0.491463 -0.128236 -0.492071 -0.386505 0.387757 0.233687 
0.193993 -0.287503 0.287779 0.328352 -0.235065 -0.328796 -0.521358 0.522962 0.041879 
0.181510 -0.454932 0.455320 0.248772 0.024292 -0.249142 -0.429497 0.430859 -0.205054 
-0.060036 -0.516145 0.516577 0.339105 0.236791 -0.339559 -0.278539 0.279535 -0.175503 
-0.235418 -0.375326 0.375662 0.488369 0.122174 -0.488983 -0.252454 0.253396 0.114792 
-0.093723 -0.256957 0.257215 0.482000 -0.131460 -0.482602 -0.387512 0.388774 0.226417 
0.207195 -0.297895 0.298179 0.310289 -0.219832 -0.310719 -0.516502 0.518108 0.013412 
0.179993 -0.457826 0.458216 0.247007 0.030466 -0.247375 -0.426219 0.427575 -0.209710 
-0.067219 -0.509506 0.509944 0.331967 0.244474 -0.332423 -0.264231 0.265209 -0.175976 
-0.244774 -0.360773 0.361107 0.486029 0.119321 -0.486655 -0.240767 0.241697 0.127035 
-0.123210 -0.233336 0.233582 0.491046 -0.134623 -0.491676 -0.367076 0.368318 0.259125 
0.194733 -0.247119 0.247375 0.322116 -0.269928 -0.322568 -0.515809 0.517469 0.076010 
0.221154 -0.397732 0.398098 0.222819 -0.046607 -0.223177 -0.443109 0.444583 -0.173887 
0.001613 -0.487868 0.488308 0.280724 0.205219 -0.281144 -0.281765 0.282821 -0.205716 
-0.199753 -0.388679 0.389043 0.428055 0.160159 -0.428635 -0.227824 0.228744 0.041132 
-0.184284 -0.259347 0.259615 0.497725 -0.054239 -0.498375 -0.312787 0.313907 0.239924 
0.113721 -0.234019 0.234271 0.359436 -0.239302 -0.359932 -0.472181 0.473737 0.126515 
0.244829 -0.351597 0.351929 0.233535 -0.127105 -0.233905 -0.477425 0.478999 -0.117079 
0.065856 -0.503567 0.504017 0.245063 0.192297 -0.245445 -0.310300 0.311422 -0.257186 
-0.181067 -0.441881 0.442281 0.399708 0.223002 -0.400250 -0.218188 0.219076 -0.040392 
-0.234356 -0.272520 0.272802 0.503829 0.002890 -0.504501 -0.268897 0.269923 0.232983 
0.025925 -0.216648 0.216890 0.398641 -0.208052 -0.399191 -0.423657 0.425103 0.183196 
0.232463 -0.305409 0.305713 0.252548 -0.179894 -0.252942 -0.484028 0.485652 -0.051881 
0.110199 -0.446980 0.447396 0.235434 0.100997 -0.235814 -0.344933 0.346173 -0.210339 
-0.090200 -0.440649 0.441061 0.337259 0.193328 -0.337747 -0.246539 0.247521 -0.101805 
-0.174617 -0.324225 0.324545 0.442349 0.056299 -0.442951 -0.267168 0.268198 0.119740 
-0.014881 -0.262202 0.262474 0.406910 -0.129994 -0.407460 -0.391224 0.392558 0.145986 
0.143338 -0.304510 0.304814 0.295427 -0.134507 -0.295866 -0.437872 0.439362 -0.007997 
0.111847 -0.402014 0.402386 0.268230 0.021626 -0.268638 -0.379324 0.380636 -0.132609 
-0.035738 -0.439640 0.440046 0.315680 0.159420 -0.316142 -0.279368 0.280428 -0.122500 
-0.167620 -0.352393 0.352737 0.419135 0.100668 -0.419715 -0.250982 0.251976 0.068387 
-0.108854 -0.267583 0.267865 0.433933 -0.057661 -0.434529 -0.324385 0.325571 0.167787 
0.073141 -0.257357 0.257635 0.338779 -0.154757 -0.339275 -0.411040 0.412488 0.082580 
0.149724 -0.327816 0.328148 0.259630 -0.081827 -0.260044 -0.408496 0.409950 -0.067101 
0.075392 -0.403099 0.403491 0.254919 0.072474 -0.255329 -0.329614 0.330848 -0.146941 
-0.069282 -0.396657 0.397043 0.332609 0.133076 -0.333103 -0.262761 0.263807 -0.062544 
-0.127942 -0.306226 0.306544 0.402310 0.031661 -0.402890 -0.273764 0.274848 0.097616 
-0.036257 -0.259789 0.260073 0.380148 -0.084279 -0.380700 -0.343134 0.344410 0.121682 
0.108712 -0.272193 0.272487 0.299477 -0.136222 -0.299939 -0.407302 0.408774 0.028400 
0.104772 -0.359684 0.360048 0.250442 0.004165 -0.250854 -0.354449 0.355777 -0.108076 
-0.006022 -0.392509 0.392899 0.291723 0.106532 -0.292179 -0.285079 0.286205 -0.099404 
-0.126921 -0.349336 0.349690 0.374793 0.101242 -0.375345 -0.247322 0.248342 0.027046 
-0.110273 -0.270108 0.270398 0.415649 -0.035441 -0.416241 -0.304704 0.305866 0.146998 
0.053145 -0.266116 0.266402 0.336799 -0.124029 -0.337297 -0.389102 0.390502 0.071873 
0.104127 -0.336267 0.336599 0.288024 -0.056153 -0.288462 -0.391343 0.392723 -0.047090 
0.038147 -0.402962 0.403342 0.293279 0.071250 -0.293719 -0.330750 0.331952 -0.108390 
-0.071579 -0.384200 0.384568 0.354693 0.100844 -0.355201 -0.282524 0.283602 -0.028029 
-0.089496 -0.314399 0.314713 0.402973 0.000723 -0.403531 -0.312823 0.313975 0.090015 
0.022574 -0.300375 0.300673 0.367124 -0.089529 -0.367632 -0.388911 0.390241 0.067995 
0.089103 -0.346355 0.346687 0.305980 -0.048991 -0.306428 -0.394292 0.395648 -0.039197 
0.028352 -0.393771 0.394145 0.302147 0.062995 -0.302597 -0.329824 0.331024 -0.090321 
-0.056242 -0.369065 0.369419 0.357520 0.067550 -0.358028 -0.300655 0.301777 -0.010114 
-0.070784 -0.320899 0.321221 0.382908 0.008566 -0.383450 -0.311467 0.312627 0.063428 
-0.000863 -0.284906 0.285204 0.359081 -0.073514 -0.359601 -0.357454 0.358752 0.075455 
0.081100 -0.312137 0.312455 0.303924 -0.073133 -0.304384 -0.384214 0.385590 -0.007039 
0.062741 -0.367773 0.368131 0.290094 0.014661 -0.290536 -0.352105 0.353381 -0.076447 
-0.034681 -0.386597 0.386967 0.335206 0.085819 -0.335692 -0.299903 0.301027 -0.049982 
-0.081950 -0.331247 0.331575 0.385884 0.027101 -0.386426 -0.303297 0.304431 0.056083 
-0.024699 -0.280142 0.280436 0.373398 -0.068750 -0.373934 -0.347951 0.349223 0.094570 
0.077772 -0.300671 0.300981 0.313433 -0.090768 -0.313901 -0.390382 0.391772 0.013933 
0.083714 -0.381523 0.381886 0.282550 0.014970 -0.282978 -0.365522 0.366816 -0.097767 
-0.030226 -0.421888 0.422276 0.327854 0.123992 -0.328324 -0.297026 0.298124 -0.092610 
-0.113852 -0.362491 0.362835 0.401376 0.074748 -0.401924 -0.286938 0.288006 0.040408 
-0.053546 -0.292446 0.292740 0.404207 -0.058403 -0.404759 -0.349939 0.351175 0.113119 
