0.400000 0.300000 0.300000
0.357139 0.351817 0.270970
0.296637 0.391769 0.299707
0.261867 0.363708 0.360185
0.282621 0.289953 0.399841
0.355414 0.258076 0.366962
0.413651 0.291992 0.285888
0.360348 0.375298 0.239828
0.272365 0.429190 0.287996
0.243866 0.363320 0.379053
0.307311 0.264390 0.415049
0.393234 0.244254 0.330777
0.396095 0.318112 0.248495
0.320919 0.392670 0.256925
0.262276 0.391426 0.320292
0.260239 0.314849 0.390525
0.326185 0.248506 0.392469
0.389504 0.263764 0.307589
0.385352 0.320518 0.257873
0.318674 0.382185 0.253603
0.253262 0.361995 0.309839
0.250181 0.309016 0.364935
0.298641 0.254429 0.369090
0.375680 0.257502 0.310611
0.375888 0.310373 0.255718
0.309902 0.372221 0.258145
0.257428 0.359413 0.317656
0.263700 0.295173 0.367479
0.319922 0.245581 0.349407
0.374227 0.258214 0.282721
0.362164 0.326534 0.239466
0.286695 0.388354 0.259118
0.236514 0.359192 0.328201
0.254582 0.284761 0.386160
0.333087 0.234194 0.350883
0.395873 0.272785 0.282966
0.349107 0.348452 0.243099
0.267988 0.387796 0.274555
0.236759 0.343112 0.346473
0.279514 0.263077 0.391440
0.351080 0.242660 0.349204
0.400399 0.266709 0.270125
0.348187 0.345390 0.226156
0.259281 0.393278 0.266904
0.224425 0.346265 0.350338
0.261092 0.265579 0.399690
0.333895 0.221518 0.345342
0.374502 0.250174 0.269352
0.342654 0.326870 0.222412
0.260848 0.374294 0.245465
0.217637 0.342683 0.324996
0.241682 0.260435 0.381643
0.328649 0.227142 0.353979
0.383357 0.252260 0.276813
0.347582 0.321754 0.235366
0.278448 0.377438 0.256972
0.232226 0.355896 0.331679
0.252243 0.271214 0.393981
0.338400 0.228253 0.365169
0.407861 0.252593 0.278154
0.373275 0.346468 0.230202
0.277152 0.412476 0.270537
0.241176 0.365217 0.355243
0.267078 0.280832 0.400662
0.347941 0.233255 0.363978
0.397299 0.272721 0.276523
0.355773 0.351342 0.231844
0.263607 0.402456 0.266728
0.227884 0.361703 0.344479
0.257526 0.268262 0.406359
0.343322 0.219903 0.360250
0.402638 0.255036 0.264136
0.367324 0.341934 0.218040
0.269892 0.407435 0.250660
0.217932 0.359970 0.342483
0.242961 0.260548 0.416209
0.348486 0.201689 0.375271
0.431458 0.224013 0.256812
0.388180 0.330387 0.185889
0.247639 0.438974 0.210999
0.183032 0.386213 0.322961
0.201974 0.261699 0.422906
0.300609 0.182273 0.401797
0.408587 0.196400 0.275161
0.408064 0.281450 0.180405
0.282065 0.413299 0.182650
0.177962 0.421623 0.279995
0.163719 0.291928 0.412451
0.244000 0.179993 0.433966
0.380391 0.160219 0.320066
0.447144 0.228469 0.198451
0.347260 0.359258 0.163283
0.213876 0.433646 0.209886
0.166356 0.358938 0.341128
0.198037 0.222810 0.418066
0.312701 0.166542 0.378784
0.432674 0.188418 0.258516
0.411662 0.296203 0.172073
0.272599 0.439432 0.177359
0.171856 0.425704 0.275292
0.167340 0.288546 0.413323
0.246256 0.178149 0.440536
0.390277 0.161236 0.329715
0.452690 0.219395 0.200011
0.352493 0.354656 0.157052
0.225816 0.440311 0.197421
0.160448 0.377151 0.329536
0.203160 0.245927 0.425630
0.320607 0.173480 0.391431
0.435812 0.197653 0.259860
0.401552 0.310136 0.186717
0.279291 0.430265 0.209212
0.203929 0.403722 0.306795
0.215714 0.296862 0.411761
0.311037 0.218894 0.399034
0.413064 0.223629 0.293204
0.396594 0.308018 0.215141
0.285171 0.406729 0.218464
0.219158 0.396351 0.309574
0.225143 0.299218 0.413306
0.308877 0.221676 0.416492
0.418516 0.223297 0.311528
0.424041 0.315798 0.214106
0.297059 0.426098 0.223421
0.216071 0.419418 0.312098
0.219313 0.289340 0.417854
0.317380 0.208300 0.403952
0.426451 0.216069 0.291312
0.418026 0.313885 0.203243
0.291462 0.441577 0.212153
0.195744 0.415864 0.341567
0.225875 0.275954 0.452016
0.364163 0.204641 0.410977
0.471646 0.244590 0.270673
0.391456 0.388211 0.209957
0.254942 0.475058 0.282914
0.211703 0.354682 0.450495
0.313134 0.221416 0.464432
0.464121 0.201990 0.323164
0.459183 0.327986 0.207920
0.295574 0.488088 0.209023
0.199932 0.450580 0.356869
0.218023 0.277683 0.513342
0.378538 0.184700 0.445098
0.527344 0.216118 0.261378
0.439346 0.389673 0.171507
0.245472 0.521184 0.230672
0.165793 0.413928 0.418856
0.235294 0.226294 0.530117
0.423038 0.168424 0.397711
0.524852 0.243895 0.222270
0.380097 0.436204 0.173703
0.203638 0.500634 0.256396
0.171262 0.345297 0.423372
0.259598 0.200277 0.482036
0.413669 0.157523 0.345392
0.478612 0.226317 0.193798
0.370293 0.389021 0.154889
0.213005 0.479156 0.225603
0.158313 0.379687 0.371432
0.213820 0.233958 0.487750
0.370995 0.162983 0.399202
0.494490 0.210299 0.239204
0.409919 0.368342 0.165622
0.241702 0.492321 0.214278
0.184545 0.414292 0.372802
0.224132 0.255087 0.487879
0.389934 0.185333 0.414124
0.485945 0.248111 0.244111
0.388265 0.401807 0.196287
0.238646 0.486002 0.267575
0.201183 0.374794 0.432573
0.292309 0.227226 0.480433
0.444823 0.200791 0.344104
0.462308 0.293177 0.216361
0.335788 0.433195 0.197635
0.215916 0.459113 0.299310
0.198889 0.322518 0.437777
0.300970 0.205836 0.453328
0.433594 0.206286 0.317125
0.430445 0.303330 0.212743
0.311046 0.425906 0.208749
0.215125 0.442653 0.306633
0.209944 0.309798 0.441711
0.314727 0.211483 0.448081
0.453610 0.212342 0.303491
0.443805 0.314986 0.201997
0.296079 0.457788 0.207042
0.193179 0.437785 0.330248
0.215424 0.287761 0.475850
0.342849 0.203494 0.439553
0.477699 0.221936 0.290747
0.420061 0.364351 0.192927
0.250419 0.485454 0.219945
0.173131 0.413670 0.379722
0.226770 0.233254 0.497593
0.393903 0.179676 0.398577
0.499030 0.237251 0.239082
0.407754 0.398052 0.173166
0.235400 0.503544 0.228590
0.182338 0.392572 0.400904
0.249421 0.232152 0.490669
0.435650 0.186603 0.385347
0.499296 0.272242 0.230601
0.369287 0.447213 0.200557
0.228631 0.481614 0.298436
0.216657 0.345434 0.453717
0.317778 0.227777 0.471386
0.474577 0.230264 0.328487
0.459238 0.357495 0.218478
0.286559 0.496854 0.247707
0.206437 0.415294 0.409819
0.270771 0.252854 0.504852
0.442771 0.209956 0.386209
0.506996 0.312454 0.246245
0.348921 0.480974 0.231547
0.220669 0.476300 0.365500
0.247585 0.303843 0.515641
0.397145 0.216176 0.457130
0.541361 0.269663 0.281409
0.419948 0.454834 0.210347
0.242956 0.527983 0.309938
0.226057 0.362340 0.499825
0.367586 0.229868 0.501609
0.524163 0.249222 0.313133
0.457922 0.416487 0.208483
0.273838 0.540088 0.291031
0.227485 0.405711 0.476250
0.352511 0.245107 0.525027
0.549503 0.252562 0.331317
0.473156 0.454384 0.217121
0.259667 0.571697 0.303478
0.214022 0.390981 0.525479
0.372163 0.220599 0.538309
0.558983 0.247392 0.317467
0.479430 0.430241 0.212088
0.271408 0.572413 0.286397
0.211981 0.412873 0.487277
0.324497 0.240474 0.546288
0.512512 0.224104 0.350253
0.504433 0.376759 0.208674
0.292792 0.556673 0.255904
0.214374 0.453460 0.449298
0.306383 0.256719 0.553507
0.499482 0.214019 0.383320
0.541094 0.338371 0.233988
0.337067 0.537878 0.238812
0.223060 0.485852 0.399972
0.267727 0.292597 0.547154
0.449194 0.225935 0.427764
0.532748 0.319798 0.264714
0.367451 0.504243 0.239708
0.238000 0.495720 0.383382
0.281065 0.314233 0.544803
0.455076 0.227621 0.450695
0.539444 0.312281 0.268558
0.370750 0.519835 0.232112
0.237620 0.521295 0.371879
0.261916 0.325968 0.545288
0.446622 0.230668 0.473602
0.556977 0.309579 0.277033
0.391421 0.522545 0.239016
0.233292 0.509009 0.383543
0.263884 0.319994 0.532258
0.443644 0.231632 0.444894
0.520743 0.313707 0.275751
0.378494 0.498556 0.251267
0.247411 0.488015 0.384541
0.278552 0.316530 0.515206
0.435998 0.240098 0.432250
0.510928 0.315590 0.274484
0.373455 0.485013 0.239414
0.240816 0.483630 0.365882
0.268905 0.320828 0.493573
0.418439 0.232785 0.442504
0.503182 0.301416 0.285212
0.381855 0.473629 0.242692
0.250228 0.496310 0.349696
0.265810 0.326560 0.509147
0.414170 0.235877 0.444038
0.513990 0.296965 0.275502
0.396636 0.450969 0.232718
0.252141 0.484002 0.337742
0.264199 0.337579 0.468045
0.383269 0.264374 0.456418
0.490700 0.296123 0.319296
0.423788 0.433580 0.246498
0.276537 0.503426 0.336363
0.273521 0.370390 0.488134
0.407021 0.272788 0.463939
0.496369 0.324183 0.330724
0.424350 0.451965 0.280444
0.304381 0.490374 0.377438
0.305001 0.354642 0.500346
0.445299 0.277812 0.445378
0.511669 0.354741 0.297253
0.360858 0.512751 0.279040
0.261362 0.458498 0.411400
0.306503 0.299965 0.510836
0.453680 0.249239 0.401048
0.483576 0.355386 0.276725
0.355268 0.496040 0.285475
0.267283 0.453949 0.418094
0.327619 0.308038 0.510431
0.492990 0.276736 0.406180
0.505000 0.414447 0.266176
0.323084 0.541388 0.310181
0.267455 0.418792 0.490742
0.383101 0.274287 0.515234
0.529732 0.289902 0.346178
0.447925 0.450297 0.258915
0.286491 0.518962 0.345345
0.268712 0.356627 0.518137
0.406378 0.242706 0.467036
0.528961 0.291611 0.298216
0.397572 0.456213 0.246103
0.253442 0.503077 0.346920
0.254141 0.350555 0.495653
0.393983 0.237082 0.461770
0.506881 0.287657 0.302981
0.415351 0.443345 0.233230
0.252948 0.512124 0.317875
0.242789 0.357317 0.497323
0.392864 0.240711 0.481991
0.527274 0.294786 0.300896
0.419891 0.479057 0.247011
0.261428 0.511019 0.361312
0.271965 0.353463 0.526214
0.433542 0.251816 0.475433
0.526767 0.324277 0.299838
0.399567 0.484156 0.262796
0.268174 0.496671 0.368594
0.280233 0.338485 0.502214
0.437223 0.244247 0.451100
0.528598 0.324874 0.281270
0.381073 0.491987 0.251965
0.259294 0.491767 0.387131
0.287641 0.328574 0.522160
0.455126 0.248957 0.430178
0.516361 0.339332 0.279037
0.375494 0.488676 0.252925
0.257086 0.482301 0.388143
0.298037 0.310504 0.517305
0.458021 0.247191 0.426897
0.509725 0.332195 0.264720
0.360940 0.486342 0.241232
0.233459 0.491361 0.367697
0.247247 0.322342 0.516639
0.397915 0.222998 0.443846
0.488088 0.280934 0.282293
0.388861 0.428345 0.228284
0.259481 0.498050 0.313347
0.234145 0.359684 0.472959
0.351763 0.233720 0.478212
0.503792 0.245254 0.310861
0.442081 0.399979 0.218632
0.272661 0.504165 0.269410
0.216769 0.398916 0.424380
0.305561 0.252745 0.484840
0.447188 0.235624 0.345553
0.440855 0.337503 0.247030
0.324385 0.442650 0.267683
0.262338 0.407185 0.391891
0.304662 0.295646 0.438617
0.402200 0.268434 0.379980
0.439843 0.315911 0.279898
0.352565 0.419425 0.251479
0.267724 0.434231 0.324978
0.257496 0.339027 0.411764
0.327982 0.259837 0.409223
0.403295 0.255124 0.330231
0.396850 0.332856 0.263284
0.306385 0.402600 0.274306
0.259931 0.380424 0.343772
0.272340 0.299708 0.408038
0.359866 0.250648 0.355113
0.392704 0.291951 0.285642
0.349513 0.375069 0.247832
0.270253 0.415945 0.305285
0.266259 0.337048 0.389802
0.336433 0.288243 0.392033
0.403152 0.293499 0.331351
0.384384 0.354947 0.283063
0.314556 0.403252 0.313399
0.300524 0.367378 0.389576
0.346521 0.306204 0.394970
0.393958 0.302372 0.330424
0.369242 0.357774 0.301216
0.321060 0.383179 0.312047
0.285055 0.359341 0.358103
0.312296 0.304154 0.384902
0.367952 0.290315 0.352743
0.386782 0.335449 0.300465
0.331411 0.386155 0.303864
0.280289 0.373666 0.348587
0.300826 0.313667 0.391077
0.381705 0.282764 0.366169
0.422082 0.328089 0.297575
0.362663 0.401650 0.287472
0.292593 0.404483 0.350557
