0.648420 0.170103 -0.261719
0.734449 0.286091 -0.102416
0.802465 0.393500 0.089465
0.844473 0.489372 0.310818
0.849454 0.569299 0.555844
0.802953 0.627014 0.814998
0.687532 0.654076 1.073827
0.485390 0.639930 1.312088
0.185039 0.572977 1.503946
-0.206885 0.443471 1.620595
-0.652073 0.248727 1.636518
-1.076919 -0.000681 1.538823
-1.393143 -0.277911 1.335348
-1.539034 -0.544795 1.054989
-1.509988 -0.764294 0.737888
-1.351144 -0.912757 0.421566
-1.123762 -0.984270 0.131897
-0.876832 -0.986711 -0.117964
-0.638092 -0.934608 -0.323842
-0.418192 -0.843308 -0.486091
-0.218047 -0.725874 -0.606462
-0.034455 -0.592127 -0.686457
0.136753 -0.448855 -0.726696
0.299297 -0.300463 -0.726802
0.455929 -0.149662 -0.685523
0.608308 0.001918 -0.600934
0.756962 0.153248 -0.470674
0.901190 0.303501 -0.292213
1.038805 0.451716 -0.063191
1.165583 0.596439 0.218125
1.274290 0.735281 0.552147
1.353022 0.864280 0.936887
1.382612 0.976938 1.366248
1.333040 1.062780 1.827379
1.159826 1.105388 2.296837
0.804717 1.080450 2.735923
0.211907 0.955881 3.087474
-0.623127 0.698985 3.280476
-1.576735 0.296712 3.252039
-2.375929 -0.215562 2.986758
-2.750544 -0.745818 2.543700
-2.655165 -1.185712 2.031198
-2.272211 -1.469711 1.545527
-1.817502 -1.594656 1.134489
-1.413279 -1.595920 0.804528
-1.093404 -1.517121 0.543104
-0.849421 -1.394065 0.334253
-0.661805 -1.251119 0.164823
-0.512559 -1.103003 0.025643
-0.388240 -0.957714 -0.089066
-0.279660 -0.819013 -0.182612
-0.180866 -0.688187 -0.256610
-0.088215 -0.565204 -0.311569
0.000295 -0.449432 -0.347314
0.085481 -0.340080 -0.363299
0.167244 -0.236458 -0.358841
0.244726 -0.138142 -0.333331
0.316374 -0.045072 -0.286426
0.379938 0.042377 -0.218247
0.432416 0.123328 -0.129603
0.469989 0.196341 -0.022250
0.487980 0.259354 0.100819
0.480929 0.309629 0.235059
0.442912 0.343766 0.374083
0.368313 0.357822 0.509486
0.253258 0.347650 0.630933
0.097807 0.309571 0.726729
-0.091411 0.241441 0.785070
-0.299182 0.144026 0.796026
-0.502068 0.022273 0.753946
-0.672609 -0.114202 0.659473
-0.786798 -0.252083 0.520164
-0.831427 -0.376824 0.349140
-0.807140 -0.475772 0.162198
-0.725745 -0.540594 -0.025341
-0.604145 -0.568120 -0.200824
-0.458632 -0.559634 -0.355022
-0.301702 -0.519335 -0.481767
-0.141401 -0.452738 -0.577081
0.017862 -0.365479 -0.638270
0.174076 -0.262622 -0.663242
0.326493 -0.148393 -0.650082
0.474788 -0.026185 -0.596849
0.618456 0.101274 -0.501547
0.756344 0.231683 -0.362231
0.886200 0.362875 -0.177231
1.004084 0.492485 0.054463
1.103533 0.617527 0.332619
1.174299 0.733836 0.654854
1.200556 0.835300 1.015270
1.158671 0.912799 1.402449
1.015443 0.952916 1.796741
0.729731 0.936852 2.167222
0.264031 0.840923 2.469920
-0.385312 0.641529 2.651157
-1.142301 0.327833 2.661356
-1.831689 -0.080043 2.479899
-2.251429 -0.522247 2.136218
-2.311740 -0.918081 1.702843
-2.088578 -1.204489 1.259381
-1.733908 -1.360277 0.859414
-1.368045 -1.400259 0.523700
-1.047351 -1.355146 0.251655
-0.783483 -1.255657 0.034355
-0.568636 -1.125673 -0.137905
-0.390347 -0.981357 -0.272758
-0.237440 -0.832630 -0.375294
-0.101535 -0.685066 -0.448448
0.023062 -0.541466 -0.493565
0.139865 -0.403015 -0.510903
0.250691 -0.270061 -0.500058
0.355988 -0.142635 -0.460301
0.455015 -0.020803 -0.390886
0.545863 0.095090 -0.291351
0.625351 0.204205 -0.161849
0.688793 0.305020 -0.003563
0.729663 0.395108 0.180792
0.739248 0.470886 0.386319
0.706489 0.527369 0.605178
0.618441 0.557991 0.825782
0.462153 0.554719 1.032219
0.229007 0.508826 1.204402
-0.077885 0.412796 1.319758
-0.434944 0.263680 1.357216
-0.794043 0.067242 1.303355
-1.091572 -0.159275 1.158563
-1.272176 -0.388806 0.939323
-1.313372 -0.591483 0.673951
-1.231685 -0.743685 0.393668
-1.067129 -0.833786 0.124346
-0.861442 -0.862134 -0.117151
-0.644878 -0.837036 -0.322165
-0.433951 -0.770043 -0.487418
-0.234954 -0.672537 -0.612253
-0.048403 -0.554037 -0.696769
0.127693 -0.421736 -0.740832
0.295946 -0.280698 -0.743670
0.458661 -0.134315 -0.703802
0.617438 0.015205 -0.619115
0.772985 0.166397 -0.487031
0.924953 0.318158 -0.304716
1.071664 0.469404 -0.069368
1.209606 0.618724 0.221375
1.332495 0.763942 0.568819
1.429658 0.901508 0.972224
1.483357 1.025543 1.427186
1.464687 1.126349 1.923028
1.328420 1.188192 2.438754
1.009994 1.186578 2.937504
0.435600 1.086659 3.361106
-0.431995 0.847855 3.630831
-1.498634 0.443453 3.666630
-2.470165 -0.103430 3.432337
-2.989404 -0.697411 2.979327
-2.941438 -1.208216 2.430422
-2.525977 -1.547751 1.904586
-2.015676 -1.705145 1.462773
-1.567962 -1.720435 1.112928
-1.224326 -1.645230 0.838813
-0.972222 -1.521628 0.620319
-0.786434 -1.377702 0.441215
-0.644671 -1.229942 0.290335
-0.530720 -1.086958 0.160654
-0.433654 -0.952501 0.048103
-0.346391 -0.827547 -0.049392
-0.264498 -0.711612 -0.132588
-0.185350 -0.603558 -0.201396
-0.107577 -0.502073 -0.255210
-0.030705 -0.405938 -0.293142
0.045063 -0.314182 -0.314203
0.118988 -0.226157 -0.317448
0.189850 -0.141577 -0.302115
0.255967 -0.060543 -0.267758
0.315172 0.016440 -0.214394
0.364759 0.088438 -0.142671
0.401439 0.154057 -0.054065
0.421320 0.211417 0.048901
0.419984 0.258128 0.162428
0.392751 0.291313 0.281232
0.335257 0.307719 0.398425
0.244470 0.303979 0.505592
0.120212 0.277094 0.593208
-0.033029 0.225195 0.651514
-0.204613 0.148509 0.671924
-0.377651 0.050304 0.648770
-0.531301 -0.062616 0.580909
-0.645467 -0.180327 0.472546
-0.706222 -0.291273 0.332747
-0.709272 -0.384454 0.173701
-0.659745 -0.451475 0.008409
-0.568857 -0.487714 -0.151318
-0.449619 -0.492332 -0.295981
-0.313588 -0.467431 -0.418581
-0.169378 -0.416877 -0.514214
-0.022603 -0.345232 -0.579435
0.123442 -0.257007 -0.611671
0.266915 -0.156264 -0.608803
0.406644 -0.046481 -0.568921
0.541504 0.069388 -0.490253
0.669900 0.188750 -0.371233
0.789280 0.309131 -0.210697
0.895564 0.427875 -0.008233
0.982405 0.541766 0.235268
1.040163 0.646539 0.516803
1.054598 0.736235 0.830075
1.005502 0.802397 1.163858
0.866204 0.833217 1.499968
0.606306 0.813065 1.811281
0.202000 0.723513 2.061174
-0.341759 0.547736 2.207068
-0.962259 0.279902 2.211192
-1.530649 -0.062751 2.057924
-1.900339 -0.434779 1.767879
-1.995422 -0.774981 1.394068
-1.852889 -1.032024 0.998746
-1.575974 -1.183160 0.629263
-1.261160 -1.233817 0.309435
-0.964210 -1.205049 0.044895
-0.704908 -1.121168 -0.167830
-0.483349 -1.002929 -0.334754
-0.292327 -0.865508 -0.461255
-0.123628 -0.718945 -0.551046
0.029612 -0.569375 -0.606143
0.172353 -0.420277 -0.627180
0.307766 -0.273472 -0.613789
0.437468 -0.129862 -0.564952
0.561698 0.010049 -0.479330
0.679359 0.145768 -0.355592
0.787877 0.276502 -0.192768
0.882843 0.400862 0.009291
0.957410 0.516523 0.249308
1.001391 0.619796 0.523720
1.000139 0.705061 0.825497
0.933573 0.764086 1.142576
0.776438 0.785396 1.456047
0.502219 0.754195 1.738658
0.094552 0.653962 1.955099
-0.431593 0.471356 2.066537
-1.006983 0.205240 2.041585
-1.509722 -0.123433 1.871667
-1.815989 -0.469808 1.581022
-1.873147 -0.778638 1.220117
-1.723794 -1.006536 0.844459
-1.459976 -1.136040 0.495058
-1.163970 -1.173625 0.192486
-0.883032 -1.138609 -0.058090
-0.634269 -1.052786 -0.259233
-0.418115 -0.934754 -0.415728
-0.228602 -0.798217 -0.531864
-0.058710 -0.652346 -0.610505
0.097528 -0.502829 -0.653026
0.244458 -0.352963 -0.659568
0.384840 -0.204537 -0.629356
0.519996 -0.058505 -0.561030
0.649922 0.084531 -0.452950
0.773238 0.223945 -0.303523
0.886966 0.358766 -0.111589
0.986030 0.487349 0.123078
1.062438 0.606972 0.399047
1.104055 0.713300 0.712205
1.093024 0.799640 1.054267
1.004313 0.856024 1.410774
0.805974 0.868318 1.758708
0.464804 0.818113 2.064585
-0.036665 0.685090 2.285183
-0.669123 0.454291 2.374599
-1.327412 0.128999 2.300343
-1.847177 -0.257141 2.063458
-2.092329 -0.642794 1.706502
-2.044908 -0.962741 1.296672
-1.797944 -1.176167 0.895477
-1.471310 -1.276601 0.539690
-1.147554 -1.281854 0.241857
-0.862279 -1.218453 0.000314
-0.621353 -1.111137 -0.191727
-0.418104 -0.978776 -0.341206
-0.243003 -0.834150 -0.453371
-0.087582 -0.685188 -0.531498
0.054499 -0.536430 -0.577183
0.187490 -0.390257 -0.590777
0.313863 -0.247793 -0.571788
0.434598 -0.109543 -0.519241
0.549350 0.024162 -0.432002
0.656449 0.152836 -0.309108
0.752738 0.275566 -0.150136
0.833202 0.390737 0.044318
0.890407 0.495715 0.272017
0.913741 0.586454 0.528229
0.888670 0.657013 0.804610
0.796513 0.699068 1.087852
0.615994 0.701649 1.358364
0.328746 0.651686 1.589697
-0.068811 0.536357 1.750137
-0.548224 0.348250 1.808294
-1.037081 0.092894 1.743286
-1.432501 -0.205291 1.555995
-1.647366 -0.505309 1.273273
-1.657818 -0.762675 0.939258
-1.507401 -0.945657 0.598582
-1.268711 -1.043387 0.283308
-1.003629 -1.062754 0.009898
-0.748024 -1.019868 -0.216700
-0.515738 -0.932507 -0.397449
-0.307997 -0.815962 -0.535170
-0.120786 -0.681703 -0.632426
0.051082 -0.537592 -0.690731
0.212200 -0.388655 -0.710423
0.365984 -0.237918 -0.690820
0.514580 -0.087134 -0.630464
0.658896 0.062669 -0.527385
0.798585 0.210743 -0.379382
0.931882 0.356273 -0.184351
1.055207 0.498035 0.059299
1.162417 0.634006 0.352045
1.243546 0.760840 0.692350
1.282858 0.873104 1.075281
1.256173 0.962169 1.490417
1.128136 1.014719 1.918863
0.852143 1.011211 2.329567
0.380111 0.925608 2.676377
-0.306070 0.729603 2.899913
-1.138426 0.405937 2.941183
-1.925149 -0.029513 2.770124
-2.421781 -0.513219 2.413999
-2.505884 -0.952519 1.953753
-2.260870 -1.272310 1.481554
-1.868765 -1.446920 1.058927
-1.471866 -1.493770 0.707979
-1.133061 -1.448616 0.425932
-0.862233 -1.346437 0.201048
-0.647945 -1.213749 0.021380
-0.474753 -1.068018 -0.122237
-0.329518 -0.919643 -0.235905
-0.202660 -0.774224 -0.323248
-0.087749 -0.634380 -0.386100
0.019225 -0.501021 -0.425098
0.120471 -0.374186 -0.440128
0.216836 -0.253577 -0.430674
0.308064 -0.138910 -0.396108
0.392925 -0.030129 -0.335945
0.469218 0.072424 -0.250106
0.533699 0.167878 -0.139205
0.581922 0.254701 -0.004901
0.608081 0.330564 0.149695
0.604925 0.392203 0.319538
0.563946 0.435316 0.497135
0.476189 0.454600 0.672118
0.334153 0.444060 0.831114
0.135207 0.397854 0.958298
-0.113659 0.311863 1.037050
-0.391456 0.185981 1.052997
-0.662800 0.026482 0.998005
-0.885134 -0.152884 0.873658
-1.022767 -0.332501 0.692168
-1.060125 -0.491336 0.473595
-1.005237 -0.612338 0.240516
-0.881962 -0.686042 0.012902
-0.717905 -0.710995 -0.194641
-0.535634 -0.691699 -0.373020
-0.349654 -0.635731 -0.517268
-0.167367 -0.551347 -0.624841
0.008573 -0.446018 -0.694260
0.178071 -0.325825 -0.724248
0.342065 -0.195380 -0.713297
0.501615 -0.058043 -0.659508
0.657378 0.083765 -0.560602
0.809269 0.228224 -0.414038
0.956153 0.373783 -0.217229
1.095396 0.518821 0.032139
1.222159 0.661255 0.335614
1.328180 0.798027 0.693203
1.399800 0.924351 1.102130
1.414896 1.032573 1.554851
1.338748 1.110465 2.035971
1.120398 1.138996 2.517849
0.695529 1.090348 2.955536
0.010657 0.929110 3.284374
-0.913109 0.622903 3.428516
-1.897489 0.168132 3.330464
-2.625378 -0.380343 2.994914
-2.857390 -0.913441 2.505363
-2.634146 -1.324184 1.979667
-2.188075 -1.564391 1.504992
-1.724943 -1.648081 1.114581
-1.338055 -1.618805 0.805167
-1.041552 -1.520992 0.560333
-0.818784 -1.388124 0.363484
-0.648254 -1.241761 0.202004
-0.512281 -1.094309 0.067463
-0.398268 -0.952116 -0.045294
-0.297811 -0.817841 -0.139115
-0.205547 -0.692066 -0.215304
-0.118236 -0.574319 -0.274160
-0.034132 -0.463695 -0.315370
0.047437 -0.359233 -0.338284
0.126321 -0.260135 -0.342139
0.201698 -0.165892 -0.326241
0.272134 -0.076359 -0.290131
0.335590 0.008189 -0.233766
0.389385 0.087014 -0.157710
0.430139 0.158870 -0.063356
0.453738 0.221951 0.046825
0.455378 0.273864 0.169010
0.429800 0.311619 0.297764
0.371852 0.331724 0.425860
0.277574 0.330431 0.544294
0.145902 0.304243 0.642660
-0.019156 0.250741 0.710068
-0.206549 0.169714 0.736687
-0.397709 0.064322 0.715774
-0.568945 -0.058202 0.645623
-0.696951 -0.186906 0.530642
-0.765461 -0.308803 0.380862
-0.769614 -0.411453 0.209905
-0.715713 -0.485428 0.032231
-0.617073 -0.525685 -0.139227
-0.488763 -0.531533 -0.294313
-0.343776 -0.505577 -0.425784
-0.191437 -0.452308 -0.528752
-0.037514 -0.376864 -0.599895
0.114874 -0.284198 -0.636769
0.264215 -0.178654 -0.637321
0.409719 -0.063853 -0.599623
0.550659 0.057231 -0.521780
0.685850 0.182073 -0.401988
0.813183 0.308349 -0.238716
0.929078 0.433625 -0.031039
1.027750 0.554974 0.220848
1.100148 0.668486 0.514843
1.132484 0.768596 0.845757
1.104436 0.847203 1.203620
0.987713 0.892599 1.571407
0.747151 0.888548 1.922462
0.349150 0.814545 2.218814
-0.215801 0.649386 2.413229
-0.896651 0.380726 2.459255
-1.557956 0.019952 2.330873
-2.020808 -0.387528 2.042606
-2.172206 -0.772215 1.650644
-2.038457 -1.070762 1.227372
-1.740081 -1.252231 0.829883
-1.396191 -1.320539 0.486826
-1.075631 -1.299580 0.204256
-0.801751 -1.217591 -0.022920
-0.573596 -1.098558 -0.202705
-0.381784 -0.959768 -0.342147
-0.216171 -0.812441 -0.446214
-0.068517 -0.663268 -0.517846
0.067056 -0.515910 -0.558374
0.194320 -0.372168 -0.567989
0.315320 -0.232816 -0.546144
0.430672 -0.098174 -0.491908
0.539699 0.031497 -0.404283
0.640425 0.155695 -0.282535
0.729393 0.273425 -0.126569
0.801309 0.382946 0.062594
0.848518 0.481469 0.282188
0.860373 0.564796 0.526876
0.822731 0.626905 0.787699
0.718181 0.659584 1.050891
0.528224 0.652392 1.296870
0.239321 0.593519 1.500181
-0.145720 0.472398 1.631663
-0.593449 0.284708 1.664254
-1.033332 0.038807 1.582283
-1.374786 -0.240295 1.390425
-1.548204 -0.514657 1.115540
-1.540459 -0.745475 0.797844
-1.392904 -0.906325 0.476617
-1.168272 -0.988940 0.179895
-0.919208 -1.000004 -0.077576
-0.676610 -0.953900 -0.290828
-0.452938 -0.866408 -0.460010
-0.249836 -0.751192 -0.586971
-0.064231 -0.618627 -0.673423
0.108174 -0.475929 -0.720208
0.271295 -0.327794 -0.727143
0.428083 -0.177118 -0.693133
0.580376 -0.025630 -0.616374
0.728871 0.125595 -0.494588
0.873051 0.275742 -0.325294
1.010956 0.423898 -0.106127
1.138695 0.568709 0.164719
1.249554 0.707956 0.487844
1.332473 0.837962 0.861634
1.369654 0.952691 1.280680
1.333183 1.042413 1.733314
1.181441 1.091849 2.198021
0.858873 1.078219 2.638937
0.308913 0.970921 3.002325
-0.483670 0.737241 3.219546
-1.419644 0.360114 3.225683
-2.249246 -0.133987 2.996352
-2.693232 -0.661874 2.578494
-2.665561 -1.115871 2.074422
-2.319251 -1.422484 1.583965
-1.871613 -1.569510 1.162313
-1.459448 -1.587540 0.821312
-1.127723 -1.519451 0.550716
-0.872885 -1.402183 0.334984
-0.676674 -1.261599 0.160671
-0.520955 -1.113674 0.018178
-0.391798 -0.967299 -0.098642
-0.279549 -0.826823 -0.193366
-0.177900 -0.693904 -0.267792
-0.082956 -0.568728 -0.322548
0.007456 -0.450788 -0.357533
0.094264 -0.339360 -0.372241
0.177431 -0.233790 -0.366015
0.256131 -0.133667 -0.338259
0.328804 -0.038942 -0.288641
0.393159 0.049996 -0.217300
0.446117 0.132248 -0.125081
0.483734 0.206334 -0.013802
0.501154 0.270124 0.113436
0.492686 0.320786 0.251918
0.452130 0.354786 0.395009
0.373602 0.368018 0.533964
0.253067 0.356158 0.658022
0.090698 0.315381 0.755019
-0.106296 0.243505 0.812729
-0.321555 0.141459 0.820992
-0.530097 0.014625 0.774267
-0.703050 -0.126706 0.673709
-0.815797 -0.268458 0.527709
-0.855668 -0.395493 0.350295
-0.824706 -0.494924 0.157982
-0.736277 -0.558579 -0.033537
-0.608414 -0.583715 -0.211566
-0.457905 -0.572123 -0.367039
-0.297249 -0.528450 -0.494029
-0.134240 -0.458524 -0.588775
0.027034 -0.368160 -0.648746
0.184848 -0.262491 -0.671942
0.338676 -0.145743 -0.656480
0.488348 -0.021269 -0.600407
0.633470 0.108268 -0.501678
0.772966 0.240632 -0.358272
0.904632 0.373726 -0.168421
1.024557 0.505244 0.069001
1.126258 0.632248 0.353888
1.199387 0.750600 0.683982
1.227838 0.854165 1.053470
1.187341 0.933709 1.450912
1.043434 0.975520 1.856400
0.752816 0.960186 2.238286
0.275096 0.862974 2.551156
-0.395328 0.658887 2.739084
-1.179691 0.336027 2.750077
-1.892610 -0.084839 2.562578
-2.320239 -0.540720 2.208095
-2.371008 -0.946844 1.763375
-2.130447 -1.238029 1.311431
-1.760714 -1.393823 0.906698
-1.386063 -1.431184 0.568972
-1.062110 -1.382757 0.296292
-0.798503 -1.280408 0.078659
-0.585808 -1.148495 -0.094298
-0.410587 -1.003271 -0.230593
-0.261149 -0.854570 -0.335538
-0.128862 -0.707812 -0.412214
-0.007909 -0.565646 -0.462071
0.105291 -0.429113 -0.485460
0.212610 -0.298440 -0.482061
0.314568 -0.173549 -0.451222
0.410531 -0.054400 -0.392253
0.498766 0.058773 -0.304720
0.576372 0.165270 -0.188748
0.639104 0.263755 -0.045395
0.681104 0.352067 0.122898
0.694639 0.427017 0.311742
0.669985 0.484179 0.514144
0.595827 0.517757 0.719818
0.460783 0.520684 0.914681
0.256858 0.485241 1.080934
-0.014654 0.404590 1.198351
-0.335942 0.275469 1.247438
-0.668406 0.101657 1.214455
-0.957963 -0.103357 1.096855
-1.152729 -0.316950 0.906132
-1.224546 -0.512422 0.665504
-1.178767 -0.666609 0.403012
-1.045604 -0.765815 0.143963
-0.862255 -0.807187 -0.093490
-0.659087 -0.796114 -0.298762
-0.454893 -0.742189 -0.466860
-0.258476 -0.655830 -0.595927
-0.072272 -0.546297 -0.685356
0.104496 -0.420921 -0.734653
0.273768 -0.285080 -0.742905
0.437530 -0.142512 -0.708599
0.597273 0.004261 -0.629647
0.753718 0.153517 -0.503502
0.906609 0.303970 -0.327355
1.054435 0.454420 -0.098397
1.193937 0.603411 0.185799
1.319228 0.748806 0.526688
1.420264 0.887197 0.923823
1.480305 1.012993 1.373322
1.471986 1.117001 1.865395
1.352195 1.184290 2.380482
1.058453 1.191479 2.883839
0.516560 1.104834 3.319884
-0.318993 0.883768 3.611708
-1.374525 0.498324 3.677510
-2.376962 -0.035963 3.473313
-2.960832 -0.631397 3.039764
-2.971929 -1.157755 2.494868
-2.583347 -1.518920 1.961953
-2.073000 -1.695718 1.509317
-1.614274 -1.724584 1.149531
-1.258797 -1.657309 0.867800
-0.997477 -1.537542 0.643862
-0.805371 -1.394906 0.460902
-0.659547 -1.247027 0.307200
-0.543099 -1.103243 0.175318
-0.444563 -0.967738 0.060901
-0.356484 -0.841724 -0.038314
-0.274174 -0.724831 -0.123207
-0.194831 -0.615968 -0.193768
-0.116961 -0.513823 -0.249436
-0.040004 -0.417155 -0.289345
0.035913 -0.324960 -0.312507
0.110104 -0.236547 -0.317964
0.181408 -0.151587 -0.304926
0.248198 -0.070133 -0.272899
0.308367 0.007358 -0.221835
0.359278 0.080004 -0.152297
0.397715 0.146471 -0.065650
0.419858 0.204936 0.035726
0.421345 0.253071 0.148197
0.397507 0.288057 0.266669
0.343897 0.306676 0.384452
0.257254 0.305554 0.493304
0.136958 0.281613 0.583799
-0.013164 0.232801 0.646146
-0.183265 0.159035 0.671530
-0.357152 0.063173 0.653833
-0.514258 -0.048410 0.591301
-0.634106 -0.166115 0.487483
-0.701775 -0.278477 0.350924
-0.711733 -0.374311 0.193550
-0.668095 -0.444824 0.028381
-0.581562 -0.484912 -0.132552
-0.465129 -0.493310 -0.279442
-0.330641 -0.471821 -0.405002
-0.187092 -0.424157 -0.504105
-0.040434 -0.354841 -0.573160
0.105802 -0.268417 -0.609517
0.249642 -0.169012 -0.611017
0.389866 -0.060176 -0.575731
0.525374 0.055083 -0.501870
0.654651 0.174138 -0.387836
0.775288 0.294514 -0.232400
0.883426 0.413596 -0.035038
0.973041 0.528260 0.203556
1.034956 0.634397 0.480687
1.055567 0.726294 0.790534
1.015452 0.795845 1.122570
0.888682 0.831689 1.459571
0.644977 0.818652 1.775578
0.258818 0.738506 2.035053
-0.269868 0.573843 2.195742
-0.886623 0.316858 2.218468
-1.469406 -0.018544 2.083974
-1.869277 -0.390082 1.808221
-1.997780 -0.737230 1.441240
-1.879187 -1.006149 1.045625
-1.612862 -1.170272 0.671340
-1.298883 -1.232164 0.344955
-0.998195 -1.211720 0.073814
-0.734095 -1.133327 -0.144865
-0.508280 -1.018347 -0.317013
-0.313998 -0.882636 -0.448164
-0.142978 -0.736795 -0.542246
0.011852 -0.587363 -0.601464
0.155686 -0.438081 -0.626600
0.291896 -0.290929 -0.617384
0.422275 -0.146889 -0.572859
0.547225 -0.006492 -0.491708
0.665815 0.129786 -0.372578
0.775661 0.261203 -0.214435
0.872604 0.386458 -0.016998
0.950133 0.503360 0.218667
0.998515 0.608410 0.489330
1.003699 0.696255 0.788456
0.946275 0.759013 1.104681
0.801491 0.785617 1.420010
0.542539 0.761626 1.708226
0.150861 0.670533 1.934842
-0.363717 0.498197 2.060974
-0.939192 0.241426 2.053525
-1.458235 -0.081839 1.900396
-1.793070 -0.429183 1.621849
-1.879613 -0.745415 1.266192
-1.750446 -0.984636 0.889600
-1.495281 -1.126068 0.535462
-1.199783 -1.173833 0.226680
-0.915568 -1.146352 -0.030154
-0.662657 -1.065534 -0.237035
-0.442828 -0.950524 -0.398683
-0.250503 -0.815625 -0.519528
-0.078621 -0.670504 -0.602622
0.078963 -0.521210 -0.649515
0.226798 -0.371274 -0.660479
0.367828 -0.222627 -0.634836
0.503543 -0.076292 -0.571282
0.634093 0.067109 -0.468195
0.758276 0.206969 -0.323961
0.873326 0.342377 -0.137346
0.974457 0.471789 0.092018
1.054090 0.592640 0.362947
1.100674 0.700825 0.671717
1.097146 0.789985 1.010645
1.019411 0.850609 1.366146
0.836256 0.869109 1.716376
0.514070 0.827562 2.029189
0.032138 0.705642 2.262377
-0.587792 0.487182 2.369745
-1.250385 0.172494 2.316126
-1.795286 -0.208780 2.097652
-2.077328 -0.597838 1.752179
-2.062221 -0.928349 1.345407
-1.833190 -1.155563 0.940880
-1.511163 -1.269076 0.578659
-1.184573 -1.284565 0.273780
-0.894012 -1.228157 0.025774
-0.647945 -1.125106 -0.171845
-0.440592 -0.995044 -0.326128
-0.262499 -0.851430 -0.442552
-0.104993 -0.702704 -0.524613
0.038529 -0.553747 -0.574086
0.172552 -0.407151 -0.591446
0.299745 -0.264158 -0.576279
0.421255 -0.125322 -0.527649
0.536895 0.009020 -0.444419
0.645158 0.138416 -0.325584
0.743077 0.262016 -0.170631
0.825885 0.378301 0.020001
0.886460 0.484777 0.244312
0.914599 0.577585 0.497922
0.896232 0.651029 0.772978
0.813096 0.697075 1.056823
0.643963 0.705037 1.330636
0.369548 0.661980 1.568705
-0.016398 0.554798 1.739662
-0.490087 0.375024 1.811530
-0.984078 0.126246 1.761482
-1.396819 -0.169389 1.587381
-1.636074 -0.472215 1.313301
-1.669182 -0.737121 0.982305
-1.533490 -0.930136 0.639945
-1.300902 -1.037912 0.320174
-1.036063 -1.065715 0.041157
-0.777980 -1.029089 -0.191141
-0.542576 -0.945956 -0.377277
-0.332064 -0.832042 -0.520026
-0.142737 -0.699294 -0.622065
0.030605 -0.555967 -0.685060
0.192688 -0.407375 -0.709494
0.347083 -0.256739 -0.694800
0.496089 -0.105922 -0.639606
0.640759 0.043986 -0.541994
0.780898 0.192230 -0.399784
0.914921 0.338019 -0.210848
1.039493 0.480199 0.026480
1.148827 0.616863 0.312839
1.233502 0.744858 0.646978
1.278610 0.859052 1.024450
1.261173 0.951275 1.435620
1.147356 1.008873 1.862794
0.891852 1.013149 2.276606
0.445925 0.938835 2.632859
-0.214396 0.757546 2.873529
-1.034524 0.449793 2.938588
-1.837316 0.026369 2.792941
-2.377480 -0.454934 2.456230
-2.510386 -0.903108 2.004334
-2.296903 -1.238882 1.530367
-1.914793 -1.430345 1.100509
-1.514684 -1.490823 0.741084
-1.168129 -1.454927 0.451459
-0.889620 -1.358201 0.220470
-0.669231 -1.228234 0.036026
-0.491617 -1.083470 -0.111376
-0.343296 -0.935030 -0.228157
-0.214300 -0.788995 -0.318183
-0.097877 -0.648275 -0.383458
0.010225 -0.513948 -0.424729
0.112398 -0.386135 -0.441944
0.209624 -0.264570 -0.434617
0.301759 -0.148963 -0.402117
0.387670 -0.039235 -0.343929
0.465250 0.064312 -0.259916
0.531351 0.160862 -0.150611
0.581630 0.248946 -0.017551
0.610380 0.326306 0.136304
0.610429 0.389752 0.306097
0.573284 0.435056 0.484555
0.489864 0.456955 0.661530
0.352289 0.449437 0.823828
0.157183 0.406516 0.955669
-0.089576 0.323756 1.040243
-0.368234 0.200536 1.062656
-0.644165 0.042496 1.013939
-0.874424 -0.137154 0.894713
-1.021620 -0.318974 0.716429
-1.067912 -0.481608 0.498862
-1.019623 -0.607297 0.264822
-0.900097 -0.685780 0.034827
-0.737414 -0.714997 -0.175936
-0.555007 -0.699135 -0.357929
-0.368167 -0.645716 -0.505929
-0.184815 -0.563096 -0.617290
-0.007875 -0.458910 -0.690519
0.162460 -0.339404 -0.724375
0.327132 -0.209327 -0.717397
0.487256 -0.072141 -0.667729
0.643569 0.069672 -0.573120
0.796095 0.214264 -0.431038
0.943837 0.360090 -0.238870
1.084356 0.505570 0.005767
1.213097 0.648705 0.304556
1.322241 0.786581 0.657743
1.398812 0.914652 1.062952
1.421717 1.025635 1.513289
1.357660 1.107870 1.994383
1.157193 1.143101 2.480087
0.756307 1.104350 2.927346
0.097426 0.956499 3.273152
-0.810822 0.665576 3.441357
-1.808081 0.223163 3.369978
-2.581941 -0.322526 3.055389
-2.869547 -0.865356 2.574530
-2.681763 -1.294036 2.045902
-2.244450 -1.552863 1.562418
-1.774796 -1.650978 1.162496
-1.377507 -1.630893 0.845200
-1.072044 -1.538054 0.594445
-0.842980 -1.407383 0.393200
-0.668483 -1.261618 0.228305
-0.530218 -1.113960 0.090884
-0.415020 -0.971235 -0.024534
-0.314070 -0.836370 -0.121013
-0.221711 -0.710077 -0.199995
-0.134502 -0.591931 -0.261866
-0.050546 -0.481026 -0.306360
0.030944 -0.376373 -0.332846
0.109917 -0.277126 -0.340553
0.185644 -0.182718 -0.328752
0.256791 -0.092940 -0.296923
0.321430 -0.007992 -0.244931
0.377013 0.071474 -0.173206
0.420313 0.144308 -0.082962
0.447385 0.208819 0.023564
0.453591 0.262735 0.142848
0.433784 0.303199 0.269814
0.382797 0.326829 0.397635
0.296404 0.329936 0.517708
0.172879 0.308965 0.619941
0.015080 0.261252 0.693548
-0.167504 0.186088 0.728457
-0.357891 0.085886 0.717240
-0.533353 -0.032993 0.657110
-0.670295 -0.160354 0.551206
-0.750812 -0.283576 0.408451
-0.767672 -0.390039 0.241807
-0.725052 -0.469662 0.065628
-0.635058 -0.516522 -0.106825
-0.512558 -0.529093 -0.264859
-0.371006 -0.509373 -0.400699
-0.220424 -0.461515 -0.509036
-0.067222 -0.390543 -0.586278
0.085013 -0.301448 -0.629832
0.234483 -0.198682 -0.637584
0.380276 -0.085996 -0.607591
0.521656 0.033520 -0.537960
0.657528 0.157264 -0.426877
0.785969 0.282881 -0.272766
0.903700 0.407965 -0.074591
1.005404 0.529698 0.167672
1.082736 0.644383 0.452306
1.122953 0.746814 0.774761
1.107182 0.829449 1.126081
1.008882 0.881373 1.490751
0.794284 0.887335 1.844179
0.429012 0.827705 2.150757
-0.102596 0.681234 2.364986
-0.763337 0.433295 2.439700
-1.434293 0.089927 2.343939
-1.940506 -0.310154 2.083848
-2.150611 -0.700937 1.708447
-2.064587 -1.016357 1.288714
-1.790509 -1.218872 0.885595
-1.451474 -1.306544 0.532844
-1.125712 -1.300416 0.240047
-0.843600 -1.228385 0.003695
-0.607601 -1.115295 -0.183849
-0.409422 -0.979562 -0.329800
-0.238960 -0.833386 -0.439429
-0.087664 -0.684182 -0.515959
0.050709 -0.536098 -0.560938
0.180259 -0.391237 -0.574696
0.303308 -0.250539 -0.556759
0.420703 -0.114400 -0.506208
0.531983 0.016909 -0.422003
0.635388 0.142925 -0.303306
0.727698 0.262736 -0.149854
0.803892 0.374720 0.037580
0.856628 0.476244 0.256574
0.875581 0.563307 0.502246
0.846847 0.630101 0.766200
0.752938 0.668606 1.035309
0.574534 0.668435 1.290576
0.295936 0.617498 1.506803
-0.083939 0.504331 1.654324
-0.536459 0.322914 1.704367
-0.993967 0.079372 1.638332
-1.363139 -0.203068 1.457649
-1.565797 -0.486524 1.187198
-1.579764 -0.730154 0.867502
-1.442675 -0.904496 0.539916
-1.219322 -0.998802 0.234885
-0.966645 -1.018613 -0.031155
-0.719057 -0.978313 -0.252470
-0.490916 -0.894276 -0.429089
-0.284532 -0.780895 -0.563053
-0.096861 -0.649176 -0.656361
0.076605 -0.506800 -0.710132
0.240041 -0.358771 -0.724425
0.396631 -0.208171 -0.698334
0.548409 -0.056827 -0.630206
0.696246 0.094154 -0.517880
0.839797 0.243964 -0.358953
0.977313 0.391741 -0.151098
1.105207 0.536228 0.107515
1.217244 0.675363 0.417612
1.303164 0.805733 0.777878
1.346501 0.921743 1.183493
1.321476 1.014385 1.623869
1.189574 1.069529 2.079336
0.898743 1.066045 2.516900
0.393556 0.975205 2.886622
-0.348891 0.765135 3.123299
-1.252162 0.416030 3.161836
-2.094960 -0.053901 2.970512
-2.600312 -0.571801 2.583590
-2.646000 -1.033825 2.094398
-2.348020 -1.360457 1.603640
-1.916735 -1.529951 1.173368
-1.501205 -1.566554 0.821673
-1.158804 -1.511168 0.541569
-0.892547 -1.401274 0.318540
-0.686470 -1.264069 0.139147
-0.522786 -1.116813 -0.006505
-0.387282 -0.969391 -0.124879
-0.269917 -0.826846 -0.219795
-0.164054 -0.691291 -0.293222
-0.065562 -0.563211 -0.345897
0.027890 -0.442286 -0.377785
0.117317 -0.327910 -0.388421
0.202717 -0.219508 -0.377176
0.283240 -0.116733 -0.343482
0.357251 -0.019593 -0.287050
0.422316 0.071453 -0.208093
0.475132 0.155410 -0.107584
0.511440 0.230664 0.012452
0.525964 0.294901 0.148596
0.512494 0.345038 0.295668
0.464275 0.377226 0.446390
0.374974 0.387000 0.591189
0.240490 0.369693 0.718337
0.061715 0.321282 0.814701
-0.152254 0.239719 0.867342
-0.381961 0.126600 0.865982
-0.598839 -0.011412 0.805842
-0.771419 -0.162318 0.689744
-0.874927 -0.310398 0.528253
-0.899235 -0.439524 0.337430
-0.850356 -0.536795 0.135093
-0.745214 -0.594890 -0.062671
-0.603854 -0.612347 -0.243479
-0.443508 -0.592216 -0.398917
-0.276140 -0.540091 -0.523733
-0.108656 -0.462372 -0.614700
0.055703 -0.365123 -0.669631
0.215863 -0.253506 -0.686700
0.371739 -0.131647 -0.664070
0.523436 -0.002745 -0.599746
0.670711 0.130700 -0.491584
0.812554 0.266607 -0.337426
0.946751 0.403001 -0.135354
1.069287 0.537661 0.115914
1.173436 0.667677 0.416389
1.248336 0.788852 0.763849
1.276885 0.894839 1.152329
1.232980 0.975931 1.569871
1.079055 1.017503 1.995375
0.767325 0.998580 2.394921
0.252979 0.892175 2.719426
-0.468968 0.671005 2.908355
-1.306347 0.322877 2.906396
-2.047682 -0.127071 2.693727
-2.460973 -0.607047 2.310110
-2.466387 -1.024708 1.842254
-2.178893 -1.314148 1.377955
-1.779247 -1.460006 0.970093
-1.392749 -1.485182 0.634342
-1.068584 -1.426115 0.365221
-0.810434 -1.316172 0.150652
-0.605352 -1.179845 -0.020747
-0.438248 -1.032944 -0.157427
-0.296783 -0.884721 -0.264884
-0.172123 -0.740062 -0.346293
-0.058418 -0.601173 -0.403184
0.047907 -0.468753 -0.435989
0.148739 -0.342760 -0.444475
0.244660 -0.222899 -0.428075
0.335181 -0.108937 -0.386166
0.418836 -0.000915 -0.318330
0.493160 0.100697 -0.224624
0.554591 0.194865 -0.105887
0.598300 0.279851 0.035894
0.618023 0.353072 0.197141
0.606016 0.410960 0.372184
0.553355 0.448875 0.552731
0.450981 0.461184 0.727481
0.292012 0.441692 0.882111
0.075671 0.384666 1.000076
-0.187639 0.286664 1.064663
-0.472408 0.149009 1.062450
-0.739358 -0.019943 0.987469
-0.945137 -0.204273 0.844307
-1.057666 -0.383004 0.648052
-1.067884 -0.535235 0.420491
-0.989832 -0.645461 0.184364
-0.850392 -0.706432 -0.041391
-0.677095 -0.718713 -0.243649
-0.490746 -0.688137 -0.414638
-0.303801 -0.622877 -0.550302
-0.122059 -0.531239 -0.648595
0.052827 -0.420454 -0.708232
0.221279 -0.296250 -0.727956
0.384434 -0.162890 -0.706190
0.543357 -0.023443 -0.640932
0.698596 0.119884 -0.529809
0.849879 0.265405 -0.370219
0.995782 0.411619 -0.159569
1.133248 0.556869 0.104374
1.256776 0.698922 0.422928
1.357049 0.834416 0.795637
1.418702 0.958028 1.218875
1.416923 1.061196 1.683618
1.313094 1.130258 2.172029
1.051696 1.144097 2.652702
0.566359 1.072454 3.075653
-0.187665 0.878599 3.371409
-1.158931 0.533406 3.463798
-2.124270 0.044690 3.305285
-2.753638 -0.516456 2.920155
-2.861486 -1.033246 2.407704
-2.556030 -1.407800 1.885195
-2.085555 -1.608517 1.427635
-1.632638 -1.660569 1.056951
-1.266626 -1.610470 0.764393
-0.989833 -1.501042 0.532318
-0.782273 -1.362986 0.344662
-0.622590 -1.215428 0.189720
-0.494124 -1.069041 0.059862
-0.385277 -0.929051 -0.049476
-0.288404 -0.797441 -0.140737
-0.198680 -0.674406 -0.214954
-0.113235 -0.559271 -0.272251
-0.030577 -0.451042 -0.312206
0.049789 -0.348734 -0.334108
0.127593 -0.251564 -0.337168
0.201922 -0.159056 -0.320686
0.271283 -0.071108 -0.284222
0.333594 0.011960 -0.227763
0.386148 0.089368 -0.151915
0.425560 0.159834 -0.058120
0.447736 0.221527 0.051100
0.447928 0.272038 0.171873
0.420985 0.308389 0.298737
0.361935 0.327125 0.424471
0.267075 0.324576 0.540133
0.135661 0.297371 0.635461
-0.027987 0.243263 0.699801
-0.212640 0.162228 0.723651
-0.399845 0.057581 0.700626
-0.566413 -0.063393 0.629332
-0.689837 -0.189851 0.514338
-0.754665 -0.309076 0.365633
-0.756545 -0.408987 0.196618
-0.701841 -0.480500 0.021434
-0.603563 -0.518803 -0.147289
-0.476338 -0.523300 -0.299623
-0.332761 -0.496576 -0.428460
-0.181892 -0.443031 -0.528966
-0.029371 -0.367691 -0.597829
0.121714 -0.275405 -0.632597
0.269818 -0.170436 -0.631208
0.414085 -0.056355 -0.591737
0.553699 0.063885 -0.512313
0.687373 0.187758 -0.391183
0.812866 0.312909 -0.226902
0.926437 0.436849 -0.018673
1.022092 0.556569 0.233123
1.090518 0.668038 0.526120
1.117622 0.765540 0.854772
1.082810 0.840787 1.208647
0.957777 0.881886 1.570175
0.708091 0.872533 1.912193
0.302434 0.792489 2.196553
-0.264264 0.621513 2.376694
-0.935540 0.349154 2.408229
-1.574210 -0.010840 2.268431
-2.008162 -0.411779 1.974780
-2.136550 -0.785446 1.584011
-1.992840 -1.071784 1.166373
-1.695473 -1.242906 0.776020
-1.357484 -1.304052 0.439637
-1.043132 -1.278912 0.162623
-0.773846 -1.194872 -0.059990
-0.548405 -1.075036 -0.235803
-0.357767 -0.936037 -0.371462
-0.192231 -0.788672 -0.471607
-0.043918 -0.639396 -0.538928
0.092782 -0.491753 -0.574576
0.221450 -0.347506 -0.578598
0.343990 -0.207433 -0.550341
0.460887 -0.071884 -0.488789
0.571334 0.058823 -0.392890
0.673181 0.184110 -0.261889
0.762719 0.302879 -0.095722
0.834276 0.413237 0.104474
0.879618 0.512171 0.335690
0.887238 0.595152 0.592139
0.841796 0.655669 0.864112
0.724411 0.684831 1.136684
0.515247 0.671345 1.388648
0.200623 0.602554 1.592567
-0.213838 0.467501 1.717447
-0.687447 0.262688 1.735534
-1.139510 -0.000879 1.632750
-1.472491 -0.294106 1.417881
-1.619512 -0.575378 1.122867
-1.578731 -0.804734 0.791461
-1.402948 -0.957528 0.463608
-1.160133 -1.028751 0.165824
-0.902301 -1.028051 -0.089333
-0.657294 -0.971638 -0.298699
-0.434657 -0.876027 -0.463562
-0.234097 -0.754917 -0.586361
-0.051503 -0.618390 -0.669062
0.117872 -0.473280 -0.712593
0.278071 -0.323924 -0.716794
0.432003 -0.172934 -0.680586
0.581383 -0.021838 -0.602202
0.726728 0.128415 -0.479448
0.867292 0.277058 -0.309981
1.000821 0.423162 -0.091657
1.123036 0.565283 0.177007
1.226700 0.701032 0.496143
1.300073 0.826465 0.863482
1.324549 0.935173 1.272709
1.271515 1.016959 1.710977
1.099510 1.056106 2.155402
0.755777 1.029783 2.568974
0.192106 0.908556 2.898087
-0.591251 0.663304 3.077353
-1.480051 0.283417 3.049648
-2.230717 -0.198310 2.800660
-2.600508 -0.698822 2.382465
-2.538160 -1.119288 1.892644
-2.196439 -1.396959 1.421147
-1.770292 -1.524836 1.016068
-1.378757 -1.532820 0.687211
-1.060525 -1.460682 0.425225
-0.812228 -1.342413 0.216196
-0.617571 -1.201885 0.048092
-0.460256 -1.053955 -0.087671
-0.327666 -0.906992 -0.196566
-0.211018 -0.765176 -0.281717
-0.104588 -0.630186 -0.344623
-0.004899 -0.502337 -0.385718
0.089889 -0.381303 -0.404785
0.180385 -0.266571 -0.401282
0.266214 -0.157722 -0.374592
0.346133 -0.054615 -0.324262
0.418051 0.042487 -0.250236
0.478974 0.132816 -0.153107
0.524899 0.214997 -0.034421
0.550712 0.286945 0.102976
0.550158 0.345776 0.254543
0.516056 0.387745 0.413633
0.441006 0.408300 0.571164
0.318922 0.402375 0.715554
0.147688 0.365075 0.833174
-0.067246 0.292921 0.909672
-0.309508 0.185622 0.932340
-0.551175 0.047934 0.893247
-0.757518 -0.109334 0.792134
-0.897075 -0.270243 0.637572
-0.952370 -0.416870 0.445365
-0.924656 -0.533545 0.234691
-0.830067 -0.610192 0.023828
-0.690847 -0.643405 -0.172694
-0.527464 -0.635363 -0.344893
-0.354686 -0.591665 -0.486631
-0.181241 -0.519225 -0.594336
-0.011264 -0.424798 -0.665793
0.153913 -0.314205 -0.699292
0.314333 -0.192093 -0.693136
0.470436 -0.062012 -0.645416
0.622451 0.073354 -0.553977
0.769978 0.211901 -0.416507
0.911603 0.351793 -0.230743
1.044418 0.491124 0.005211
1.163284 0.627528 0.292377
1.259649 0.757660 0.630117
1.319690 0.876455 1.014895
1.321594 0.976052 1.438358
1.232236 1.044259 1.884457
1.005097 1.062713 2.325583
0.585359 1.005644 2.718572
-0.065416 0.842014 3.003920
-0.913593 0.546171 3.115237
-1.792276 0.120229 3.005951
-2.431771 -0.383329 2.684782
-2.638777 -0.868741 2.226095
-2.448506 -1.244098 1.732023
-2.052616 -1.466782 1.279774
-1.627367 -1.546812 0.901725
-1.259557 -1.520870 0.598244
-0.967810 -1.428110 0.356820
-0.741240 -1.299152 0.163619
-0.562410 -1.154416 0.007701
-0.416029 -1.006121 -0.118380
-0.290840 -0.860862 -0.219196
-0.179220 -0.721718 -0.297235
-0.076308 -0.589734 -0.353570
0.020742 -0.464893 -0.388371
0.113312 -0.346729 -0.401278
0.201662 -0.234709 -0.391694
0.285131 -0.128467 -0.359028
0.362225 -0.027962 -0.302925
0.430606 0.066412 -0.223494
0.487027 0.153728 -0.121576
0.527229 0.232430 0.000952
0.545849 0.300238 0.140821
0.536458 0.354066 0.292977
0.491882 0.389992 0.450194
0.405107 0.403368 0.602813
0.271069 0.389206 0.738804
0.089536 0.342994 0.844428
-0.131320 0.262070 0.905819
-0.372186 0.147425 0.911546
-0.603287 0.005366 0.855713
-0.790597 -0.151951 0.740433
-0.906312 -0.308045 0.576263
-0.938166 -0.445599 0.379951
-0.891759 -0.550509 0.170400
-0.785102 -0.614612 -0.035238
-0.639937 -0.636119 -0.223808
-0.474990 -0.618185 -0.386497
-0.303159 -0.566757 -0.517937
-0.131761 -0.488654 -0.614953
0.035906 -0.390311 -0.675466
0.198899 -0.277168 -0.697757
0.357344 -0.153529 -0.680060
0.511588 -0.022679 -0.620394
0.661650 0.112869 -0.516567
0.806815 0.251085 -0.366298
0.945236 0.390109 -0.167446
1.073383 0.527901 0.081611
1.185195 0.661820 0.381407
1.270733 0.788051 0.730482
1.314100 0.900787 1.123973
1.290556 0.991027 1.551445
1.163404 1.044962 1.993754
0.883454 1.042232 2.419083
0.398690 0.955428 2.779598
-0.312559 0.754288 3.013066
-1.180371 0.419753 3.057052
-2.000176 -0.032061 2.879633
-2.509945 -0.533794 2.510310
-2.582656 -0.987102 2.035700
-2.314657 -1.313630 1.552835
-1.902685 -1.488567 1.124509
-1.494599 -1.532258 0.771485
-1.152048 -1.483078 0.489092
-0.882032 -1.377509 0.264164
-0.670889 -1.242662 0.083903
-0.501890 -1.096082 -0.061325
-0.361236 -0.948026 -0.177877
-0.239026 -0.803881 -0.269532
-0.128663 -0.666048 -0.338228
-0.026033 -0.535239 -0.384681
0.071163 -0.411319 -0.408839
0.163879 -0.293832 -0.410227
0.252008 -0.182343 -0.388229
0.334535 -0.076640 -0.342324
0.409577 0.023117 -0.272328
0.474343 0.116284 -0.178645
0.525031 0.201627 -0.062562
0.556711 0.277216 0.073404
0.563254 0.340321 0.225108
0.537458 0.387329 0.386345
0.471612 0.413759 0.548474
0.358835 0.414478 0.700246
0.195535 0.384287 0.828104
-0.014993 0.319063 0.917297
-0.258769 0.217494 0.954081
-0.509478 0.083081 0.928863
-0.731965 -0.074486 0.839411
-0.891814 -0.239752 0.692608
-0.967117 -0.394312 0.503434
-0.955277 -0.521168 0.291301
-0.870689 -0.608588 0.075486
-0.736016 -0.651754 -0.128244
-0.573313 -0.651989 -0.308859
-0.399060 -0.614611 -0.459536
-0.223268 -0.546648 -0.576358
-0.050824 -0.455165 -0.657007
0.116612 -0.346340 -0.699796
0.279024 -0.225137 -0.703103
0.436950 -0.095346 -0.665091
0.590811 0.040197 -0.583643
0.740472 0.179317 -0.456434
0.884874 0.320194 -0.281103
1.021605 0.461027 -0.055539
1.146242 0.599665 0.221662
1.251310 0.733126 0.550507
1.324586 0.856926 0.928497
1.346557 0.964086 1.348897
1.287027 1.043690 1.798088
1.102104 1.079012 2.251840
0.736155 1.045832 2.670976
0.139809 0.913124 2.998957
-0.681144 0.650937 3.167654
-1.595823 0.250497 3.119834
-2.340881 -0.249597 2.846169
-2.672934 -0.759206 2.407257
-2.564660 -1.176928 1.906586
-2.191792 -1.443748 1.433727
-1.753723 -1.558569 1.032722
-1.362690 -1.555330 0.709580
-1.050237 -1.475275 0.452825
-0.808963 -1.352310 0.247718
-0.620958 -1.209650 0.082050
-0.469486 -1.061441 -0.052716
-0.341945 -0.915459 -0.161948
-0.229682 -0.775444 -0.248684
-0.127102 -0.642764 -0.314367
-0.030821 -0.517513 -0.359395
0.060949 -0.399211 -0.383538
0.148816 -0.287229 -0.386238
0.232446 -0.181055 -0.366864
0.310694 -0.080460 -0.324927
0.381637 0.014393 -0.260295
0.442531 0.102858 -0.173431
0.489739 0.183724 -0.065658
0.518637 0.255129 0.060529
0.523598 0.314487 0.201110
0.498161 0.358435 0.350177
0.435599 0.382878 0.499633
0.330164 0.383222 0.639093
0.179251 0.354931 0.756215
-0.013591 0.294544 0.837740
-0.235612 0.201163 0.871420
-0.463691 0.078116 0.848705
-0.667330 -0.065939 0.767447
-0.816471 -0.217386 0.633401
-0.891117 -0.359968 0.459476
-0.887281 -0.478402 0.262777
-0.815753 -0.561690 0.060785
-0.695391 -0.604733 -0.131670
-0.545648 -0.607916 -0.303713
-0.381901 -0.575425 -0.448210
-0.214133 -0.513301 -0.560773
-0.047733 -0.427901 -0.638647
0.115001 -0.324984 -0.679830
0.273458 -0.209326 -0.682517
0.427687 -0.084690 -0.644821
0.577708 0.046010 -0.564685
0.723033 0.180459 -0.439943
0.862254 0.316648 -0.268496
0.992570 0.452549 -0.048615
1.109084 0.585741 0.220590
1.203735 0.712911 0.538427
1.263637 0.829179 0.901481
1.268711 0.927116 1.301867
1.188856 0.995390 1.724644
0.982284 1.017170 2.144395
0.599954 0.969080 2.521725
0.006265 0.823006 2.802451
-0.774334 0.555016 2.925355
-1.603353 0.164321 2.844591
-2.243706 -0.306202 2.561081
-2.502943 -0.772410 2.135694
-2.380026 -1.146907 1.661078
-2.032414 -1.382014 1.214294
-1.628390 -1.479216 0.833145
-1.262935 -1.468973 0.523462
-0.964305 -1.387748 0.276100
-0.727569 -1.265798 0.078792
-0.538048 -1.124181 -0.078808
-0.381467 -0.975997 -0.203980
-0.246834 -0.828654 -0.301263
-0.126523 -0.685886 -0.373139
-0.015614 -0.549237 -0.420665
0.088778 -0.419071 -0.443980
0.188011 -0.295213 -0.442685
0.282244 -0.177371 -0.416160
0.370608 -0.065403 -0.363828
0.451258 0.040499 -0.285417
0.521311 0.139657 -0.181246
0.576722 0.230777 -0.052550
0.612093 0.311803 0.098118
0.620539 0.379769 0.266418
0.593727 0.430672 0.445692
0.522418 0.459430 0.626467
0.397945 0.460069 0.796158
0.215162 0.426352 0.939320
-0.022981 0.353124 1.038896
-0.300350 0.238455 1.078855
-0.585171 0.086219 1.048119
-0.834539 -0.092089 0.944617
-1.007265 -0.277932 0.777377
-1.079296 -0.449489 0.564921
-1.051502 -0.587292 0.330291
-0.944839 -0.678877 0.095301
-0.788040 -0.720306 -0.123252
-0.606711 -0.714658 -0.314500
-0.418385 -0.669101 -0.472386
-0.232596 -0.592143 -0.593868
-0.053175 -0.491811 -0.677354
0.119301 -0.374793 -0.721662
0.285701 -0.246229 -0.725447
0.447238 -0.109877 -0.686976
0.604841 0.031580 -0.604090
0.758791 0.176190 -0.474298
0.908428 0.322392 -0.294956
1.051782 0.468682 -0.063543
1.184990 0.613247 0.221919
1.301298 0.753513 0.562218
1.389400 0.885493 0.955909
1.430770 1.002814 1.397649
1.395795 1.095214 1.875538
1.239376 1.146442 2.367165
0.899865 1.131897 2.834474
0.312640 1.017945 3.219478
-0.541658 0.767991 3.447154
-1.550794 0.362742 3.446514
-2.428883 -0.167381 3.193132
-2.865802 -0.727876 2.743606
-2.788022 -1.200103 2.213505
-2.388270 -1.508758 1.709237
-1.907849 -1.647750 1.284145
-1.484017 -1.654827 0.945095
-1.153616 -1.577276 0.677786
-0.906207 -1.453733 0.464356
-0.719673 -1.310212 0.290251
-0.574079 -1.162212 0.145389
-0.454734 -1.017992 0.023415
-0.351669 -0.881296 -0.079334
-0.258420 -0.753263 -0.164697
-0.170981 -0.633650 -0.233311
-0.087055 -0.521588 -0.285053
-0.005553 -0.416040 -0.319360
0.073719 -0.316064 -0.335462
0.150254 -0.220969 -0.332571
0.222938 -0.130396 -0.310049
0.290086 -0.044382 -0.267570
0.349426 0.036607 -0.205295
0.398049 0.111632 -0.124067
0.432362 0.179241 -0.025640
0.448077 0.237428 0.087078
0.440314 0.283609 0.209756
0.403939 0.314655 0.336415
0.334286 0.327029 0.459318
0.228418 0.317115 0.569101
0.086972 0.281819 0.655323
-0.083749 0.219491 0.707575
-0.270279 0.131048 0.717178
-0.452444 0.020993 0.679171
-0.606803 -0.102239 0.593971
-0.712595 -0.227080 0.467911
-0.757656 -0.340831 0.312211
-0.741168 -0.432210 0.140675
-0.671953 -0.493428 -0.032914
-0.563870 -0.521045 -0.196754
-0.431075 -0.515556 -0.341841
-0.285067 -0.480206 -0.461848
-0.133760 -0.419654 -0.552484
0.018098 -0.338901 -0.610751
0.167975 -0.242616 -0.634349
0.314594 -0.134834 -0.621272
0.457146 -0.018916 -0.569617
0.594694 0.102338 -0.477546
0.725681 0.226478 -0.343393
0.847439 0.351132 -0.165894
0.955592 0.473679 0.055413
1.043218 0.590835 0.319588
1.099668 0.698106 0.623371
1.109009 0.789062 0.959845
1.048367 0.854395 1.316557
0.887303 0.880916 1.673165
0.591237 0.851011 1.999159
0.134485 0.743972 2.253382
-0.471955 0.541571 2.388752
-1.146171 0.239697 2.365855
-1.732469 -0.137678 2.173570
-2.071371 -0.535064 1.843098
-2.103997 -0.884004 1.438411
-1.899444 -1.133536 1.026617
-1.581391 -1.267323 0.653023
-1.248147 -1.298076 0.336429
-0.948217 -1.251665 0.077995
-0.693900 -1.154417 -0.128528
-0.480517 -1.027299 -0.290546
-0.298498 -0.884895 -0.414019
-0.138692 -0.736439 -0.502879
0.005995 -0.587323 -0.559239
0.140458 -0.440436 -0.583821
0.267691 -0.297170 -0.576382
0.389111 -0.158133 -0.536092
0.504776 -0.023644 -0.461867
0.613443 0.105909 -0.352689
0.712467 0.229795 -0.207958
0.797514 0.346669 -0.027924
0.862071 0.454286 0.185754
0.896781 0.549143 0.429247
0.888701 0.626041 0.695553
0.820882 0.677609 0.973253
0.673196 0.693951 1.245188
0.426226 0.662880 1.487598
0.070592 0.571530 1.670840
-0.377699 0.410414 1.763410
-0.862548 0.180125 1.740436
-1.290848 -0.101862 1.594812
-1.567518 -0.400200 1.344375
-1.645509 -0.671067 1.027817
-1.546677 -0.877950 0.690132
-1.335954 -1.002987 0.367712
-1.079645 -1.047453 0.081967
-0.821824 -1.024642 -0.158624
-0.582893 -0.951823 -0.353203
-0.367791 -0.845005 -0.503960
-0.174085 -0.716778 -0.613451
0.003005 -0.576073 -0.683418
0.168198 -0.428770 -0.714478
0.325233 -0.278508 -0.706184
0.476638 -0.127431 -0.657239
0.623720 0.023208 -0.565744
0.766569 0.172582 -0.429470
0.903944 0.319919 -0.246155
1.032952 0.464160 -0.013886
1.148420 0.603594 0.268371
1.241791 0.735379 0.599989
1.299363 0.854856 0.977455
1.299709 0.954533 1.392498
1.210574 1.022639 1.829320
0.987082 1.041420 2.260896
0.576880 0.986041 2.645236
-0.056184 0.826752 2.924753
-0.879586 0.539101 3.035383
-1.734905 0.125086 2.931874
-2.365415 -0.365461 2.621403
-2.582453 -0.841005 2.174072
-2.411709 -1.212244 1.688121
-2.032553 -1.435887 1.239715
-1.616401 -1.519502 0.862423
-1.251294 -1.497579 0.558273
-0.958546 -1.408074 0.315955
-0.729253 -1.281204 0.122302
-0.547056 -1.137405 -0.033297
-0.397162 -0.989072 -0.158135
-0.268529 -0.843012 -0.256705
-0.153618 -0.702498 -0.331447
-0.047617 -0.568742 -0.383400
0.052285 -0.441865 -0.412704
0.147420 -0.321517 -0.418982
0.237971 -0.207268 -0.401630
0.323165 -0.098855 -0.360079
0.401333 0.003651 -0.294029
0.469890 0.099723 -0.203707
0.525235 0.188263 -0.090156
0.562624 0.267490 0.044421
0.576063 0.334826 0.196260
0.558361 0.386794 0.359589
0.501553 0.418995 0.526205
0.398046 0.426252 0.685210
0.242882 0.403106 0.823163
0.037273 0.344841 0.924990
-0.207252 0.249171 0.975995
-0.466236 0.118340 0.964969
-0.704473 -0.039155 0.887679
-0.884861 -0.208472 0.749199
-0.980981 -0.370850 0.563524
-0.986007 -0.508007 0.350191
-0.912199 -0.606494 0.129466
-0.782455 -0.659968 -0.081581
-0.620452 -0.668799 -0.270778
-0.444527 -0.637965 -0.430546
-0.266113 -0.574600 -0.556588
-0.090937 -0.486094 -0.646467
0.078969 -0.379010 -0.698526
0.243515 -0.258655 -0.711226
0.403335 -0.129083 -0.682819
0.559040 0.006697 -0.611244
0.710752 0.146430 -0.494178
0.857751 0.288293 -0.329185
0.998081 0.430574 -0.113974
1.127980 0.571312 0.153199
1.240948 0.707855 0.472912
1.326235 0.836244 0.843599
1.366484 0.950309 1.259993
1.334383 1.040330 1.710717
1.189067 1.091187 2.174747
0.875610 1.080388 2.616938
0.337073 0.977602 2.984390
-0.444799 0.749971 3.208971
-1.377296 0.379232 3.225062
-2.216634 -0.110595 3.005732
-2.680731 -0.638662 2.594609
-2.672137 -1.097351 2.092445
-2.335725 -1.410844 1.600195
-1.889497 -1.564368 1.175212
-1.474623 -1.587218 0.830874
-1.139307 -1.522141 0.557546
-0.881358 -1.406468 0.339754
-0.682815 -1.266528 0.163927
-0.525444 -1.118670 0.020319
-0.395138 -0.972042 -0.097344
-0.282088 -0.831159 -0.192726
-0.179866 -0.697773 -0.267683
-0.084496 -0.572125 -0.322884
0.006256 -0.453734 -0.358250
0.093355 -0.341886 -0.373288
0.176799 -0.235926 -0.367344
0.255779 -0.135438 -0.339820
0.328754 -0.040365 -0.290377
0.393446 0.048915 -0.219142
0.446785 0.131512 -0.126944
0.484832 0.205957 -0.015583
0.502733 0.270128 0.111862
0.494779 0.321197 0.250697
0.454742 0.355630 0.394303
0.376678 0.369308 0.533943
0.256462 0.357884 0.658843
0.094146 0.317488 0.756799
-0.103186 0.245878 0.815509
-0.319252 0.143911 0.824704
-0.529035 0.016908 0.778714
-0.703483 -0.124863 0.678590
-0.817695 -0.267290 0.532665
-0.858726 -0.395145 0.354987
-0.828471 -0.495420 0.162145
-0.740305 -0.559836 -0.030070
-0.612371 -0.585581 -0.208871
-0.461599 -0.574424 -0.365130
-0.300603 -0.531020 -0.492888
-0.137248 -0.461228 -0.588371
0.024348 -0.370893 -0.649050
0.182455 -0.265180 -0.672929
0.336557 -0.148335 -0.658130
0.486505 -0.023724 -0.602700
0.631929 0.105982 -0.504590
0.771785 0.238551 -0.361766
0.903909 0.371895 -0.172438
1.024442 0.503724 0.064557
1.126978 0.631130 0.349170
1.201269 0.750015 0.679224
1.231341 0.854303 1.049026
1.193074 0.934836 1.447303
1.052101 0.977990 1.854358
0.764980 0.964423 2.238776
0.290593 0.869364 2.555288
-0.378340 0.667518 2.747816
-1.165299 0.346300 2.763675
-1.885757 -0.074444 2.580099
-2.323216 -0.532242 2.227497
-2.381502 -0.941844 1.782462
-2.143861 -1.236875 1.328809
-1.773557 -1.395868 0.921969
-1.396987 -1.435405 0.582334
-1.071156 -1.388237 0.308108
-0.806203 -1.286510 0.089232
-0.592720 -1.154851 -0.084788
-0.417142 -1.009703 -0.222083
-0.267645 -0.861017 -0.328055
-0.135489 -0.714283 -0.405848
-0.014783 -0.572178 -0.456959
0.098116 -0.435755 -0.481773
0.205121 -0.305236 -0.479990
0.306791 -0.180533 -0.450971
0.402535 -0.061586 -0.394033
0.490668 0.051393 -0.308730
0.568358 0.157737 -0.195167
0.631448 0.256151 -0.054355
0.674209 0.344530 0.111339
0.689072 0.419763 0.297649
0.666523 0.477524 0.497758
0.595467 0.512146 0.701631
0.464678 0.516703 0.895505
0.266094 0.483600 1.061939
0.000490 0.406034 1.181030
-0.315470 0.280581 1.233411
-0.644803 0.110584 1.205117
-0.934827 -0.091164 1.092944
-1.133867 -0.302766 0.907450
-1.212445 -0.497955 0.670985
-1.173815 -0.653501 0.411132
-1.046510 -0.755219 0.153211
-0.867078 -0.799623 -0.084302
-0.666071 -0.791566 -0.290420
-0.462812 -0.740317 -0.459821
-0.266626 -0.656160 -0.590436
-0.080317 -0.548348 -0.681544
0.096669 -0.424274 -0.732606
0.266161 -0.289396 -0.742702
0.430104 -0.147534 -0.710331
0.589985 -0.001277 -0.633423
0.746540 0.147605 -0.509450
0.899550 0.297791 -0.335615
1.047556 0.448065 -0.109111
1.187376 0.596974 0.172501
1.313248 0.742402 0.510718
1.415329 0.880996 0.905178
1.477209 1.007265 1.352157
1.472051 1.112189 1.842148
1.357512 1.181115 2.356059
1.071992 1.191068 2.859876
0.541545 1.108776 3.298976
-0.281522 0.893830 3.597289
-1.330160 0.515431 3.672800
-2.339589 -0.013332 3.479211
-2.943944 -0.607707 3.053384
-2.976450 -1.138155 2.511051
-2.599357 -1.506193 1.976498
-2.090667 -1.689674 1.520466
-1.628896 -1.723477 1.157302
-1.269471 -1.659222 0.872890
-1.004809 -1.540992 0.647025
-0.810244 -1.398916 0.462741
-0.662708 -1.251019 0.308151
-0.545090 -1.106908 0.175682
-0.445760 -0.970936 0.060885
-0.357142 -0.844413 -0.038568
-0.274464 -0.727026 -0.123602
-0.194870 -0.617711 -0.194235
-0.116827 -0.515168 -0.249926
-0.039747 -0.418158 -0.289821
0.036257 -0.325674 -0.312941
0.110513 -0.237019 -0.318335
0.181865 -0.151858 -0.305213
0.248692 -0.070239 -0.273084
0.308886 0.007388 -0.221904
0.359812 0.080144 -0.152235
0.398248 0.146698 -0.065443
0.420370 0.205229 0.036085
0.421810 0.253408 0.148712
0.397889 0.288413 0.267335
0.344153 0.307024 0.385253
0.257333 0.305862 0.494212
0.136813 0.281846 0.584771
-0.013568 0.232921 0.647123
-0.183934 0.159008 0.672444
-0.358049 0.062977 0.654615
-0.515297 -0.048780 0.591890
-0.635170 -0.166637 0.487843
-0.702743 -0.279110 0.351046
-0.712513 -0.374998 0.193452
-0.668639 -0.445505 0.028102
-0.581867 -0.485535 -0.132963
-0.465220 -0.493838 -0.279936
-0.330555 -0.472231 -0.405535
-0.186868 -0.424441 -0.504638
-0.040100 -0.354999 -0.573662
0.106225 -0.268456 -0.609960
0.250140 -0.168940 -0.611374
0.390436 -0.060001 -0.575977
0.526014 0.055353 -0.501979
0.655365 0.174498 -0.387778
0.776080 0.294961 -0.232142
0.884301 0.414129 -0.034544
0.974000 0.528878 0.204326
1.035996 0.635100 0.481777
1.056669 0.727080 0.791988
1.016568 0.796704 1.124427
0.889716 0.832597 1.461854
0.645757 0.819563 1.778280
0.259088 0.739334 2.038108
-0.270405 0.574460 2.199008
-0.888151 0.317107 2.221723
-1.471786 -0.018793 2.086969
-1.871997 -0.390854 1.810775
-2.000220 -0.738410 1.443311
-1.880990 -1.007537 1.047301
-1.614028 -1.171676 0.672764
-1.299611 -1.233461 0.346247
-0.998702 -1.212862 0.075051
-0.734541 -1.134320 -0.143653
-0.508758 -1.019221 -0.315825
-0.314560 -0.883432 -0.447019
-0.143650 -0.737551 -0.541171
0.011057 -0.588114 -0.600495
0.154760 -0.438857 -0.625778
0.290833 -0.291754 -0.616756
0.421070 -0.147783 -0.572477
0.545872 -0.007471 -0.491628
0.664307 0.128706 -0.372863
0.773994 0.260010 -0.215153
0.870778 0.385141 -0.018226
0.948158 0.501913 0.216850
0.996424 0.606833 0.486843
1.001564 0.694557 0.785225
0.944236 0.757226 1.100652
0.799795 0.783808 1.415174
0.541578 0.759918 1.702658
0.151150 0.669124 1.928739
-0.361689 0.497356 2.054685
-0.935286 0.241439 2.047517
-1.452991 -0.080793 1.895125
-1.787624 -0.427163 1.617583
-1.875077 -0.742725 1.262909
-1.747319 -0.981698 0.887062
-1.493416 -1.123240 0.533368
-1.198737 -1.171321 0.224792
-0.914914 -1.144217 -0.031976
-0.662099 -1.063742 -0.238846
-0.442194 -0.948998 -0.400484
-0.249704 -0.814278 -0.521284
-0.077614 -0.669255 -0.604282
0.080200 -0.519989 -0.651013
0.228280 -0.370021 -0.661741
0.369566 -0.221294 -0.635779
0.505550 -0.074838 -0.571813
0.636388 0.068717 -0.468210
0.760881 0.208765 -0.323343
0.876264 0.344389 -0.135961
0.977752 0.474047 0.094320
1.057753 0.595170 0.366330
1.104687 0.703646 0.676360
1.101421 0.793103 1.016729
1.023728 0.853994 1.373826
0.840162 0.872664 1.725735
0.516772 0.831074 2.040159
0.032494 0.708728 2.274628
-0.590943 0.489277 2.382614
-1.257427 0.172975 2.328674
-1.805051 -0.210314 2.108957
-2.087421 -0.601277 1.761732
-2.070522 -0.933081 1.353281
-1.838977 -1.160794 0.947535
-1.514899 -1.274179 0.584610
-1.187112 -1.289212 0.279396
-0.896083 -1.232274 0.031241
-0.650019 -1.128764 -0.166483
-0.442934 -0.998379 -0.320917
-0.265245 -0.854590 -0.437592
-0.108211 -0.705825 -0.520040
0.034803 -0.556948 -0.570057
0.168298 -0.410529 -0.588137
0.294948 -0.267791 -0.573886
0.415904 -0.129277 -0.526386
0.530981 0.004692 -0.444519
0.638685 0.133672 -0.327299
0.736067 0.256827 -0.174230
0.818400 0.372653 0.014239
0.878636 0.478681 0.236111
0.906693 0.571090 0.487033
0.888709 0.644255 0.759224
0.806731 0.690250 1.040172
0.639943 0.698558 1.311306
0.369474 0.656468 1.547294
-0.010812 0.551111 1.717256
-0.477796 0.374154 1.789681
-0.965820 0.129011 1.741928
-1.375648 -0.162787 1.571505
-1.616268 -0.462471 1.301600
-1.654032 -0.725648 0.974286
-1.523924 -0.918497 0.634513
-1.295910 -1.027287 0.316182
-1.033939 -1.056698 0.037745
-0.777226 -1.021778 -0.194470
-0.542184 -0.940151 -0.380732
-0.331461 -0.827418 -0.523630
-0.141631 -0.695505 -0.625733
0.032352 -0.552699 -0.688646
0.195140 -0.404363 -0.712816
0.350283 -0.253765 -0.697649
0.500081 -0.102808 -0.641746
0.645604 0.047391 -0.543156
0.786687 0.196060 -0.399660
0.921781 0.342404 -0.209078
1.047592 0.485270 0.030324
1.158381 0.622768 0.319266
1.244764 0.751762 0.656599
1.291834 0.867142 1.037991
1.276505 0.960742 1.453918
1.164581 1.019865 1.886752
0.909892 1.025647 2.307044
0.462075 0.952410 2.670190
-0.205029 0.771018 2.917218
-1.037954 0.460985 2.986592
-1.856643 0.032494 2.841754
-2.408572 -0.455942 2.502147
-2.543723 -0.911212 2.045253
-2.324837 -1.252033 1.566406
-1.935386 -1.445909 1.133056
-1.529788 -1.506818 0.771581
-1.180396 -1.470352 0.480828
-0.901101 -1.372808 0.249077
-0.681192 -1.242187 0.063839
-0.504759 -1.097109 -0.084643
-0.357978 -0.948733 -0.202946
-0.230684 -0.803108 -0.295035
-0.116012 -0.663092 -0.362986
-0.009636 -0.529699 -0.407592
0.090893 -0.402986 -0.428842
0.186619 -0.282627 -0.426274
0.277469 -0.168267 -0.399267
0.362409 -0.059761 -0.347295
0.439475 0.042670 -0.270180
0.505718 0.138307 -0.168365
0.557077 0.225814 -0.043229
0.588233 0.303108 0.102527
0.592512 0.367235 0.264437
0.562008 0.414272 0.435791
0.488202 0.439323 0.607204
0.363506 0.436761 0.766420
0.184131 0.400895 0.898669
-0.045706 0.327292 0.987971
-0.309424 0.214789 1.019704
-0.576514 0.067772 0.984218
-0.807345 -0.102380 0.880390
-0.964974 -0.278092 0.717261
-1.028511 -0.439144 0.512351
-0.999371 -0.567726 0.287125
-0.896687 -0.652493 0.061884
-0.746486 -0.689843 -0.147587
-0.572142 -0.682554 -0.330848
-0.389941 -0.637179 -0.481843
-0.209008 -0.561573 -0.597327
-0.033255 -0.463228 -0.675452
0.136456 -0.348458 -0.714810
0.300671 -0.222184 -0.713898
0.460294 -0.088063 -0.670889
0.615981 0.051239 -0.583603
0.767744 0.193720 -0.449595
0.914628 0.337722 -0.266342
1.054297 0.481588 -0.031538
1.182381 0.623297 0.256451
1.291397 0.759971 0.597884
1.368978 0.887192 0.990518
1.395122 0.997968 1.427820
1.338415 1.081188 1.896178
1.152342 1.119559 2.370891
0.776489 1.087601 2.811330
0.154950 0.952014 3.157882
-0.710245 0.679805 3.337605
-1.679189 0.260278 3.288497
-2.462751 -0.265421 3.000729
-2.795750 -0.799328 2.541234
-2.658423 -1.232316 2.022456
-2.251908 -1.503626 1.538735
-1.791642 -1.615681 1.133453
-1.391394 -1.606931 0.809735
-1.078402 -1.521633 0.553534
-0.841144 -1.395051 0.348509
-0.659185 -1.250730 0.181587
-0.514483 -1.102663 0.043789
-0.393798 -0.958308 -0.070490
-0.288161 -0.821054 -0.164422
-0.191791 -0.691945 -0.239530
-0.101168 -0.570788 -0.296263
-0.014359 -0.456847 -0.334404
0.069413 -0.349264 -0.353374
0.150044 -0.247301 -0.352466
0.226704 -0.150492 -0.331038
0.297899 -0.058736 -0.288700
0.361474 0.027640 -0.225504
0.414570 0.107825 -0.142155
0.453559 0.180466 -0.040251
0.474010 0.243618 0.077441
0.470745 0.294693 0.206687
0.438122 0.330471 0.341511
0.370713 0.347202 0.474016
0.264581 0.340909 0.594434
0.119257 0.307979 0.691609
-0.059818 0.246130 0.754100
-0.259271 0.155678 0.771975
-0.457749 0.040773 0.739053
-0.629306 -0.090002 0.654921
-0.750042 -0.224318 0.525769
-0.805243 -0.348235 0.363431
-0.793111 -0.449110 0.182849
