0.248177 0.316893 0.237637 0.453865
0.279641 0.306430 0.205728 0.447160
0.330853 0.314841 0.154457 0.420610
0.394561 0.350233 0.095656 0.371814
0.440818 0.417944 0.049984 0.311090
0.437958 0.507885 0.026745 0.260625
0.394323 0.590782 0.018996 0.235152
0.342149 0.640198 0.019865 0.234924
0.301768 0.650325 0.028272 0.253647
0.276589 0.629635 0.047029 0.283153
0.261201 0.589855 0.079569 0.315509
0.248065 0.540511 0.125638 0.346290
0.232458 0.487141 0.179958 0.375943
0.214379 0.432127 0.235213 0.406871
0.196965 0.377023 0.284224 0.439858
0.184264 0.324219 0.320264 0.472975
0.180242 0.276972 0.337656 0.502276
0.189270 0.238641 0.331891 0.522638
0.218142 0.212523 0.298185 0.527544
0.279160 0.203220 0.230998 0.507090
0.386961 0.220316 0.134510 0.446708
0.515672 0.282822 0.048792 0.343872
0.558765 0.407074 0.012653 0.242872
0.486388 0.562431 0.004474 0.187704
0.381922 0.677449 0.003318 0.176661
0.304205 0.720198 0.004752 0.197188
0.263216 0.705439 0.009807 0.238888
0.251268 0.657836 0.022147 0.288090
0.257178 0.599663 0.045002 0.328602
0.268827 0.547197 0.074992 0.352069
0.277871 0.507442 0.103224 0.362195
0.282623 0.479797 0.124246 0.366472
0.284919 0.460837 0.137880 0.369246
0.286855 0.447626 0.145556 0.371562
0.289850 0.438654 0.148303 0.372963
0.294650 0.433590 0.146645 0.372605
0.301376 0.432750 0.141040 0.369769
0.309463 0.436590 0.132294 0.364138
0.317630 0.445229 0.121753 0.356021
0.324074 0.458029 0.111204 0.346458
0.327032 0.473334 0.102519 0.337095
0.325507 0.488554 0.097247 0.329781
0.319668 0.500713 0.096425 0.326038
0.310606 0.507224 0.100625 0.326703
0.299695 0.506498 0.110052 0.331872
0.288076 0.498134 0.124501 0.341094
0.276554 0.482735 0.143151 0.353616
0.265853 0.461639 0.164326 0.368529
0.256940 0.436713 0.185394 0.384724
0.251253 0.410274 0.202921 0.400721
0.250746 0.385072 0.213054 0.414466
0.257813 0.364285 0.212083 0.423220
0.275061 0.351578 0.197161 0.423585
0.304371 0.351264 0.167610 0.411880
0.343935 0.368248 0.127290 0.385617
0.383129 0.406467 0.086150 0.346926
0.403254 0.464164 0.055398 0.305436
0.393529 0.528954 0.038915 0.273957
0.362793 0.581919 0.034025 0.259854
0.327701 0.609735 0.038265 0.263094
0.298352 0.610253 0.052082 0.279555
0.276067 0.588501 0.077802 0.303943
0.257303 0.551218 0.116963 0.332028
0.238093 0.503892 0.167772 0.362192
0.217103 0.450218 0.224768 0.394905
0.196129 0.393144 0.280216 0.430511
0.178712 0.336073 0.325748 0.467497
0.168621 0.283004 0.354233 0.502353
0.169508 0.237721 0.360827 0.530383
0.186244 0.203245 0.341638 0.546106
0.228126 0.182501 0.291015 0.541958
0.312846 0.180837 0.203110 0.504835
0.453291 0.211492 0.094277 0.417546
0.578804 0.299454 0.024392 0.295161
0.567016 0.454327 0.005425 0.203100
0.456607 0.618200 0.002243 0.165729
0.347296 0.715386 0.002178 0.169115
0.278594 0.735022 0.003898 0.201393
0.248622 0.702306 0.009185 0.252072
0.247037 0.644041 0.021714 0.304533
0.262102 0.583467 0.043155 0.341026
0.281246 0.536037 0.067598 0.355953
0.296291 0.506374 0.086480 0.356567
0.305469 0.491580 0.097383 0.351783
0.309775 0.486414 0.102872 0.346495
0.310335 0.486100 0.106216 0.342650
0.308012 0.487033 0.109745 0.341002
0.303584 0.486730 0.114788 0.341838
0.297830 0.483688 0.121903 0.345155
0.291511 0.477258 0.131038 0.350697
0.285365 0.467514 0.141597 0.357982
0.280151 0.455120 0.152471 0.366319
0.276710 0.441225 0.162114 0.374803
0.275988 0.427368 0.168698 0.382297
0.278980 0.415403 0.170384 0.387433
0.286538 0.407420 0.165717 0.388696
0.298973 0.405618 0.154141 0.384655
0.315376 0.412032 0.136571 0.374445
0.332850 0.427939 0.115736 0.358491
0.346539 0.452845 0.095669 0.339164
0.351565 0.483429 0.080198 0.320548
0.346104 0.513635 0.071571 0.306966
0.332439 0.536639 0.070549 0.301232
0.314775 0.547497 0.077423 0.304006
0.296393 0.544422 0.092652 0.314316
0.278552 0.528224 0.116580 0.330538
0.261142 0.501055 0.148582 0.351213
0.244000 0.465507 0.186266 0.375336
0.227915 0.424379 0.225250 0.402001
0.214882 0.380828 0.259646 0.429717
0.207821 0.338468 0.283092 0.455898
0.210370 0.301190 0.289734 0.476737
0.227346 0.273037 0.274453 0.487132
0.265817 0.258747 0.232892 0.480147
0.333967 0.265506 0.165122 0.446617
0.426106 0.305144 0.088080 0.380561
0.492200 0.389575 0.035164 0.297687
0.478161 0.508243 0.014352 0.234068
0.408729 0.616494 0.009034 0.206820
0.337921 0.675971 0.009820 0.211147
0.290413 0.683588 0.015828 0.237681
0.266741 0.654902 0.030306 0.275758
0.258526 0.607403 0.057380 0.313713
0.255372 0.554768 0.096610 0.344150
0.250048 0.504391 0.141257 0.367665
0.241302 0.457996 0.183962 0.388740
0.231805 0.414936 0.220097 0.410119
0.225301 0.375117 0.246124 0.431346
0.225637 0.340016 0.258201 0.449634
0.236989 0.312483 0.252279 0.460699
0.264411 0.296554 0.224818 0.458975
0.313094 0.297999 0.175120 0.437740
0.381146 0.325219 0.111955 0.391840
0.442651 0.386788 0.057501 0.327373
0.455389 0.479030 0.027766 0.267461
0.415120 0.574236 0.017060 0.232698
0.357188 0.638729 0.015932 0.226211
0.309738 0.660111 0.021565 0.241892
0.280138 0.645565 0.036053 0.271220
0.263955 0.608195 0.063321 0.305059
0.252892 0.559584 0.104647 0.336879
0.240343 0.507026 0.155720 0.365735
0.224633 0.453568 0.209309 0.394326
0.208140 0.400296 0.258577 0.424633
0.194784 0.348701 0.297301 0.455855
0.188621 0.301436 0.319758 0.484773
0.193899 0.261780 0.321060 0.506667
0.216463 0.233196 0.296530 0.515517
0.266168 0.220107 0.241095 0.502780
0.355932 0.230624 0.155497 0.455993
0.474826 0.280460 0.067592 0.368255
0.540387 0.386294 0.020350 0.268985
0.495904 0.530454 0.007036 0.204972
0.401098 0.650664 0.004553 0.184863
0.320981 0.706080 0.005660 0.197826
0.274182 0.702894 0.010587 0.233370
0.256100 0.663205 0.022797 0.279183
0.256310 0.608316 0.046168 0.320459
0.263037 0.554460 0.078973 0.348032
0.267793 0.509685 0.112962 0.363646
0.268667 0.474671 0.141344 0.373784
0.267796 0.446987 0.162126 0.382532
0.268007 0.424590 0.175145 0.390530
0.271680 0.407034 0.179932 0.396476
0.280635 0.395340 0.175664 0.398299
0.295892 0.391508 0.162010 0.393829
0.316861 0.397946 0.140234 0.381505
0.340010 0.416590 0.114045 0.361458
0.358417 0.447323 0.089077 0.336682
0.364729 0.486061 0.070410 0.312856
0.356594 0.524536 0.060370 0.295922
0.338249 0.553409 0.059103 0.289320
0.316263 0.566488 0.066538 0.293321
0.294976 0.562300 0.083334 0.306107
0.275355 0.542714 0.110326 0.325253
0.256419 0.510879 0.147194 0.348887
0.237294 0.469980 0.191334 0.376074
0.218565 0.423087 0.237652 0.406231
0.202432 0.373548 0.279299 0.438083
0.192075 0.325207 0.309094 0.469008
0.191164 0.282091 0.320867 0.495041
0.204367 0.248021 0.309540 0.511037
0.239170 0.226964 0.270004 0.510056
0.307583 0.224872 0.198586 0.481672
0.416094 0.253407 0.107052 0.413881
0.518781 0.330907 0.037777 0.315136
0.525823 0.461118 0.011511 0.231335
0.446329 0.599154 0.005405 0.191318
0.355618 0.686192 0.005023 0.189631
0.293256 0.708541 0.007953 0.215288
0.262597 0.683898 0.016360 0.257450
0.255158 0.634378 0.034529 0.302128
0.259473 0.578788 0.064151 0.336531
0.264933 0.529071 0.099456 0.357483
0.266668 0.488944 0.131990 0.370266
0.265523 0.456985 0.157548 0.380407
0.264360 0.430850 0.175274 0.389893
0.265936 0.409494 0.184653 0.398006
0.272528 0.393519 0.184661 0.402737
0.285834 0.384785 0.174357 0.401626
0.306385 0.385922 0.154029 0.392400
0.332103 0.399664 0.126481 0.373995
0.356664 0.427494 0.097447 0.348105
0.370702 0.467304 0.073519 0.320106
0.368055 0.511618 0.058624 0.297261
0.351019 0.549517 0.053260 0.284957
0.327384 0.571947 0.056868 0.284722
0.303788 0.575325 0.069746 0.295029
0.282655 0.560885 0.093030 0.313048
0.263150 0.532073 0.127336 0.336207
0.243625 0.492556 0.171179 0.363104
0.223684 0.445589 0.220283 0.393280
0.204893 0.394391 0.268040 0.426078
0.190227 0.342648 0.306830 0.459576
0.183206 0.294438 0.329731 0.490331
0.187787 0.253676 0.331383 0.513712
0.209672 0.223911 0.306998 0.523862
0.258990 0.209309 0.251061 0.512301
0.350504 0.217584 0.162874 0.465919
0.477375 0.264644 0.069873 0.375500
0.553269 0.369998 0.019702 0.270189
0.509883 0.520044 0.006179 0.201467
0.409267 0.649571 0.003724 0.179097
0.323356 0.711468 0.004517 0.191244
0.273091 0.710827 0.008541 0.227282
0.253792 0.671030 0.018947 0.274970
0.254987 0.614781 0.039707 0.318507
0.264607 0.559907 0.069712 0.346899
0.273054 0.515739 0.100803 0.361048
0.277297 0.483352 0.125887 0.368054
0.278881 0.459914 0.143323 0.372982
0.280229 0.442566 0.153918 0.377282
0.283219 0.429877 0.158351 0.380412
0.289032 0.421789 0.156802 0.381165
0.298122 0.419091 0.149471 0.378342
0.309980 0.422850 0.137188 0.371190
0.322824 0.433777 0.121803 0.359846
0.333653 0.451506 0.106060 0.345700
0.339188 0.473937 0.092884 0.331335
0.337517 0.497152 0.084508 0.319804
0.329120 0.516339 0.082172 0.313560
0.316254 0.527356 0.086459 0.313762
0.301380 0.527900 0.097714 0.320298
0.286070 0.517653 0.116037 0.332273
0.270948 0.497720 0.140852 0.348570
0.256344 0.469987 0.170380 0.368153
0.243017 0.436782 0.201359 0.389977
0.232540 0.400844 0.229224 0.412612
0.227309 0.365355 0.248706 0.433842
0.230456 0.333905 0.254584 0.450444
0.245978 0.310492 0.242242 0.458062
0.278826 0.299906 0.208466 0.451071
0.332742 0.308684 0.154602 0.423127
0.400069 0.345532 0.093406 0.371654
0.447965 0.416374 0.047055 0.308022
0.442677 0.510395 0.024422 0.256161
0.395245 0.596116 0.017221 0.230943
0.340689 0.645995 0.018253 0.231817
0.299654 0.654982 0.026559 0.251944
0.274937 0.632649 0.045113 0.282733
0.260554 0.591490 0.077445 0.315812
0.248546 0.541467 0.123151 0.346555
0.233970 0.488225 0.176668 0.375568
0.216799 0.433982 0.230685 0.405521
0.200179 0.379999 0.278344 0.437382
0.188161 0.328394 0.313258 0.469340
0.184758 0.282257 0.329862 0.497518
0.194454 0.244943 0.323536 0.516792
0.224122 0.219918 0.289435 0.520559
0.285718 0.212133 0.222529 0.498910
0.391649 0.231598 0.128578 0.438124
0.512178 0.296929 0.047302 0.338089
0.546980 0.421190 0.013075 0.242309
0.475044 0.570527 0.005027 0.190777
0.375750 0.677560 0.003941 0.181569
0.302614 0.715251 0.005738 0.202809
0.264287 0.698619 0.011709 0.244001
0.253159 0.651261 0.025759 0.291462
0.258005 0.594269 0.050864 0.330098
0.267085 0.542543 0.083057 0.353138
0.273125 0.502092 0.113505 0.364727
0.275342 0.472124 0.136987 0.371657
0.276022 0.449651 0.152939 0.377433
0.277588 0.432478 0.161985 0.382430
0.281831 0.419968 0.164301 0.385561
0.289862 0.412729 0.159765 0.385321
0.301931 0.412062 0.148652 0.380367
0.316972 0.419340 0.132319 0.370045
0.332152 0.435240 0.113512 0.354996
0.343220 0.458767 0.095855 0.337559
0.346343 0.486491 0.082609 0.321376
0.340431 0.512888 0.075718 0.310082
0.327604 0.532118 0.075958 0.305954
0.311325 0.540112 0.083711 0.309472
0.294238 0.535455 0.099364 0.319787
0.277415 0.518900 0.123005 0.335522
0.260937 0.492370 0.153703 0.355410
0.244963 0.458268 0.188884 0.378465
0.230515 0.419303 0.224214 0.403640
0.219660 0.378588 0.254094 0.429251
0.215312 0.339678 0.272570 0.452579
0.221163 0.306429 0.274127 0.469731
0.242153 0.283028 0.253966 0.475492
0.284944 0.274706 0.208779 0.462905
0.354424 0.289388 0.141944 0.423960
0.435922 0.338403 0.073856 0.357405
0.478688 0.428008 0.031469 0.283550
0.450859 0.538795 0.015242 0.232501
0.385456 0.628574 0.011461 0.214423
0.325121 0.670954 0.013830 0.223848
0.286064 0.668463 0.022803 0.251862
0.266410 0.635853 0.042202 0.288167
0.257556 0.588098 0.075316 0.323013
0.250367 0.535976 0.119959 0.352069
0.240012 0.484630 0.169026 0.377390
0.227055 0.435127 0.215651 0.402609
0.214862 0.387580 0.254656 0.428918
0.207421 0.343173 0.281245 0.454587
0.208840 0.304427 0.290622 0.475866
0.223982 0.274737 0.278170 0.487592
0.259742 0.258445 0.239601 0.482906
0.324651 0.262255 0.174068 0.452682
0.416273 0.297487 0.096026 0.389720
0.489523 0.376991 0.039007 0.306468
0.484590 0.494199 0.015409 0.238908
0.417824 0.606757 0.009090 0.207535
0.344848 0.672776 0.009337 0.208837
0.294219 0.685592 0.014593 0.233519
0.268203 0.659933 0.027776 0.271082
0.258925 0.613602 0.053161 0.309705
0.255915 0.560975 0.091075 0.341107
0.251287 0.510257 0.135255 0.365039
0.243105 0.463673 0.178105 0.385927
0.233747 0.420620 0.214780 0.406915
0.226903 0.380798 0.241807 0.427918
0.226389 0.345451 0.255474 0.446398
0.236279 0.317260 0.251792 0.458262
0.261424 0.300096 0.227173 0.458158
0.306960 0.299452 0.180464 0.439580
0.372280 0.323303 0.118899 0.397079
0.435224 0.380288 0.063075 0.334903
0.454403 0.468735 0.030701 0.274212
0.419662 0.563875 0.018327 0.236641
0.363133 0.631874 0.016352 0.227176
0.314523 0.657719 0.021290 0.240458
0.283166 0.646826 0.034807 0.268276
0.265634 0.611785 0.060772 0.301632
0.253939 0.564272 0.100954 0.333697
0.241221 0.511953 0.151679 0.362956
0.225331 0.458247 0.205865 0.391846
0.208358 0.404419 0.256494 0.422470
0.194162 0.351981 0.297136 0.454254
0.186801 0.303578 0.321894 0.484134
0.190432 0.262496 0.325803 0.507493
0.210605 0.232131 0.304260 0.518482
0.256758 0.216606 0.252040 0.508912
0.342594 0.223314 0.168045 0.466426
0.463782 0.267161 0.076211 0.381510
0.543391 0.366843 0.022922 0.278741
0.509496 0.511563 0.007324 0.208193
0.414049 0.640449 0.004287 0.183124
0.328722 0.705300 0.004978 0.192858
0.277190 0.708193 0.009076 0.226732
0.256093 0.671234 0.019677 0.272831
0.255286 0.616566 0.040883 0.316002
0.262866 0.561696 0.072001 0.345409
0.269368 0.516050 0.105190 0.361465
0.271834 0.481055 0.133072 0.370786
0.271956 0.454268 0.153373 0.378193
0.272431 0.433230 0.166236 0.384912
0.275511 0.416972 0.171681 0.390049
0.282822 0.406007 0.169284 0.391895
0.295227 0.401827 0.158846 0.388644
0.312299 0.406320 0.141298 0.378981
0.331458 0.421007 0.119379 0.362875
0.347661 0.445870 0.097431 0.342407
0.355143 0.477983 0.079850 0.321798
0.351059 0.511153 0.069338 0.305922
0.337405 0.537786 0.066741 0.298208
0.318912 0.551994 0.072258 0.299657
0.299557 0.551384 0.086338 0.309323
0.280964 0.536620 0.109530 0.325407
0.262975 0.509973 0.141559 0.346241
0.245132 0.474179 0.180369 0.370740
0.227920 0.432090 0.221746 0.398103
0.213168 0.386852 0.259732 0.427062
0.203731 0.342075 0.287692 0.455250
0.203142 0.301674 0.299477 0.479035
0.215928 0.269614 0.289800 0.493532
0.248853 0.250227 0.253831 0.492155
0.311463 0.249764 0.189144 0.465648
0.406160 0.279205 0.107142 0.404741
0.492947 0.353430 0.042930 0.317762
0.500605 0.471993 0.015483 0.242304
0.434190 0.594702 0.008098 0.204447
0.354874 0.672499 0.007649 0.201864
0.298125 0.693104 0.011601 0.224869
0.268500 0.670920 0.022338 0.262952
0.258524 0.625122 0.044242 0.303629
0.257398 0.571871 0.078689 0.336710
0.255931 0.521095 0.120062 0.360371
0.250785 0.475904 0.160360 0.379113
0.243666 0.435557 0.194677 0.397023
0.238026 0.399039 0.220255 0.414891
0.237454 0.366814 0.234265 0.430856
0.245573 0.340962 0.233422 0.441467
0.266284 0.324891 0.214727 0.442209
0.303152 0.323383 0.177249 0.427879
0.355260 0.342822 0.126123 0.394343
0.407555 0.389530 0.076004 0.344107
0.430662 0.462369 0.042321 0.291656
0.410953 0.543781 0.026845 0.254971
0.367003 0.607053 0.023156 0.241589
0.323510 0.636395 0.027647 0.249086
0.291688 0.632570 0.041208 0.271098
0.270868 0.604461 0.067063 0.300325
0.255110 0.561579 0.107180 0.331065
0.238690 0.510772 0.159102 0.361553
0.219617 0.455793 0.216514 0.393185
0.199783 0.398853 0.271737 0.427281
0.182963 0.342487 0.317034 0.462877
0.173118 0.290107 0.345672 0.496681
0.174070 0.245284 0.352756 0.524023
0.190800 0.211119 0.334217 0.539335
0.232486 0.190777 0.284503 0.534973
0.315876 0.189935 0.198515 0.498110
0.451219 0.221997 0.093160 0.412890
0.569019 0.310833 0.025254 0.294977
0.555902 0.462840 0.006052 0.206216
0.449964 0.620087 0.002651 0.170112
0.345429 0.711958 0.002630 0.173913
0.279622 0.729429 0.004675 0.205945
0.250913 0.696719 0.010779 0.255390
0.249155 0.639680 0.024804 0.305884
0.262482 0.580452 0.048176 0.341004
0.278765 0.533313 0.074614 0.356361
0.290918 0.502270 0.095617 0.359066
0.298063 0.484562 0.108683 0.357102
0.301658 0.475607 0.115868 0.354502
0.302995 0.471555 0.119860 0.352570
0.302849 0.469771 0.122552 0.351601
0.301701 0.468602 0.125030 0.351625
0.299922 0.467074 0.127808 0.352590
0.297858 0.464696 0.131008 0.354374
0.295858 0.461345 0.134475 0.356773
0.294274 0.457187 0.137851 0.359492
0.293446 0.452622 0.140649 0.362156
0.293672 0.448225 0.142330 0.364328
0.295167 0.444680 0.142406 0.365558
0.297999 0.442698 0.140555 0.365433
0.302002 0.442915 0.136731 0.363672
0.306720 0.445763 0.131250 0.360222
0.311395 0.451321 0.124798 0.355349
0.315075 0.459175 0.118345 0.349674
0.316847 0.468359 0.112975 0.344113
0.316120 0.477436 0.109681 0.339695
0.312811 0.484742 0.109219 0.337334
0.307318 0.488748 0.112041 0.337639
0.300338 0.488376 0.118265 0.340821
0.292642 0.483189 0.127640 0.346717
0.284979 0.473406 0.139468 0.354868
0.278104 0.459831 0.152528 0.364578
0.272875 0.443754 0.165066 0.374924
0.270334 0.426873 0.174906 0.384718
0.271700 0.411240 0.179704 0.392459
0.278233 0.399217 0.177350 0.396352
0.290878 0.393410 0.166538 0.394470
0.309510 0.396511 0.147532 0.385197
0.331691 0.410820 0.122941 0.368116
0.351738 0.437096 0.097660 0.345188
0.362276 0.472800 0.077020 0.321175
0.359011 0.511165 0.064280 0.302016
0.344015 0.543123 0.060190 0.292036
0.323291 0.561353 0.064658 0.292527
0.301989 0.562862 0.078091 0.302326
0.282123 0.548489 0.101324 0.319195
0.263263 0.520978 0.134510 0.341076
0.244424 0.483457 0.175883 0.366755
0.225691 0.438955 0.221220 0.395594
0.208760 0.390662 0.264246 0.426607
0.196525 0.342244 0.297835 0.457637
0.192488 0.297699 0.315445 0.485154
0.200880 0.260941 0.311705 0.504423
0.228030 0.235857 0.281603 0.509214
0.284342 0.227591 0.220584 0.490439
0.380074 0.245662 0.133514 0.435997
0.490870 0.306712 0.054213 0.344925
0.530438 0.422008 0.016793 0.253606
0.470903 0.561899 0.006785 0.201025
0.379526 0.665467 0.005215 0.189221
0.308816 0.704973 0.007214 0.207489
0.269913 0.692083 0.013957 0.245401
0.256495 0.648408 0.029455 0.290071
0.257715 0.593586 0.056830 0.327867
0.262370 0.541454 0.092485 0.352718
0.263923 0.497777 0.127877 0.368194
0.262129 0.462222 0.157274 0.380171
0.259730 0.432600 0.178903 0.391437
0.259762 0.407687 0.191899 0.401664
0.264892 0.387954 0.194898 0.408835
0.277374 0.375305 0.186415 0.410181
0.298609 0.372652 0.166003 0.402808
0.327603 0.383423 0.135878 0.384676
0.358328 0.410396 0.102154 0.356499
0.379257 0.453002 0.073132 0.323683
0.380411 0.504115 0.054333 0.295106
0.362620 0.550846 0.046317 0.278136
0.335675 0.581150 0.047754 0.275248
0.308863 0.589684 0.058481 0.284803
0.285911 0.577636 0.079839 0.303298
0.265876 0.549269 0.113156 0.327316
0.246222 0.509077 0.157698 0.354903
0.225614 0.460725 0.209590 0.385655
0.205103 0.407405 0.262219 0.419432
0.187596 0.352647 0.307580 0.454880
0.176665 0.300520 0.338156 0.488907
0.175994 0.255039 0.348312 0.517106
0.190272 0.219616 0.333674 0.534127
0.227821 0.197530 0.288918 0.532770
0.303916 0.194108 0.208655 0.501225
0.430957 0.221487 0.105169 0.423791
0.554253 0.302131 0.031175 0.309569
0.558317 0.446148 0.007582 0.216457
0.460965 0.603711 0.003102 0.174884
0.355767 0.702623 0.002829 0.174524
0.286437 0.727220 0.004735 0.203270
0.254233 0.699475 0.010592 0.250532
0.249520 0.644947 0.024271 0.300801
0.260598 0.585777 0.047795 0.337665
0.275348 0.536822 0.075640 0.355543
0.286407 0.502941 0.099015 0.360604
0.292793 0.481996 0.114498 0.360671
0.296147 0.469801 0.123496 0.359777
0.297994 0.462878 0.128329 0.359068
0.299224 0.459031 0.130659 0.358583
0.300276 0.457055 0.131455 0.358122
0.301318 0.456337 0.131269 0.357516
0.302365 0.456562 0.130451 0.356683
0.303333 0.457526 0.129279 0.355634
0.304088 0.459032 0.128012 0.354462
0.304489 0.460840 0.126907 0.353316
0.304419 0.462657 0.126203 0.352382
0.303819 0.464159 0.126099 0.351843
0.302709 0.465032 0.126722 0.351851
0.301188 0.465018 0.128106 0.352490
0.299429 0.463971 0.130169 0.353763
0.297659 0.461885 0.132713 0.355576
0.296140 0.458913 0.135424 0.357741
0.295143 0.455368 0.137897 0.359989
0.294922 0.451701 0.139681 0.361985
0.295679 0.448459 0.140342 0.363365
0.297512 0.446233 0.139547 0.363777
0.300365 0.445583 0.137151 0.362946
0.303968 0.446940 0.133268 0.360748
0.307821 0.450494 0.128312 0.357282
0.311235 0.456090 0.122962 0.352918
0.313463 0.463151 0.118063 0.348284
0.313894 0.470690 0.114478 0.344168
0.312236 0.477442 0.112946 0.341369
0.308586 0.482099 0.113985 0.340524
0.303367 0.483577 0.117835 0.341992
0.297184 0.481226 0.124422 0.345814
0.290703 0.474929 0.133316 0.351736
0.284607 0.465104 0.143674 0.359259
0.279627 0.452643 0.154223 0.367664
0.276596 0.438840 0.163312 0.376018
0.276453 0.425330 0.169072 0.383153
0.280168 0.414027 0.169702 0.387682
0.288518 0.407049 0.163870 0.388098
0.301645 0.406577 0.151236 0.383049
0.318343 0.414549 0.133012 0.371850
0.335364 0.431997 0.112187 0.355233
0.347718 0.457991 0.092837 0.335889
0.350916 0.488718 0.078545 0.318025
0.343875 0.517875 0.071253 0.305761
0.329367 0.538865 0.071577 0.301530
0.311541 0.547294 0.079828 0.305661
0.293319 0.541889 0.096476 0.317025
0.275653 0.523749 0.121753 0.334002
0.258355 0.495118 0.154765 0.355220
0.241393 0.458607 0.192785 0.379729
0.225772 0.417049 0.231143 0.406563
0.213665 0.373673 0.263824 0.434061
0.208110 0.332150 0.284529 0.459433
0.212886 0.296391 0.287555 0.478668
0.233115 0.270501 0.267898 0.486407
0.276247 0.259506 0.221562 0.475335
0.349588 0.271297 0.150587 0.436221
0.441279 0.318375 0.076026 0.365520
0.494499 0.410490 0.029744 0.284146
0.466799 0.530330 0.012914 0.227112
0.394410 0.630833 0.009026 0.206281
0.327462 0.679942 0.010696 0.215250
0.284831 0.679666 0.018017 0.244532
0.264661 0.646521 0.034700 0.283184
0.257885 0.597420 0.064455 0.319943
0.254371 0.544886 0.105563 0.348915
0.247998 0.495066 0.150695 0.371885
0.238529 0.448993 0.192940 0.393268
0.229012 0.406020 0.227962 0.415159
0.223253 0.366393 0.252103 0.436542
0.225150 0.331930 0.261359 0.454265
0.239061 0.305729 0.251632 0.463753
0.270355 0.292093 0.219526 0.459103
0.324113 0.297279 0.165313 0.433314
0.395651 0.330342 0.100553 0.382069
0.452763 0.399332 0.049310 0.314902
0.454269 0.496655 0.023855 0.257399
0.406282 0.590307 0.015542 0.227610
0.347430 0.648142 0.015659 0.225877
0.302492 0.662213 0.022470 0.245163
0.275823 0.642118 0.038683 0.276532
0.261612 0.601456 0.068177 0.310761
0.251277 0.551460 0.111301 0.342001
0.238788 0.498722 0.162805 0.370239
0.223267 0.445702 0.215364 0.398475
0.207509 0.393271 0.262446 0.428388
0.195504 0.342956 0.298100 0.458783
0.191312 0.297458 0.316832 0.486184
0.199353 0.260074 0.313847 0.505694
0.225973 0.234406 0.284379 0.510983
0.281629 0.225408 0.223806 0.492928
0.377222 0.242394 0.136390 0.439202
0.490171 0.302038 0.055557 0.347899
0.533326 0.416661 0.016977 0.254977
0.474899 0.558046 0.006676 0.200796
0.382330 0.664356 0.005012 0.187984
0.310073 0.706001 0.006856 0.205707
0.270093 0.694200 0.013258 0.243535
0.256197 0.650800 0.028153 0.288600
0.257561 0.595793 0.054797 0.326963
0.262834 0.543438 0.089835 0.352057
0.265139 0.499834 0.124709 0.367264
0.263977 0.464740 0.153566 0.378629
0.261990 0.435870 0.174700 0.389170
0.262148 0.411816 0.187452 0.398735
0.267017 0.392852 0.190688 0.405465
0.278700 0.380686 0.183110 0.406776
0.298435 0.378001 0.164335 0.399996
0.325251 0.387932 0.136369 0.383269
0.353755 0.412960 0.104680 0.357217
0.373762 0.452533 0.076809 0.326607
0.376117 0.500295 0.058162 0.299422
0.360775 0.544632 0.049800 0.282629
0.336000 0.574269 0.050782 0.278949
0.310364 0.583660 0.060956 0.287230
0.287754 0.573310 0.081473 0.304402
0.267720 0.546872 0.113511 0.327325
0.248137 0.508497 0.156413 0.354081
0.227812 0.461738 0.206584 0.384122
0.207712 0.409786 0.257730 0.417169
0.190597 0.356167 0.302071 0.451846
0.179965 0.304924 0.332144 0.485136
0.179524 0.260088 0.342180 0.512697
0.194030 0.225176 0.327619 0.529178
0.231771 0.203659 0.283137 0.527333
0.307459 0.201134 0.203883 0.495491
0.431413 0.229945 0.102987 0.418909
0.548193 0.311817 0.031361 0.307848
0.549307 0.454226 0.008069 0.217958
0.454595 0.606615 0.003478 0.177992
0.353283 0.700703 0.003253 0.178305
0.286607 0.722948 0.005444 0.207085
0.255691 0.694780 0.012002 0.253550
0.251038 0.640970 0.026936 0.302351
0.260892 0.582778 0.052043 0.338068
0.273504 0.534114 0.081482 0.356118
0.282324 0.499291 0.106565 0.362666
0.286996 0.476211 0.123879 0.364892
0.289495 0.461124 0.134427 0.366201
0.291571 0.451194 0.139958 0.367242
0.294276 0.444947 0.141622 0.367613
0.298074 0.441903 0.140076 0.366729
0.302936 0.442078 0.135856 0.364174
0.308379 0.445564 0.129665 0.359854
0.313527 0.452196 0.122486 0.354097
0.317292 0.461314 0.115521 0.347661
0.318693 0.471663 0.110005 0.341618
0.317197 0.481513 0.106995 0.337119
0.312883 0.488976 0.107245 0.335118
0.306340 0.492426 0.111165 0.336174
0.298400 0.490833 0.118809 0.340394
0.289899 0.483911 0.129828 0.347498
0.281605 0.472082 0.143365 0.356919
0.274307 0.456365 0.157969 0.367865
0.268945 0.438261 0.171596 0.379306
0.266702 0.419682 0.181759 0.389904
0.268983 0.402909 0.185840 0.397954
0.277248 0.390556 0.181562 0.401402
0.292568 0.385525 0.167665 0.398046
0.314629 0.390841 0.144853 0.386104
0.340063 0.409056 0.116721 0.365391
0.361407 0.440705 0.089375 0.338801
0.369930 0.482042 0.068629 0.312481
0.362190 0.524305 0.057132 0.293222
0.342703 0.556972 0.054836 0.285088
0.319131 0.572830 0.061424 0.288480
0.296636 0.570081 0.077540 0.301371
0.276375 0.550820 0.104262 0.320990
0.257098 0.518565 0.141600 0.345175
0.237514 0.476769 0.187171 0.372918
0.217920 0.428581 0.235894 0.403789
0.200431 0.377334 0.280741 0.436748
0.188251 0.326878 0.314226 0.469342
0.184997 0.281288 0.329962 0.497698
0.195034 0.244353 0.322923 0.516823
0.225277 0.219719 0.288079 0.520170
0.287779 0.212464 0.220410 0.497783
0.394611 0.232798 0.126234 0.435988
0.514174 0.299481 0.045976 0.335501
0.545983 0.424907 0.012732 0.240598
0.472494 0.573829 0.004975 0.190239
0.373559 0.679154 0.003970 0.181889
0.301344 0.715244 0.005845 0.203715
0.263806 0.697615 0.011977 0.245200
0.253187 0.649832 0.026309 0.292568
0.258219 0.592857 0.051713 0.330831
0.267211 0.541368 0.084026 0.353532
0.273072 0.501155 0.114415 0.364992
0.275155 0.471321 0.137794 0.371947
0.275786 0.448886 0.153650 0.377794
0.277385 0.431709 0.162582 0.382839
0.281739 0.419210 0.164730 0.385960
0.289954 0.412044 0.159952 0.385629
0.302266 0.411547 0.148536 0.380495
0.317558 0.419115 0.131891 0.369913
0.332903 0.435419 0.112836 0.354570
0.343949 0.459403 0.095063 0.336890
0.346838 0.487521 0.081844 0.320596
0.340571 0.514121 0.075089 0.309357
0.327412 0.533299 0.075537 0.305421
0.310900 0.541012 0.083559 0.309208
0.293674 0.535931 0.099551 0.319812
0.276754 0.518891 0.123602 0.335823
0.260181 0.491870 0.154745 0.355970
0.244106 0.457307 0.190340 0.379278
0.229578 0.417934 0.225969 0.404696
0.218703 0.376890 0.255962 0.430520
0.214430 0.337756 0.274323 0.453990
0.220490 0.304401 0.275529 0.471166
0.241895 0.281019 0.254771 0.476771
0.285451 0.272867 0.208728 0.463744
0.356141 0.287980 0.140958 0.423943
0.438647 0.337898 0.072488 0.356259
0.480790 0.428888 0.030504 0.281756
0.451216 0.540833 0.014714 0.230877
0.384631 0.630794 0.011125 0.213339
0.324002 0.672583 0.013551 0.223361
0.285146 0.669291 0.022536 0.251914
0.265883 0.636001 0.041944 0.288580
0.257458 0.587851 0.075031 0.323502
0.250662 0.535673 0.119479 0.352373
0.240672 0.484571 0.168095 0.377354
0.228080 0.435529 0.214070 0.402143
0.216257 0.388568 0.252365 0.427957
0.209180 0.344803 0.278310 0.453078
0.210948 0.306710 0.287183 0.473779
0.226414 0.277682 0.274409 0.484918
0.262371 0.262120 0.235821 0.479673
0.326879 0.266800 0.170946 0.449122
0.416433 0.302934 0.094526 0.386674
0.486215 0.382609 0.039036 0.305225
0.479820 0.498107 0.015892 0.239638
0.414406 0.607600 0.009629 0.209416
0.343432 0.671122 0.010011 0.211158
0.294162 0.682755 0.015629 0.235752
0.268661 0.656903 0.029483 0.272792
0.259112 0.610856 0.055794 0.310777
0.255229 0.558468 0.094697 0.341934
0.249491 0.507548 0.139903 0.366277
0.240271 0.460201 0.183903 0.388097
0.230084 0.415962 0.221728 0.410272
0.222685 0.374780 0.249602 0.432494
0.221964 0.338135 0.263514 0.452038
0.232134 0.308856 0.259264 0.464625
0.258395 0.290899 0.233030 0.464639
0.306620 0.289911 0.183395 0.445077
0.376847 0.314392 0.118057 0.399779
0.444698 0.374081 0.059838 0.333271
0.463613 0.467774 0.027560 0.269182
0.424024 0.568430 0.015919 0.230687
0.362997 0.639233 0.014220 0.221978
0.312264 0.664952 0.018946 0.236816
0.280770 0.652418 0.031901 0.266448
0.264355 0.615513 0.057118 0.301221
0.254400 0.566814 0.096394 0.333680
0.243530 0.514461 0.145755 0.362201
0.229334 0.461854 0.197934 0.389565
0.213829 0.409891 0.246249 0.418260
0.200839 0.359605 0.284878 0.447990
0.194429 0.313260 0.308318 0.475894
0.198840 0.273993 0.311614 0.497468
0.219658 0.245337 0.290078 0.506871
0.265838 0.231793 0.238960 0.496006
0.348703 0.241195 0.158800 0.453470
0.459283 0.288019 0.073738 0.372544
0.525944 0.387390 0.024259 0.277895
0.491214 0.523904 0.008802 0.213535
0.403753 0.640718 0.005635 0.191209
0.326109 0.697446 0.006726 0.201675
0.278988 0.697424 0.012042 0.234589
0.259218 0.660920 0.025051 0.278098
0.256834 0.608130 0.049742 0.318405
0.260414 0.554481 0.084729 0.346957
0.261915 0.507783 0.122129 0.365161
0.259741 0.469016 0.154920 0.378844
0.256286 0.436297 0.180285 0.391613
0.254753 0.408223 0.196985 0.403682
0.258107 0.385052 0.203409 0.413176
0.269023 0.368604 0.197630 0.417181
0.289651 0.361880 0.178459 0.412356
0.320265 0.368723 0.147208 0.395777
0.356060 0.392991 0.109696 0.366880
0.384538 0.435954 0.075588 0.330334
0.391550 0.491909 0.052512 0.296122
0.374749 0.546937 0.041607 0.273851
0.345108 0.585853 0.040756 0.267424
0.314928 0.600797 0.049057 0.275414
0.289860 0.592382 0.067773 0.293815
0.269303 0.565531 0.098821 0.318356
0.250008 0.525665 0.142332 0.346291
0.229581 0.477025 0.195052 0.377004
0.208323 0.422853 0.250636 0.410783
0.188900 0.366426 0.300990 0.446937
0.174949 0.311647 0.338109 0.482876
0.170102 0.262605 0.355849 0.514448
0.178407 0.222808 0.349941 0.536610
0.206508 0.195196 0.315770 0.543083
0.267509 0.183665 0.246834 0.523967
0.380416 0.196955 0.144477 0.463008
0.526281 0.254686 0.050156 0.353219
0.584793 0.379338 0.011264 0.241534
0.509547 0.547084 0.003348 0.179915
0.393491 0.678416 0.002229 0.165988
0.306232 0.731043 0.003110 0.185568
0.259930 0.719494 0.006615 0.228591
0.246349 0.670804 0.015827 0.281654
0.254433 0.609640 0.034206 0.326450
0.271648 0.555193 0.059518 0.351118
0.287484 0.516707 0.083017 0.358150
0.297978 0.494089 0.098869 0.356579
0.303685 0.482953 0.107656 0.352793
0.305983 0.478599 0.112359 0.349454
0.305845 0.477411 0.115537 0.347429
0.303925 0.476907 0.118794 0.346997
0.300771 0.475511 0.122954 0.348222
0.296926 0.472347 0.128267 0.351009
0.292940 0.467124 0.134539 0.355101
0.289379 0.460029 0.141212 0.360079
0.286826 0.451653 0.147434 0.365371
0.285874 0.442912 0.152156 0.370259
0.287088 0.434964 0.154287 0.373910
0.290904 0.429126 0.152904 0.375441
0.297453 0.426750 0.147515 0.374043
0.306307 0.429041 0.138323 0.369198
0.316238 0.436766 0.126400 0.360959
0.325197 0.449858 0.113606 0.350217
0.330791 0.467012 0.102172 0.338728
0.331249 0.485576 0.094097 0.328755
0.326251 0.502018 0.090756 0.322384
0.316920 0.512903 0.092919 0.320939
0.305008 0.515844 0.100964 0.324776
0.292021 0.509921 0.114943 0.333493
0.278897 0.495522 0.134383 0.346281
0.266248 0.473941 0.157932 0.362202
0.254832 0.447054 0.183116 0.380228
0.245929 0.417196 0.206366 0.399039
0.241465 0.387146 0.223381 0.416754
0.243983 0.360114 0.229701 0.430706
0.256589 0.339770 0.221339 0.437349
0.282661 0.330438 0.195700 0.432309
0.324009 0.337511 0.153802 0.411084
0.374846 0.367234 0.104130 0.372026
0.414573 0.423168 0.061959 0.322165
0.419250 0.497860 0.037080 0.277627
0.389363 0.569754 0.027173 0.251812
0.346757 0.616834 0.027103 0.247578
0.309561 0.631044 0.035470 0.260918
0.283193 0.616783 0.054349 0.285403
0.264574 0.582792 0.086680 0.314670
0.247917 0.536941 0.132697 0.344944
0.229315 0.484373 0.188205 0.376067
0.208785 0.428028 0.246119 0.409474
0.189302 0.370404 0.298392 0.445323
0.174818 0.314753 0.337312 0.481365
0.169107 0.264839 0.356893 0.513502
0.176158 0.224057 0.352991 0.536690
0.202288 0.195260 0.321215 0.544779
0.260007 0.182079 0.255078 0.528280
0.368797 0.192567 0.154089 0.471218
0.516874 0.245371 0.055867 0.363831
0.588119 0.364510 0.012557 0.248713
0.520591 0.532491 0.003494 0.182135
0.403242 0.670761 0.002151 0.164759
0.311824 0.730496 0.002853 0.181972
0.261973 0.723375 0.005954 0.223628
0.245989 0.676609 0.014317 0.276881
0.252938 0.615339 0.031554 0.323369
0.270356 0.559641 0.056183 0.349898
0.287168 0.519845 0.079725 0.357777
0.298644 0.496509 0.095793 0.356085
0.304994 0.485326 0.104631 0.351752
0.307540 0.481376 0.109289 0.347832
0.307280 0.480740 0.112510 0.345393
0.304925 0.480661 0.116045 0.344819
0.301104 0.479351 0.120804 0.346217
0.296442 0.475807 0.127068 0.349500
0.291573 0.469695 0.134621 0.354381
0.287137 0.461238 0.142815 0.360390
0.283803 0.451121 0.150637 0.366873
0.282279 0.440406 0.156806 0.373003
0.283284 0.430450 0.159948 0.377795
0.287446 0.422818 0.158843 0.380155
0.295084 0.419169 0.152759 0.379017
0.305866 0.421069 0.141817 0.373602
0.318397 0.429658 0.127275 0.363803
0.330047 0.445119 0.111489 0.350608
0.337528 0.466050 0.097329 0.336230
0.338342 0.489174 0.087276 0.323633
0.332137 0.509920 0.082875 0.315533
0.320668 0.523836 0.084878 0.313545
0.306429 0.527974 0.093682 0.317956
0.291319 0.521380 0.109489 0.328095
0.276239 0.504731 0.131999 0.342892
0.261556 0.479671 0.159886 0.361284
0.247835 0.448374 0.190414 0.382260
0.236359 0.413414 0.219454 0.404560
0.229243 0.377807 0.241948 0.426272
0.229351 0.344996 0.252639 0.444538
0.240326 0.318816 0.246709 0.455427
0.266765 0.303711 0.220376 0.453795
0.313207 0.305491 0.172962 0.433455
0.377340 0.332162 0.112714 0.389851
0.435210 0.391453 0.060039 0.328771
0.448398 0.479482 0.030244 0.271427
0.411871 0.570450 0.019035 0.237354
0.357309 0.632866 0.017743 0.230278
0.311427 0.654386 0.023582 0.244744
0.281885 0.641107 0.038532 0.272674
0.264811 0.605148 0.066374 0.305463
0.252416 0.557409 0.108374 0.337036
0.238497 0.504851 0.160453 0.366486
0.221565 0.450570 0.215490 0.396229
0.204047 0.395956 0.266356 0.427949
0.189883 0.342867 0.306382 0.460634
0.183101 0.294228 0.329611 0.490916
0.187864 0.253396 0.331216 0.514013
0.209966 0.223701 0.306618 0.523929
0.259616 0.209253 0.250378 0.512082
0.351582 0.217795 0.161952 0.465293
0.478525 0.265317 0.069157 0.374504
0.553424 0.371246 0.019455 0.269320
0.509077 0.521457 0.006127 0.201051
0.408335 0.650491 0.003718 0.179060
0.322719 0.711729 0.004535 0.191476
0.272778 0.710610 0.008599 0.227689
0.253723 0.670557 0.019083 0.275417
0.255055 0.614247 0.039944 0.318850
0.264705 0.559443 0.069998 0.347087
0.273122 0.515393 0.101053 0.361131
0.277335 0.483111 0.126060 0.368095
0.278910 0.459749 0.143420 0.373009
0.280269 0.442458 0.153951 0.377296
0.283279 0.429819 0.158327 0.380405
0.289116 0.421783 0.156727 0.381128
0.298225 0.419142 0.149355 0.378269
0.310088 0.422961 0.137049 0.371084
0.322912 0.433942 0.121665 0.359720
0.333693 0.451706 0.105950 0.345576
0.339163 0.474138 0.092822 0.331241
0.337430 0.497310 0.084504 0.319761
0.328995 0.516418 0.082226 0.313576
0.316115 0.527339 0.086571 0.313836
0.301247 0.527786 0.097881 0.320417
0.285947 0.517458 0.116251 0.332424
0.270838 0.497465 0.141096 0.348741
0.256253 0.469696 0.170626 0.368333
0.242956 0.436482 0.201567 0.390153
0.232528 0.400563 0.229349 0.412766
0.227369 0.365125 0.248706 0.433949
0.230618 0.333758 0.254422 0.450469
0.246277 0.310466 0.241895 0.457963
0.279293 0.300048 0.207936 0.450798
0.333352 0.309061 0.153971 0.422648
0.400597 0.346207 0.092874 0.371029
0.448026 0.417306 0.046780 0.307465
0.442227 0.511320 0.024344 0.255868
0.394644 0.596707 0.017239 0.230933
0.340218 0.646142 0.018338 0.232017
0.299376 0.654774 0.026733 0.252265
0.274791 0.632226 0.045421 0.283084
0.260446 0.590965 0.077910 0.316136
0.248398 0.540904 0.123742 0.346853
0.233760 0.487639 0.177325 0.375880
0.216551 0.433369 0.231344 0.405878
0.199936 0.379367 0.278941 0.437785
0.187968 0.327769 0.313722 0.469758
0.184660 0.281676 0.330133 0.497902
0.194502 0.244442 0.323562 0.517084
0.224408 0.219535 0.289153 0.520677
0.286403 0.211925 0.221887 0.498727
0.392837 0.231692 0.127725 0.437484
0.513262 0.297537 0.046740 0.337118
0.547000 0.422352 0.012896 0.241532
0.474310 0.571752 0.004979 0.190399
0.374972 0.678311 0.003928 0.181516
0.302083 0.715456 0.005744 0.203002
0.264019 0.698431 0.011750 0.244354
0.253099 0.650863 0.025859 0.291843
0.258080 0.593833 0.051011 0.330378
0.267224 0.542191 0.083171 0.353272
0.273301 0.501884 0.113500 0.364738
0.275555 0.472075 0.136833 0.371571
0.276277 0.449762 0.152645 0.377259
0.277874 0.432747 0.161584 0.382170
0.282119 0.420383 0.163844 0.385225
0.290102 0.413265 0.159321 0.384939
0.302057 0.412670 0.148303 0.379992
0.316914 0.419940 0.132145 0.369751
0.331871 0.435723 0.113558 0.354863
0.342751 0.459009 0.096113 0.337643
0.345805 0.486400 0.083026 0.321675
0.339964 0.512452 0.076227 0.310536
0.327295 0.531416 0.076505 0.306471
0.311184 0.539277 0.084245 0.309967
0.294235 0.534626 0.099826 0.320200
0.277521 0.518186 0.123319 0.335818
0.261148 0.491850 0.153777 0.355567
0.245302 0.458000 0.188633 0.378462
0.231012 0.419328 0.223584 0.403442
0.220339 0.378939 0.253075 0.428819
0.216186 0.340373 0.271195 0.451873
0.222237 0.307482 0.272461 0.468721
0.243412 0.284463 0.252112 0.474159
0.286273 0.276576 0.206944 0.461273
0.355374 0.291756 0.140554 0.422214
0.435584 0.341175 0.073320 0.356071
0.476816 0.430598 0.031557 0.283168
0.448694 0.540262 0.015509 0.232996
0.384059 0.628566 0.011791 0.215408
0.324587 0.669908 0.014284 0.224999
0.286053 0.666972 0.023513 0.252921
0.266520 0.634315 0.043313 0.288963
0.257435 0.586666 0.076898 0.323575
0.249804 0.534574 0.121995 0.352633
0.238978 0.483047 0.171520 0.378232
0.225631 0.433159 0.218606 0.403901
0.213169 0.385120 0.257973 0.430711
0.205597 0.340233 0.284701 0.456836
0.207035 0.301098 0.293932 0.478454
0.222393 0.271129 0.281022 0.490341
0.258744 0.254656 0.241595 0.485538
0.325038 0.258415 0.174690 0.454673
0.419074 0.293977 0.095182 0.390219
0.493967 0.374751 0.037782 0.305113
0.487799 0.494248 0.014588 0.236633
0.418700 0.608818 0.008528 0.205303
0.344220 0.675522 0.008798 0.207061
0.293089 0.688008 0.013898 0.232401
0.267239 0.661620 0.026757 0.270686
0.258577 0.614616 0.051668 0.309806
0.256463 0.561716 0.088935 0.341186
0.252816 0.511310 0.132174 0.364550
0.245577 0.465600 0.173759 0.384494
0.237067 0.423828 0.209036 0.404326
0.230919 0.385490 0.234842 0.424089
0.230869 0.351648 0.247755 0.441369
0.240849 0.324856 0.244024 0.452229
0.265379 0.308917 0.220345 0.451558
0.308857 0.309196 0.175939 0.433327
0.369789 0.333185 0.117911 0.392870
0.427372 0.388386 0.065040 0.334587
0.445052 0.472251 0.033436 0.277697
0.413724 0.561619 0.020811 0.241953
0.361503 0.625706 0.018777 0.232541
0.315490 0.650444 0.024110 0.244822
0.284798 0.640288 0.038433 0.271129
0.266507 0.606605 0.065426 0.303131
0.253252 0.560105 0.106695 0.334691
0.238794 0.507884 0.158704 0.364523
0.221364 0.453303 0.214518 0.394767
0.203190 0.397968 0.266817 0.427097
0.188166 0.343873 0.308643 0.460597
0.180313 0.294032 0.333823 0.491969
0.183688 0.251846 0.337494 0.516486
0.203811 0.220568 0.315206 0.528306
0.250543 0.203996 0.261410 0.519163
0.339476 0.209174 0.173849 0.475933
0.469584 0.251313 0.076759 0.387029
0.558600 0.351739 0.021324 0.277642
0.523703 0.503132 0.006154 0.202887
0.421138 0.641349 0.003376 0.176365
0.329746 0.712028 0.003864 0.185966
0.274982 0.716614 0.007184 0.220849
0.253010 0.678828 0.016134 0.269173
0.253509 0.622321 0.034772 0.314786
0.264370 0.566247 0.062856 0.344988
0.275090 0.521358 0.092660 0.359297
0.281496 0.489484 0.116586 0.364978
0.284554 0.467740 0.132797 0.367934
0.286459 0.452752 0.142523 0.370303
0.288895 0.442415 0.147066 0.372054
0.292842 0.435961 0.147132 0.372437
0.298658 0.433476 0.143167 0.370670
0.306063 0.435381 0.135795 0.366273
0.314091 0.441948 0.126110 0.359289
0.321169 0.452876 0.115697 0.350442
0.325521 0.466960 0.106375 0.341115
0.325827 0.482024 0.099807 0.333062
0.321780 0.495273 0.097215 0.327929
0.314112 0.503980 0.099332 0.326819
0.304091 0.506172 0.106499 0.330115
0.292946 0.500986 0.118681 0.337579
0.281596 0.488631 0.135327 0.348580
0.270770 0.470139 0.155142 0.362283
0.261309 0.447138 0.175923 0.377682
0.254436 0.421730 0.194606 0.393479
0.251861 0.396449 0.207558 0.407891
0.255748 0.374253 0.211062 0.418511
0.268557 0.358544 0.201950 0.422274
0.292474 0.353277 0.178597 0.415671
0.327471 0.363025 0.142786 0.395667
0.367028 0.392182 0.101880 0.362228
0.395442 0.441682 0.067070 0.321796
0.397479 0.503687 0.045464 0.286330
0.374289 0.561402 0.036489 0.265626
0.340564 0.598779 0.037293 0.262326
0.309204 0.609482 0.047239 0.273740
0.284611 0.596102 0.068085 0.295023
0.264833 0.564807 0.101911 0.321525
0.245883 0.521480 0.148376 0.350649
0.225373 0.470357 0.203410 0.382211
0.204025 0.414540 0.260037 0.416751
0.184880 0.357251 0.309933 0.453476
0.171708 0.302383 0.345273 0.489538
0.168135 0.253935 0.360338 0.520592
0.178323 0.215233 0.351142 0.541487
0.209457 0.189092 0.312916 0.545714
0.275880 0.179555 0.238938 0.522664
0.396932 0.196185 0.132905 0.455181
0.543725 0.260191 0.042443 0.339763
0.587212 0.393089 0.009130 0.230405
0.500238 0.563615 0.002843 0.174233
0.382871 0.689498 0.002054 0.164524
0.298747 0.734892 0.003060 0.187318
0.255922 0.717974 0.006749 0.232730
0.245275 0.666209 0.016310 0.286639
0.255627 0.604305 0.034919 0.330289
0.274325 0.551067 0.059575 0.352687
0.291043 0.514905 0.081381 0.357515
0.302056 0.495009 0.095272 0.354186
0.307873 0.486567 0.102525 0.349037
0.309724 0.484566 0.106430 0.344768
0.308542 0.485065 0.109667 0.342379
0.305085 0.485276 0.113877 0.342265
0.300088 0.483417 0.119862 0.344514
0.294281 0.478562 0.127784 0.348974
0.288383 0.470521 0.137265 0.355263
0.283115 0.459720 0.147432 0.362794
0.279249 0.447084 0.156972 0.370776
0.277642 0.433946 0.164255 0.378207
0.279209 0.421964 0.167547 0.383872
0.284786 0.413041 0.165344 0.386396
0.294837 0.409219 0.156800 0.384410
0.308932 0.412463 0.142245 0.376908
0.325083 0.424230 0.123586 0.363828
0.339449 0.444682 0.104173 0.346690
0.347405 0.471717 0.087748 0.328730
0.346041 0.500597 0.077063 0.313977
0.335994 0.525102 0.073396 0.305673
0.320565 0.539814 0.077202 0.305248
0.303209 0.541861 0.088858 0.312391
0.285855 0.531047 0.108730 0.325815
0.268918 0.508907 0.136559 0.344076
0.252302 0.477735 0.170681 0.366041
0.236473 0.440128 0.207591 0.390783
0.222969 0.399009 0.242132 0.417045
0.214328 0.357751 0.268280 0.442681
0.213849 0.320102 0.280117 0.464392
0.225761 0.290043 0.272388 0.477655
0.255971 0.272056 0.240616 0.476414
0.311843 0.272342 0.183147 0.452659
0.393514 0.300765 0.110030 0.399188
0.468274 0.369138 0.049813 0.323079
0.479413 0.475280 0.020687 0.254541
0.426054 0.585103 0.011648 0.217600
0.356716 0.656978 0.010904 0.212956
0.304049 0.678255 0.015648 0.232474
0.274255 0.659805 0.028191 0.266401
0.261215 0.618003 0.052806 0.303810
0.255145 0.566841 0.090851 0.336357
0.248038 0.514934 0.137304 0.362728
0.237410 0.465301 0.184541 0.386567
0.225346 0.418024 0.226760 0.410933
0.215597 0.373268 0.259472 0.435837
0.212144 0.332604 0.278175 0.458697
0.219245 0.298860 0.278300 0.475248
0.242296 0.275792 0.255475 0.479820
0.288561 0.268604 0.206619 0.464916
0.362996 0.285657 0.136209 0.422050
0.447470 0.339040 0.067467 0.350992
0.485717 0.434497 0.027518 0.275400
0.450027 0.549089 0.013303 0.226052
0.380429 0.638064 0.010364 0.210799
0.319788 0.676828 0.013076 0.222948
0.282158 0.670461 0.022327 0.253180
0.264332 0.634924 0.042125 0.290747
0.257117 0.585636 0.075524 0.325641
0.251221 0.533384 0.119683 0.353845
0.242016 0.483002 0.167151 0.377912
0.230291 0.435189 0.211346 0.401660
0.219462 0.389774 0.247598 0.426256
0.213471 0.347742 0.271543 0.449950
0.216398 0.311496 0.278648 0.469028
0.233081 0.284455 0.264474 0.478368
0.270055 0.271183 0.225242 0.471231
0.334067 0.278678 0.161616 0.439228
0.418449 0.317870 0.089396 0.377535
0.478563 0.398662 0.038357 0.300579
0.467162 0.509980 0.016901 0.240508
0.404514 0.611179 0.011045 0.213890
0.338683 0.667491 0.011943 0.217297
0.293200 0.675306 0.018693 0.242014
0.269291 0.648391 0.034544 0.277894
0.259184 0.602729 0.063484 0.314296
0.253139 0.550797 0.105033 0.344819
0.244667 0.499349 0.152776 0.370169
0.232981 0.450183 0.199414 0.394272
0.220947 0.403206 0.239655 0.419291
0.212464 0.359023 0.268988 0.444315
0.211556 0.319684 0.282789 0.466146
0.222727 0.288329 0.276488 0.480073
0.252004 0.269023 0.245802 0.479888
0.307146 0.267690 0.188719 0.457391
0.389788 0.294064 0.114359 0.404670
0.468988 0.360607 0.051561 0.327423
0.484856 0.467112 0.020773 0.256080
0.432146 0.580417 0.011201 0.216620
0.360698 0.656630 0.010154 0.210430
0.305763 0.680940 0.014387 0.229266
0.274584 0.663934 0.026001 0.263310
0.261245 0.622467 0.049292 0.301384
0.255833 0.571182 0.085984 0.334495
0.249862 0.519314 0.131318 0.360763
0.240331 0.470202 0.177578 0.383829
0.229064 0.423871 0.218964 0.407081
0.219730 0.380217 0.251250 0.430863
0.216261 0.340526 0.270202 0.452841
0.222821 0.307455 0.271404 0.468951
0.244534 0.284685 0.250618 0.473752
0.288014 0.277320 0.204949 0.460171
0.357536 0.293308 0.138418 0.420380
0.437054 0.343766 0.071830 0.353900
0.476259 0.433924 0.030987 0.281557
0.446676 0.543177 0.015421 0.232414
0.382049 0.630055 0.011903 0.215703
0.323275 0.669915 0.014573 0.225873
0.285417 0.665970 0.024085 0.254066
0.266269 0.632803 0.044319 0.290078
0.257226 0.584992 0.078381 0.324501
0.249397 0.532886 0.123823 0.353443
0.238329 0.481331 0.173517 0.379107
0.224828 0.431348 0.220637 0.404957
0.212343 0.383193 0.259888 0.431953
0.204889 0.338245 0.286310 0.458176
0.206595 0.299151 0.295027 0.479748
0.222422 0.269347 0.281393 0.491389
0.259566 0.253191 0.241021 0.486056
0.327103 0.257512 0.173092 0.454248
0.422281 0.294094 0.093185 0.388530
0.496376 0.376408 0.036500 0.302732
0.487763 0.497177 0.014054 0.234706
0.417144 0.611689 0.008298 0.204253
0.342517 0.677307 0.008678 0.206818
0.291846 0.688577 0.013857 0.232806
0.266560 0.661269 0.026835 0.271493
0.258382 0.613757 0.051888 0.310669
0.256612 0.560760 0.089156 0.341825
0.253221 0.510570 0.132107 0.364856
0.246243 0.465270 0.173152 0.384443
0.238036 0.424025 0.207764 0.403885
0.232224 0.386289 0.232897 0.423196
0.232510 0.353100 0.245217 0.439965
0.242782 0.326997 0.241063 0.450283
0.267454 0.311782 0.217256 0.449104
0.310631 0.312805 0.173244 0.430558
0.370284 0.337421 0.116316 0.390337
0.425589 0.392668 0.064805 0.333174
0.441650 0.475356 0.033980 0.277870
0.410658 0.562499 0.021594 0.243328
0.359802 0.624470 0.019720 0.234474
0.314966 0.647987 0.025358 0.246798
0.284827 0.637450 0.040188 0.272796
0.266472 0.603854 0.067819 0.304381
0.252730 0.557523 0.109708 0.335730
0.237651 0.505281 0.162259 0.365726
0.219696 0.450413 0.218547 0.396433
0.201193 0.394636 0.271155 0.429335
0.186059 0.340123 0.312972 0.463345
0.178289 0.290021 0.337780 0.495047
0.181916 0.247759 0.340791 0.519665
0.202505 0.216537 0.317606 0.531333
0.250173 0.200080 0.262558 0.521691
0.341133 0.205440 0.173291 0.477277
0.474306 0.248124 0.075046 0.386204
0.563842 0.350125 0.020212 0.275057
0.526081 0.504025 0.005707 0.200202
0.420925 0.643942 0.003123 0.174218
0.328418 0.714751 0.003610 0.184441
0.273492 0.718647 0.006799 0.220051
0.251850 0.679956 0.015452 0.269167
0.253073 0.622702 0.033579 0.315306
0.264998 0.566394 0.060911 0.345399
0.276921 0.521985 0.089668 0.358933
0.284421 0.491282 0.112299 0.363421
0.288278 0.471218 0.127203 0.365035
0.290524 0.458151 0.135943 0.366142
0.292681 0.449640 0.140158 0.366945
0.295590 0.444532 0.140839 0.366953
0.299555 0.442509 0.138578 0.365633
0.304418 0.443616 0.133933 0.362669
0.309601 0.447875 0.127659 0.358089
0.314198 0.454992 0.120767 0.352328
0.317182 0.464162 0.114429 0.346208
0.317728 0.474042 0.109792 0.340790
0.315489 0.482909 0.107793 0.337134
0.310686 0.489010 0.109065 0.336054
0.303958 0.490936 0.113903 0.337964
0.296113 0.487898 0.122247 0.342860
0.287942 0.479818 0.133613 0.350389
0.280200 0.467272 0.147004 0.359936
0.273695 0.451384 0.160846 0.370664
0.269409 0.433728 0.173034 0.381487
0.268545 0.416267 0.181125 0.391003
0.272467 0.401311 0.182681 0.397469
0.282468 0.391470 0.175780 0.398860
0.299207 0.389580 0.159728 0.393166
0.321583 0.398437 0.135986 0.379086
0.345228 0.419975 0.108771 0.357262
0.362421 0.453568 0.084030 0.331433
0.365998 0.494145 0.066551 0.307836
0.354957 0.532566 0.058066 0.292326
0.334763 0.559469 0.058424 0.287767
0.312148 0.569436 0.067631 0.293837
0.290884 0.561886 0.086498 0.308363
0.271336 0.539247 0.115824 0.328845
0.252260 0.504865 0.154948 0.353545
0.232899 0.461955 0.200739 0.381689
0.214153 0.413628 0.247591 0.412690
0.198499 0.363342 0.288355 0.445076
0.189253 0.315034 0.315881 0.475948
0.190184 0.272720 0.324248 0.501104
0.206265 0.240148 0.308510 0.515157
0.245777 0.221346 0.263454 0.510695
0.321670 0.222810 0.186186 0.476436
0.436981 0.257565 0.093288 0.400902
0.532193 0.344593 0.030433 0.299047
0.521170 0.482269 0.009304 0.220222
0.432991 0.617928 0.004766 0.186713
0.343608 0.695909 0.004884 0.190140
0.285666 0.709660 0.008265 0.219586
0.259186 0.679288 0.017497 0.263820
0.254828 0.627101 0.036855 0.308233
0.260873 0.571502 0.067088 0.340629
0.267091 0.523461 0.101424 0.359339
0.269391 0.485695 0.131737 0.370367
0.269005 0.456271 0.154699 0.379032
0.268724 0.432727 0.169987 0.387017
0.271064 0.413997 0.177409 0.393548
0.277971 0.400594 0.176286 0.396782
0.290713 0.394164 0.166080 0.394607
0.309310 0.396942 0.147415 0.385259
0.331410 0.411018 0.123041 0.368225
0.351410 0.437072 0.097882 0.345392
0.361997 0.472563 0.077282 0.321456
0.358866 0.510769 0.064521 0.302314
0.344021 0.542670 0.060381 0.292287
0.323406 0.560952 0.064781 0.292688
0.302158 0.562587 0.078127 0.302385
0.282317 0.548373 0.101243 0.319157
0.263476 0.521026 0.134286 0.340954
0.244668 0.483659 0.175508 0.366555
0.225969 0.439294 0.220712 0.395318
0.209065 0.391117 0.263656 0.426255
0.196837 0.342785 0.297228 0.457221
0.192781 0.298293 0.314885 0.484696
0.201125 0.261557 0.311246 0.503955
0.228177 0.236471 0.281301 0.508782
0.284285 0.228185 0.220511 0.490117
0.379631 0.246195 0.133708 0.435917
0.490057 0.307068 0.054494 0.345189
0.529799 0.422010 0.016953 0.254050
0.470746 0.561538 0.006863 0.201430
0.379681 0.664980 0.005270 0.189519
0.309064 0.704567 0.007276 0.207665
0.270134 0.691832 0.014046 0.245447
0.256624 0.648303 0.029595 0.290011
0.257704 0.593567 0.057051 0.327777
0.262193 0.541420 0.092836 0.352698
0.263580 0.497622 0.128418 0.368320
0.261632 0.461857 0.158047 0.380487
0.259107 0.431967 0.179906 0.391963
0.259062 0.406762 0.193070 0.402397
0.264196 0.386749 0.196118 0.409740
0.276814 0.373872 0.187507 0.411175
0.298379 0.371100 0.166753 0.403742
0.327934 0.381942 0.136094 0.385330
0.359332 0.409283 0.101793 0.356635
0.380687 0.452605 0.072371 0.323198
0.381708 0.504639 0.053426 0.294144
0.363366 0.552155 0.045404 0.276992
0.335853 0.582849 0.046868 0.274188
0.308696 0.591364 0.057633 0.283990
0.285626 0.579038 0.079087 0.302775
0.265592 0.550290 0.112611 0.327045
0.245944 0.509718 0.157478 0.354812
0.225283 0.461021 0.209766 0.385705
0.204660 0.407388 0.262804 0.419633
0.187008 0.352342 0.308536 0.455264
0.175918 0.299951 0.339422 0.489506
0.175061 0.254226 0.349842 0.517947
0.189090 0.218561 0.335472 0.535250
0.226270 0.196179 0.291011 0.534259
0.301931 0.192294 0.210894 0.503202
0.429233 0.218881 0.106807 0.426117
0.554877 0.298492 0.031626 0.311257
0.561238 0.442306 0.007571 0.216834
0.463823 0.601433 0.003032 0.174329
0.357390 0.702405 0.002725 0.173423
0.286951 0.728324 0.004537 0.201885
0.254055 0.701129 0.010169 0.249204
0.249069 0.646592 0.023442 0.299904
0.260327 0.587122 0.046487 0.337275
0.275614 0.537919 0.073951 0.355320
0.287285 0.504088 0.096999 0.360118
0.294140 0.483536 0.112132 0.359685
0.297721 0.471968 0.120821 0.358256
0.299510 0.465734 0.125520 0.357124
0.300380 0.462442 0.128016 0.356439
0.300784 0.460702 0.129354 0.356082
0.300955 0.459756 0.130095 0.355928
0.301014 0.459206 0.130529 0.355892
0.301029 0.458850 0.130797 0.355916
0.301039 0.458596 0.130963 0.355965
0.301068 0.458406 0.131052 0.356011
0.301127 0.458275 0.131072 0.356034
0.301218 0.458208 0.131026 0.356020
0.301336 0.458215 0.130919 0.355962
0.301468 0.458303 0.130763 0.355859
0.301596 0.458467 0.130577 0.355719
0.301699 0.458694 0.130387 0.355558
0.301755 0.458956 0.130223 0.355398
0.301747 0.459216 0.130118 0.355266
0.301666 0.459431 0.130100 0.355187
0.301510 0.459559 0.130187 0.355186
0.301293 0.459562 0.130384 0.355274
0.301039 0.459417 0.130678 0.355455
0.300783 0.459123 0.131040 0.355714
0.300564 0.458699 0.131423 0.356025
0.300426 0.458192 0.131768 0.356346
0.300404 0.457668 0.132013 0.356627
0.300525 0.457210 0.132098 0.356815
0.300795 0.456904 0.131982 0.356863
0.301199 0.456827 0.131645 0.356736
0.301693 0.457034 0.131104 0.356423
0.302214 0.457544 0.130411 0.355941
0.302678 0.458328 0.129653 0.355340
0.302999 0.459308 0.128942 0.354697
0.303096 0.460356 0.128403 0.354111
0.302917 0.461313 0.128153 0.353689
0.302443 0.462003 0.128284 0.353528
0.301703 0.462268 0.128840 0.353699
0.300770 0.461990 0.129810 0.354231
0.299761 0.461121 0.131111 0.355101
0.298817 0.459698 0.132597 0.356230
0.298097 0.457853 0.134062 0.357485
0.297755 0.455803 0.135264 0.358691
0.297917 0.453838 0.135955 0.359646
0.298661 0.452286 0.135923 0.360148
0.299985 0.451476 0.135037 0.360025
0.301789 0.451680 0.133288 0.359173
0.303858 0.453065 0.130814 0.357592
0.305880 0.455631 0.127907 0.355410
0.307480 0.459171 0.124979 0.352892
0.308298 0.463264 0.122511 0.350416
0.308066 0.467306 0.120973 0.348411
0.306680 0.470598 0.120755 0.347289
0.304224 0.472461 0.122102 0.347362
0.300946 0.472366 0.125072 0.348789
0.297219 0.470035 0.129505 0.351547
0.293489 0.465497 0.135000 0.355428
0.290249 0.459104 0.140916 0.360053
0.288019 0.451508 0.146397 0.364888
0.287330 0.443619 0.150450 0.369267
0.288675 0.436546 0.152081 0.372426
0.292407 0.431516 0.150481 0.373568
0.298574 0.429758 0.145260 0.371994
0.306706 0.432329 0.136667 0.367294
0.315628 0.439838 0.125722 0.359596
0.323494 0.452106 0.114121 0.349769
0.328235 0.467843 0.103860 0.339420
0.328364 0.484604 0.096734 0.330560
0.323631 0.499228 0.094011 0.325026
0.314995 0.508679 0.096424 0.323990
0.303957 0.510842 0.104316 0.327790
0.291862 0.504885 0.117672 0.336084
0.279626 0.491148 0.135937 0.348145
0.267924 0.470824 0.157737 0.363082
0.257583 0.445691 0.180676 0.379862
0.249885 0.417990 0.201397 0.397150
0.246682 0.390405 0.215910 0.413073
0.250362 0.366047 0.220132 0.425048
0.263738 0.348493 0.210524 0.429717
0.289560 0.341950 0.185106 0.423108
0.328436 0.351482 0.145611 0.401527
0.373468 0.382372 0.100414 0.364504
0.405958 0.436411 0.062694 0.319339
0.407299 0.505104 0.040262 0.280140
0.379737 0.568926 0.031377 0.257996
0.341640 0.609464 0.032195 0.255234
0.307879 0.620289 0.041906 0.268322
0.282830 0.605236 0.062554 0.291575
0.263725 0.571761 0.096599 0.319592
0.245690 0.526590 0.143773 0.349415
0.225782 0.474256 0.199743 0.381034
0.204591 0.417732 0.257352 0.415409
0.185244 0.359950 0.308309 0.452078
0.171617 0.304581 0.344837 0.488338
0.167378 0.255536 0.361206 0.519878
0.176609 0.216127 0.353478 0.541573
0.206216 0.189118 0.317041 0.547044
0.270079 0.178344 0.245126 0.526019
0.388145 0.192817 0.139803 0.461480
0.537535 0.253054 0.046088 0.347455
0.590608 0.382066 0.009866 0.235212
0.508435 0.553356 0.002919 0.175538
0.389664 0.684524 0.001994 0.163447
0.302500 0.734903 0.002871 0.184589
0.257184 0.720993 0.006258 0.229088
0.244868 0.670453 0.015199 0.283257
0.254462 0.608337 0.033026 0.328220
0.273348 0.554115 0.057290 0.351959
0.290767 0.516979 0.079205 0.357362
0.302462 0.496551 0.093283 0.353936
0.308723 0.488056 0.100582 0.348411
0.310748 0.486320 0.104451 0.343745
0.309497 0.487195 0.107690 0.341072
0.305776 0.487708 0.112037 0.340845
0.300376 0.485938 0.118353 0.343180
0.294082 0.480883 0.126834 0.347921
0.287646 0.472327 0.137103 0.354672
0.281820 0.460713 0.148247 0.362823
0.277411 0.447014 0.158868 0.371549
0.275338 0.432635 0.167191 0.379801
0.276612 0.419333 0.171297 0.386282
0.282213 0.409143 0.169468 0.389489
0.292787 0.404282 0.160657 0.387874
0.308064 0.406959 0.145082 0.380205
0.326034 0.418939 0.124744 0.366233
0.342436 0.440671 0.103371 0.347486
0.351836 0.470097 0.085215 0.327542
0.350672 0.502047 0.073332 0.310998
0.339669 0.529479 0.068985 0.301564
0.322795 0.546221 0.072500 0.300809
0.304125 0.549095 0.084247 0.308285
0.285797 0.538015 0.104735 0.322458
0.268079 0.514799 0.133900 0.341674
0.250608 0.481984 0.170168 0.364735
0.233655 0.442311 0.209931 0.390789
0.218728 0.398784 0.247753 0.418694
0.208426 0.354854 0.277241 0.446369
0.206093 0.314348 0.292182 0.470506
0.215940 0.281230 0.287149 0.486564
0.244006 0.259764 0.257310 0.488465
0.298871 0.255722 0.199641 0.467800
0.385030 0.278825 0.121672 0.415307
0.474010 0.342991 0.053491 0.334369
0.498227 0.451816 0.019963 0.256792
0.444681 0.573303 0.009827 0.212645
0.367623 0.658378 0.008408 0.204082
0.307760 0.688083 0.011744 0.222299
0.273984 0.673013 0.021579 0.257250
0.260474 0.631376 0.042205 0.297145
0.256972 0.579349 0.075935 0.331544
0.254017 0.527546 0.118416 0.357357
0.247510 0.479994 0.161684 0.378258
0.238704 0.436554 0.200004 0.398388
0.231048 0.396464 0.229881 0.418817
0.228299 0.360294 0.247939 0.437788
0.234321 0.330190 0.250381 0.451756
0.253510 0.309568 0.233522 0.455919
0.290799 0.303224 0.195184 0.444330
0.348254 0.318055 0.138954 0.411044
0.412970 0.362561 0.080543 0.356027
0.448766 0.439666 0.040518 0.294401
0.431265 0.533023 0.022532 0.249159
0.380610 0.610220 0.017650 0.230845
0.329352 0.649238 0.020409 0.236833
0.292897 0.649643 0.031052 0.259872
0.271268 0.622109 0.053011 0.291391
0.257678 0.578473 0.089185 0.323830
0.244723 0.527472 0.137820 0.354021
0.228803 0.473672 0.192638 0.383423
0.210961 0.418901 0.246318 0.414410
0.194749 0.364684 0.291954 0.447152
0.184233 0.313563 0.323164 0.479153
0.183413 0.268828 0.334643 0.506134
0.197090 0.233809 0.321924 0.522687
0.233210 0.212037 0.279896 0.521627
0.305418 0.209136 0.204077 0.491779
0.423136 0.237040 0.106455 0.419279
0.536314 0.316218 0.034472 0.312758
0.542301 0.453542 0.009382 0.223984
0.453944 0.601501 0.004106 0.182970
0.355859 0.694595 0.003776 0.181909
0.289910 0.718120 0.006147 0.209160
0.258479 0.691922 0.013192 0.253919
0.252491 0.639912 0.029022 0.301366
0.260276 0.582601 0.055515 0.336906
0.270405 0.533371 0.086965 0.356235
0.276823 0.496474 0.114694 0.365098
0.279567 0.470116 0.134897 0.370110
0.280947 0.451054 0.147902 0.374211
0.283068 0.437094 0.154715 0.377579
0.287341 0.427523 0.155811 0.379271
0.294486 0.422701 0.151387 0.378129
0.304432 0.423500 0.141948 0.373252
0.316071 0.430730 0.128775 0.364383
0.327141 0.444505 0.114052 0.352275
0.334691 0.463614 0.100462 0.338825
0.336301 0.485177 0.090436 0.326698
0.331341 0.505056 0.085598 0.318475
0.321136 0.519040 0.086799 0.315834
0.307907 0.524130 0.094475 0.319247
0.293528 0.519129 0.108817 0.328233
0.279026 0.504430 0.129558 0.341840
0.264884 0.481459 0.155519 0.359043
0.251682 0.452228 0.184230 0.378829
0.240601 0.419181 0.211901 0.399973
0.233599 0.385198 0.233794 0.420667
0.233356 0.353598 0.244881 0.438238
0.243266 0.328114 0.240487 0.449001
0.267503 0.313065 0.216960 0.448175
0.310028 0.313971 0.173517 0.430098
0.368873 0.338165 0.117157 0.390565
0.423796 0.392615 0.065805 0.334124
0.440490 0.474319 0.034735 0.279151
0.410571 0.560830 0.022090 0.244456
0.360391 0.622832 0.020077 0.235213
0.315712 0.646823 0.025644 0.247101
0.285430 0.636868 0.040405 0.272725
0.266831 0.603756 0.067935 0.304086
0.252862 0.557718 0.109736 0.335390
0.237604 0.505566 0.162313 0.365467
0.219492 0.450628 0.218786 0.396316
0.200828 0.394676 0.271695 0.429396
0.185518 0.339932 0.313851 0.463614
0.177554 0.289578 0.338991 0.495557
0.180943 0.247056 0.342329 0.520455
0.201198 0.215547 0.319499 0.532468
0.248382 0.198709 0.264819 0.523296
0.338885 0.203457 0.175608 0.479477
0.472839 0.245143 0.076445 0.388631
0.565235 0.346127 0.020496 0.276525
0.529230 0.500352 0.005678 0.200360
0.423531 0.642219 0.003043 0.173516
0.329753 0.714970 0.003474 0.183226
0.273822 0.719985 0.006523 0.218615
0.251596 0.681692 0.014872 0.267898
0.252674 0.624337 0.032533 0.314527
0.264904 0.567730 0.059410 0.345046
0.277391 0.523154 0.087834 0.358607
0.285441 0.492597 0.110154 0.362756
0.289676 0.472982 0.124728 0.363868
0.292066 0.460537 0.133217 0.364484
0.294089 0.452650 0.137406 0.364934
0.296555 0.447987 0.138405 0.364832
0.299772 0.446055 0.136866 0.363734
0.303651 0.446756 0.133320 0.361368
0.307766 0.450031 0.128399 0.357742
0.311440 0.455610 0.122905 0.353180
0.313902 0.462853 0.117771 0.348301
0.314502 0.470717 0.113929 0.343918
0.312913 0.477871 0.112173 0.340868
0.309222 0.482926 0.113062 0.339830
0.303866 0.484720 0.116869 0.341196
0.297473 0.482544 0.123546 0.345020
0.290727 0.476244 0.132681 0.351056
0.284326 0.466225 0.143434 0.358800
0.279011 0.453383 0.154517 0.367529
0.275631 0.439032 0.164230 0.376297
0.275159 0.424837 0.170626 0.383917
0.278628 0.412762 0.171792 0.388958
0.286912 0.404991 0.166260 0.389838
0.300281 0.403810 0.153558 0.385086
0.317650 0.411315 0.134815 0.373867
0.335757 0.428752 0.113077 0.356785
0.349315 0.455394 0.092653 0.336541
0.353333 0.487452 0.077398 0.317561
0.346410 0.518347 0.069377 0.304285
0.331449 0.541010 0.069176 0.299379
0.312972 0.550660 0.077055 0.303231
0.294186 0.545885 0.093519 0.314636
0.276106 0.527843 0.118922 0.331852
0.258437 0.498895 0.152508 0.353418
0.240993 0.461739 0.191628 0.378379
0.224678 0.419245 0.231581 0.405841
0.211638 0.374659 0.266222 0.434232
0.204913 0.331676 0.289075 0.460821
0.208246 0.294224 0.294311 0.481638
0.226664 0.266337 0.276835 0.491392
0.267705 0.252799 0.232244 0.482834
0.340064 0.261096 0.161057 0.446304
0.436266 0.303785 0.082500 0.376075
0.500365 0.393098 0.031432 0.290695
0.479202 0.516119 0.012630 0.227990
0.404984 0.624937 0.008136 0.203051
0.333239 0.681832 0.009185 0.209695
0.286719 0.686159 0.015298 0.238241
0.264613 0.654786 0.029897 0.277680
0.257987 0.605727 0.057027 0.315950
0.256226 0.552819 0.095777 0.345710
0.252139 0.503289 0.138999 0.367992
0.244639 0.458541 0.179477 0.387565
0.236442 0.417640 0.213046 0.407222
0.231220 0.380273 0.236637 0.426520
0.232697 0.347747 0.246799 0.442760
0.244848 0.322816 0.239843 0.451825
0.272213 0.309495 0.212744 0.448469
0.318648 0.313450 0.165677 0.426734
0.380239 0.342361 0.107702 0.382964
0.432405 0.402725 0.058369 0.324064
0.440788 0.488708 0.030751 0.270486
0.404152 0.574512 0.020412 0.239638
0.352400 0.631456 0.019721 0.234409
0.309302 0.649360 0.026491 0.249470
0.281250 0.634471 0.042910 0.277025
0.264200 0.598171 0.072583 0.309015
0.250759 0.550482 0.116306 0.340160
0.235443 0.497695 0.169747 0.370015
0.217370 0.442700 0.225762 0.400835
0.199242 0.387125 0.277013 0.433834
0.185049 0.333240 0.316530 0.467562
0.178767 0.284250 0.338321 0.498366
0.184540 0.243554 0.337745 0.521328
0.208397 0.214367 0.310263 0.530340
0.261373 0.200717 0.250142 0.516436
0.359584 0.210615 0.157217 0.465511
0.493031 0.261125 0.063154 0.368752
0.564366 0.372779 0.016514 0.260756
0.510465 0.528869 0.005065 0.194085
0.404262 0.659328 0.003147 0.174541
0.317639 0.718257 0.003999 0.189223
0.268627 0.713941 0.007869 0.227621
0.251229 0.671111 0.017913 0.277127
0.254695 0.613142 0.037950 0.321140
0.266783 0.558311 0.066467 0.348380
0.277645 0.515923 0.095034 0.360254
0.284029 0.486681 0.116914 0.364458
0.287214 0.467277 0.131199 0.366435
0.289273 0.454312 0.139469 0.367984
0.291670 0.445706 0.143140 0.369032
0.295199 0.440626 0.143011 0.368953
0.300093 0.438997 0.139604 0.367148
0.306060 0.441020 0.133539 0.363296
0.312295 0.446761 0.125752 0.357512
0.317602 0.455827 0.117512 0.350423
0.320699 0.467145 0.110244 0.343121
0.320657 0.478966 0.105266 0.336941
0.317246 0.489133 0.103586 0.333131
0.310950 0.495566 0.105831 0.332554
0.302676 0.496736 0.112262 0.335547
0.293391 0.491937 0.122754 0.341960
0.283939 0.481307 0.136698 0.351291
0.275088 0.465695 0.152861 0.362796
0.267711 0.446508 0.169304 0.375520
0.262943 0.425612 0.183452 0.388218
0.262249 0.405278 0.192350 0.399254
0.267346 0.388160 0.193092 0.406529
0.279945 0.377283 0.183425 0.407544
0.301034 0.376024 0.162671 0.399750
0.329209 0.387865 0.133057 0.381493
0.358230 0.415323 0.100566 0.353862
0.377086 0.457380 0.072991 0.322353
0.376956 0.506720 0.055331 0.295427
0.359241 0.550954 0.048086 0.279859
0.333205 0.578928 0.050154 0.277811
0.307331 0.585870 0.061532 0.287652
0.284917 0.573026 0.083528 0.306059
0.265012 0.544428 0.117275 0.329867
0.245327 0.504323 0.161811 0.357302
0.224809 0.456242 0.213121 0.387970
0.204681 0.403381 0.264564 0.421586
0.187883 0.349332 0.308215 0.456621
0.177968 0.298181 0.336718 0.489868
0.178672 0.253911 0.344547 0.516856
0.194937 0.219944 0.327229 0.532116
0.235622 0.199746 0.279283 0.528109
0.316305 0.199220 0.196186 0.492513
0.445385 0.231622 0.094354 0.410699
0.557428 0.319450 0.027149 0.297526
0.546430 0.467071 0.006974 0.210995
0.446147 0.618394 0.003174 0.175057
0.345770 0.706915 0.003157 0.178418
0.281879 0.723870 0.005511 0.209523
0.253573 0.692174 0.012379 0.257380
0.250969 0.636715 0.027781 0.306101
0.262172 0.578609 0.053022 0.340461
0.275522 0.531215 0.081674 0.356838
0.284821 0.498196 0.105272 0.361993
0.289887 0.477053 0.121028 0.363088
0.292611 0.463857 0.130348 0.363424
0.294575 0.455633 0.135197 0.363688
0.296688 0.450717 0.136885 0.363627
0.299342 0.448388 0.136169 0.362835
0.302551 0.448412 0.133578 0.361032
0.306029 0.450688 0.129656 0.358162
0.309261 0.455003 0.125061 0.354436
0.311621 0.460873 0.120570 0.350315
0.312537 0.467487 0.116988 0.346447
0.311653 0.473773 0.115038 0.343540
0.308937 0.478558 0.115264 0.342214
0.304664 0.480792 0.117968 0.342878
0.299327 0.479754 0.123171 0.345669
0.293521 0.475175 0.130574 0.350444
0.287879 0.467273 0.139520 0.356816
0.283073 0.456722 0.148965 0.364184
0.279843 0.444596 0.157521 0.371744
0.279008 0.432302 0.163566 0.378488
0.281414 0.421521 0.165471 0.383219
0.287764 0.414126 0.161929 0.384627
0.298297 0.412063 0.152381 0.381488
0.312267 0.417101 0.137477 0.373048
0.327376 0.430350 0.119355 0.359590
0.339775 0.451473 0.101322 0.342942
0.345386 0.477880 0.086765 0.326383
0.342187 0.504695 0.078011 0.313609
0.331371 0.526111 0.076124 0.307337
0.316114 0.537483 0.081547 0.308572
0.299365 0.536624 0.094657 0.316827
0.282641 0.523690 0.115667 0.330855
0.266258 0.500284 0.144007 0.349345
0.250293 0.468658 0.177643 0.371247
0.235485 0.431393 0.212794 0.395573
0.223588 0.391445 0.244241 0.420873
0.217261 0.352220 0.266119 0.444765
0.219923 0.317483 0.272793 0.463733
0.236028 0.291293 0.259293 0.473021
0.271634 0.278473 0.221760 0.466294
0.332708 0.285965 0.160870 0.435749
0.412578 0.324138 0.091354 0.377069
0.470255 0.401952 0.040957 0.303536
0.461557 0.508720 0.018773 0.245079
0.403249 0.606412 0.012425 0.218280
0.340095 0.661811 0.013282 0.220673
0.295394 0.670529 0.020333 0.244008
0.271011 0.645143 0.036748 0.278507
0.259659 0.600778 0.066449 0.314097
0.252002 0.549319 0.109059 0.344782
0.241882 0.497286 0.158433 0.371194
0.228656 0.446608 0.207266 0.396933
0.215248 0.397535 0.249845 0.423893
0.205616 0.351049 0.281121 0.450960
0.203826 0.309481 0.296125 0.474761
0.214446 0.276063 0.290137 0.490437
0.243848 0.254750 0.258578 0.491583
0.301125 0.251293 0.198523 0.469379
0.390823 0.275743 0.118378 0.414196
0.481469 0.342628 0.050231 0.330383
0.502170 0.455156 0.018212 0.252046
0.443983 0.578925 0.008960 0.208992
0.364809 0.663548 0.007824 0.201950
0.304882 0.691347 0.011203 0.221647
0.271926 0.674263 0.020992 0.257858
0.259544 0.631135 0.041518 0.298452
0.257223 0.578463 0.074923 0.332747
0.255388 0.526937 0.116514 0.357796
0.249961 0.480437 0.158227 0.377557
0.242233 0.438596 0.194589 0.396320
0.235611 0.400434 0.222497 0.415210
0.233757 0.366337 0.238945 0.432550
0.240386 0.338311 0.240462 0.444936
0.259583 0.319689 0.223716 0.447797
0.295535 0.315176 0.187070 0.435650
0.348969 0.331285 0.134539 0.403485
0.406759 0.375334 0.080646 0.352209
0.437316 0.448501 0.043199 0.295831
0.421012 0.534731 0.025681 0.254462
0.375345 0.605167 0.020883 0.237633
0.328391 0.640570 0.024164 0.243331
0.293962 0.640342 0.035921 0.264988
0.272246 0.613771 0.059411 0.294799
0.257138 0.571339 0.097174 0.326172
0.242111 0.520811 0.147343 0.356559
0.224283 0.466402 0.203806 0.387274
0.205027 0.410209 0.259061 0.420137
0.187982 0.354338 0.305632 0.454781
0.177177 0.301850 0.336761 0.488331
0.176492 0.256251 0.347250 0.516317
0.190678 0.220768 0.332898 0.533294
0.228030 0.198634 0.288469 0.532018
0.303687 0.195166 0.208649 0.500717
0.429902 0.222453 0.105596 0.423809
0.552677 0.302794 0.031557 0.310187
0.557345 0.446176 0.007734 0.217227
0.460820 0.603127 0.003172 0.175530
0.356062 0.701858 0.002888 0.175009
0.286851 0.726581 0.004817 0.203573
0.254602 0.699072 0.010738 0.250617
0.249733 0.644777 0.024539 0.300696
0.260546 0.585735 0.048249 0.337513
0.274962 0.536724 0.076351 0.355544
0.285697 0.502584 0.100053 0.360906
0.291837 0.481217 0.115883 0.361337
0.295073 0.468506 0.125167 0.360796
0.296969 0.461070 0.130137 0.360362
0.298440 0.456822 0.132383 0.360009
0.299922 0.454665 0.132833 0.359482
0.301550 0.454081 0.132035 0.358575
0.303264 0.454809 0.130389 0.357211
0.304873 0.456645 0.128267 0.355444
0.306121 0.459323 0.126066 0.353456
0.306747 0.462460 0.124196 0.351525
0.306554 0.465564 0.123045 0.349974
0.305460 0.468082 0.122927 0.349119
0.303522 0.469483 0.124040 0.349203
0.300931 0.469354 0.126426 0.350354
0.297983 0.467471 0.129949 0.352554
0.295044 0.463855 0.134276 0.355636
0.292523 0.458788 0.138886 0.359289
0.290849 0.452797 0.143097 0.363074
0.290442 0.446623 0.146136 0.366449
0.291666 0.441161 0.147246 0.368806
0.294747 0.437392 0.145832 0.369534
0.299653 0.436267 0.141632 0.368125
0.305956 0.438562 0.134868 0.364320
0.312741 0.444672 0.126322 0.358270
0.318665 0.454367 0.117264 0.350659
0.322266 0.466612 0.109204 0.342681
0.322463 0.479564 0.103562 0.335816
0.318964 0.490877 0.101427 0.331457
0.312304 0.498252 0.103475 0.330569
0.303492 0.499985 0.110009 0.333530
0.293585 0.495282 0.120946 0.340183
0.283462 0.484268 0.135711 0.349993
0.273889 0.467829 0.153070 0.362195
0.265725 0.447431 0.171014 0.375818
0.260131 0.425005 0.186821 0.389607
0.258649 0.402906 0.197308 0.401883
0.263150 0.383887 0.199276 0.410450
0.275616 0.371104 0.190121 0.412617
0.297473 0.368143 0.168785 0.405494
0.327837 0.378887 0.137265 0.386923
0.360470 0.406538 0.101911 0.357544
0.382915 0.450826 0.071604 0.323050
0.384165 0.504406 0.052168 0.292987
0.365169 0.553534 0.043930 0.275230
0.336740 0.585338 0.045250 0.272288
0.308918 0.594286 0.055871 0.282290
0.285566 0.581869 0.077237 0.301434
0.265514 0.552760 0.110844 0.326046
0.245907 0.511747 0.156036 0.354050
0.225194 0.462612 0.208878 0.385104
0.204372 0.408539 0.262646 0.419211
0.186393 0.353017 0.309215 0.455121
0.174874 0.300103 0.340976 0.489775
0.173468 0.253813 0.352296 0.518772
0.186721 0.217523 0.338925 0.536818
0.222693 0.194357 0.295647 0.536892
0.296615 0.189273 0.216560 0.507422
0.423253 0.213766 0.111661 0.432022
0.553923 0.290318 0.033396 0.316524
0.567147 0.432545 0.007776 0.218999
0.470949 0.594616 0.002958 0.173913
0.362048 0.700582 0.002553 0.171368
0.288929 0.730119 0.004172 0.198823
0.254174 0.704716 0.009346 0.245937
0.248225 0.650531 0.021785 0.297428
0.259515 0.590492 0.043887 0.336037
0.275658 0.540553 0.070745 0.354776
0.288422 0.506436 0.093440 0.359382
0.296130 0.486235 0.108194 0.358217
0.300141 0.475500 0.116506 0.355938
0.301878 0.470276 0.121043 0.354118
0.302207 0.467830 0.123797 0.353094
0.301627 0.466466 0.125948 0.352872
0.300477 0.465186 0.128092 0.353390
0.299040 0.463464 0.130442 0.354548
0.297591 0.461104 0.132959 0.356196
0.296400 0.458162 0.135426 0.358121
0.295723 0.454889 0.137516 0.360050
0.295784 0.451678 0.138856 0.361671
0.296738 0.449015 0.139097 0.362655
0.298635 0.447412 0.137997 0.362708
0.301368 0.447331 0.135492 0.361622
0.304642 0.449091 0.131761 0.359344
0.307966 0.452774 0.127235 0.356029
0.310722 0.458132 0.122557 0.352069
0.312281 0.464554 0.118486 0.348055
0.312177 0.471097 0.115767 0.344691
0.310232 0.476627 0.115015 0.342651
0.306596 0.480033 0.116633 0.342443
0.301678 0.480443 0.120761 0.344321
0.296035 0.477390 0.127242 0.348260
0.290286 0.470889 0.135574 0.353975
0.285080 0.461423 0.144883 0.360956
0.281121 0.449898 0.153927 0.368487
0.279193 0.437580 0.161173 0.375654
0.280133 0.426032 0.164976 0.381342
0.284725 0.417047 0.163859 0.384282
0.293448 0.412545 0.156902 0.383193
0.306040 0.414396 0.144192 0.377074
0.320921 0.424049 0.127219 0.365703
0.334865 0.441878 0.108857 0.350209
0.343685 0.466325 0.092585 0.333299
0.344268 0.493437 0.081253 0.318627
0.336449 0.517619 0.076411 0.309439
0.322781 0.533549 0.078683 0.307480
0.306501 0.537952 0.088444 0.312836
0.289764 0.530067 0.106024 0.324504
0.273309 0.510978 0.131265 0.341149
0.257204 0.482710 0.162819 0.361610
0.241841 0.447696 0.197659 0.384922
0.228534 0.408711 0.231128 0.409895
0.219581 0.368960 0.257553 0.434583
0.218065 0.332067 0.271142 0.455967
0.227921 0.301949 0.266642 0.469852
0.254461 0.283002 0.239614 0.470644
0.304211 0.281060 0.188075 0.451057
0.378315 0.305014 0.119573 0.404182
0.451550 0.365703 0.058583 0.334183
0.472380 0.463158 0.025608 0.266516
0.429797 0.569187 0.014173 0.226230
0.364780 0.643934 0.012478 0.217293
0.311570 0.671029 0.016783 0.232846
0.279344 0.658111 0.028863 0.263750
0.263574 0.620155 0.052859 0.299778
0.255173 0.570668 0.090746 0.332729
0.246186 0.518413 0.138481 0.360627
0.233765 0.466936 0.188642 0.386482
0.219738 0.416851 0.234809 0.413204
0.207851 0.368723 0.271722 0.440857
0.202148 0.324406 0.294297 0.466850
0.206877 0.286850 0.297677 0.486863
0.227484 0.259658 0.277215 0.495191
0.272139 0.247566 0.228688 0.484066
0.349819 0.258482 0.153646 0.443270
0.449492 0.305839 0.074662 0.368037
0.507871 0.401564 0.027124 0.281053
0.476771 0.528671 0.010944 0.221032
0.397923 0.635813 0.007400 0.199734
0.326563 0.687761 0.008826 0.209530
0.282212 0.687285 0.015289 0.240501
0.262398 0.652545 0.030443 0.281232
0.257598 0.601856 0.058134 0.319380
0.257071 0.548915 0.096709 0.348043
0.253932 0.500480 0.138558 0.368951
0.247453 0.457489 0.176769 0.387110
0.240458 0.418742 0.207700 0.405206
0.236543 0.383797 0.228697 0.422701
0.239292 0.353878 0.236659 0.436923
0.252457 0.331687 0.228266 0.443898
0.280031 0.321212 0.201072 0.438703
0.324547 0.327972 0.156149 0.416154
0.380219 0.358853 0.102863 0.374043
0.423734 0.418310 0.058461 0.320062
0.427561 0.498565 0.033334 0.272433
0.393421 0.575575 0.023809 0.245671
0.346922 0.625089 0.023854 0.242118
0.307834 0.639106 0.031971 0.256994
0.281351 0.623266 0.050445 0.283196
0.263669 0.587477 0.082476 0.313700
0.248281 0.540376 0.128313 0.344328
0.230798 0.487396 0.183490 0.375022
0.211086 0.431344 0.240836 0.407588
0.192129 0.374364 0.292568 0.442511
0.177926 0.319369 0.331266 0.477741
0.172332 0.269938 0.350985 0.509270
0.179427 0.229463 0.347429 0.532054
0.205555 0.200928 0.316114 0.539884
0.262973 0.188173 0.250795 0.523279
0.369974 0.199481 0.151688 0.466738
0.513002 0.253370 0.055900 0.361667
0.580032 0.372286 0.013140 0.249720
0.513749 0.536722 0.003850 0.184816
0.400049 0.670232 0.002444 0.168056
0.311502 0.727151 0.003260 0.185404
0.263186 0.719224 0.006735 0.226608
0.247672 0.672901 0.015907 0.278686
0.254009 0.612636 0.034405 0.323822
0.269757 0.557642 0.060453 0.349888
0.284427 0.517542 0.085453 0.358660
0.294054 0.492700 0.103094 0.358771
0.299325 0.479092 0.113407 0.356480
0.301793 0.472361 0.119016 0.354301
0.302519 0.469276 0.122260 0.352902
0.302111 0.467747 0.124620 0.352379
0.300964 0.466515 0.126891 0.352699
0.299395 0.464876 0.129405 0.353777
0.297705 0.462516 0.132187 0.355475
0.296195 0.459420 0.135045 0.357583
0.295158 0.455803 0.137640 0.359823
0.294865 0.452062 0.139553 0.361854
0.295531 0.448717 0.140359 0.363308
0.297271 0.446348 0.139720 0.363824
0.300047 0.445517 0.137470 0.363116
0.303612 0.446670 0.133703 0.361039
0.307486 0.450027 0.128805 0.357668
0.310989 0.455468 0.123437 0.353348
0.313369 0.462454 0.118437 0.348688
0.313991 0.470029 0.114678 0.344470
0.312527 0.476942 0.112919 0.341503
0.309037 0.481870 0.113702 0.340448
0.303923 0.483693 0.117295 0.341696
0.297782 0.481710 0.123658 0.345315
0.291277 0.475755 0.132395 0.351077
0.285091 0.466198 0.142702 0.358502
0.279952 0.453892 0.153342 0.366891
0.276680 0.440099 0.162688 0.375330
0.276212 0.426430 0.168876 0.382668
0.279526 0.414781 0.170073 0.387532
0.287440 0.407261 0.164874 0.388415
0.300185 0.406065 0.152817 0.383919
0.316721 0.413184 0.134950 0.373263
0.333991 0.429788 0.114120 0.357009
0.347076 0.455186 0.094381 0.337674
0.351269 0.485835 0.079450 0.319401
0.345083 0.515563 0.071434 0.306421
0.331032 0.537648 0.071025 0.301374
0.313297 0.547397 0.078521 0.304766
0.294996 0.543259 0.094389 0.315555
0.277243 0.526179 0.118923 0.332117
0.259890 0.498351 0.151379 0.353032
0.242833 0.462373 0.189212 0.377323
0.226960 0.421057 0.227909 0.404058
0.214347 0.377593 0.261524 0.431671
0.207968 0.335620 0.283724 0.457483
0.211521 0.299039 0.288723 0.477595
0.229959 0.271917 0.271457 0.486790
0.270525 0.259119 0.227721 0.477965
0.341053 0.268145 0.158437 0.441907
0.433159 0.311147 0.082426 0.373675
0.493501 0.399139 0.032573 0.291382
0.473030 0.518494 0.013664 0.230774
0.402073 0.623266 0.009026 0.206513
0.333012 0.677933 0.010217 0.213004
0.287779 0.681850 0.016816 0.240829
0.265757 0.651060 0.032297 0.279198
0.258234 0.602791 0.060621 0.316613
0.254918 0.550188 0.100764 0.346363
0.249084 0.500060 0.145691 0.369620
0.239963 0.453795 0.188238 0.390851
0.230413 0.410739 0.223919 0.412503
0.224213 0.370957 0.249136 0.433852
0.225232 0.336091 0.259962 0.451936
0.237731 0.309111 0.252316 0.462334
0.266915 0.294173 0.222708 0.459319
0.317973 0.297268 0.170841 0.436020
0.387861 0.327113 0.106730 0.387595
0.447744 0.392134 0.053572 0.321662
0.455418 0.486960 0.025810 0.262636
0.411338 0.581789 0.016254 0.230083
0.352723 0.643410 0.015713 0.225798
0.306308 0.661446 0.021870 0.243196
0.278043 0.644278 0.037111 0.273547
0.262817 0.605303 0.065366 0.307641
0.252161 0.555987 0.107507 0.339223
0.239700 0.503323 0.158773 0.367773
0.224118 0.450084 0.211865 0.396155
0.207989 0.397238 0.260093 0.426232
0.195269 0.346277 0.297379 0.457030
0.190016 0.299863 0.318117 0.485218
0.196553 0.261278 0.317464 0.505998
0.220949 0.234050 0.290698 0.513212
0.273336 0.222840 0.232928 0.498057
0.365783 0.236312 0.146454 0.448102
0.482095 0.290660 0.061797 0.358666
0.537150 0.400665 0.018727 0.262342
0.485868 0.543661 0.006881 0.203022
0.392069 0.657288 0.004782 0.186386
0.315748 0.706080 0.006224 0.201597
0.272246 0.698752 0.011829 0.238223
0.256186 0.657285 0.025301 0.283685
0.256955 0.602342 0.050266 0.323561
0.262950 0.549207 0.084232 0.349928
0.266444 0.504970 0.118759 0.365363
0.266233 0.469848 0.147495 0.376159
0.264726 0.441473 0.168588 0.385876
0.264830 0.418117 0.181621 0.394754
0.269030 0.399700 0.185773 0.401204
0.279297 0.387601 0.179955 0.402889
0.296781 0.384179 0.163773 0.397370
0.320746 0.392226 0.138813 0.382905
0.346806 0.413987 0.109627 0.359812
0.366428 0.449205 0.082852 0.331909
0.371162 0.492751 0.063887 0.306055
0.359528 0.534667 0.054523 0.288847
0.337758 0.564456 0.054325 0.283495
0.313628 0.576052 0.063121 0.289585
0.291423 0.568902 0.081796 0.304640
0.271441 0.545807 0.111393 0.325824
0.252086 0.510487 0.151479 0.351191
0.232254 0.466365 0.198981 0.379983
0.212682 0.416599 0.248177 0.411784
0.195856 0.364641 0.291680 0.445294
0.185138 0.314454 0.322084 0.477699
0.184231 0.270089 0.333372 0.504835
0.197831 0.235220 0.320725 0.521442
0.233808 0.213529 0.278928 0.520438
0.305630 0.210708 0.203545 0.490759
0.422409 0.238682 0.106530 0.418746
0.534519 0.317711 0.034801 0.313016
0.540629 0.454337 0.009581 0.224730
0.453174 0.601293 0.004223 0.183806
0.355834 0.693766 0.003889 0.182684
0.290249 0.717165 0.006312 0.209781
0.258903 0.691118 0.013490 0.254281
0.252778 0.639361 0.029553 0.301442
0.260217 0.582233 0.056360 0.336855
0.269871 0.532964 0.088194 0.356340
0.275810 0.495747 0.116394 0.365597
0.278166 0.468824 0.137116 0.371126
0.279310 0.449046 0.150572 0.375762
0.281414 0.434342 0.157620 0.379585
0.285963 0.424143 0.158592 0.381548
0.293749 0.418971 0.153586 0.380371
0.304715 0.419871 0.143097 0.375042
0.317632 0.427813 0.128537 0.365258
0.329915 0.442994 0.112369 0.351862
0.338155 0.464095 0.097602 0.337018
0.339612 0.487866 0.086877 0.323760
0.333737 0.509620 0.081846 0.314959
0.322263 0.524671 0.083299 0.312375
0.307813 0.529827 0.091651 0.316379
0.292427 0.523981 0.107146 0.326309
0.277066 0.507756 0.129573 0.341063
0.262069 0.482798 0.157717 0.359548
0.247924 0.451291 0.188927 0.380761
0.235844 0.415810 0.219094 0.403493
0.227903 0.379367 0.243105 0.425896
0.226944 0.345402 0.255588 0.445176
0.236595 0.317736 0.251571 0.457449
0.261505 0.300738 0.227015 0.457596
0.306704 0.300078 0.180570 0.439279
0.371581 0.323750 0.119299 0.397141
0.434278 0.380353 0.063561 0.335357
0.453768 0.468291 0.031056 0.274853
0.419595 0.563077 0.018552 0.237211
0.363423 0.631066 0.016516 0.227556
0.314896 0.657134 0.021431 0.240623
0.283465 0.646524 0.034934 0.268253
0.265799 0.611716 0.060878 0.301496
0.253967 0.564336 0.101054 0.333545
0.241131 0.512037 0.151835 0.362865
0.225134 0.458260 0.206162 0.391858
0.208054 0.404300 0.256987 0.422608
0.193750 0.351700 0.297834 0.454537
0.186278 0.303129 0.322775 0.484575
0.189786 0.261880 0.326844 0.508104
0.209803 0.231338 0.305449 0.519286
0.255766 0.215587 0.253341 0.509947
0.341536 0.221956 0.169237 0.467693
0.463388 0.265318 0.076837 0.382727
0.544478 0.364646 0.023001 0.279337
0.511259 0.509791 0.007267 0.208090
0.415357 0.639810 0.004208 0.182596
0.329312 0.705649 0.004860 0.192108
0.277263 0.709057 0.008855 0.225932
0.255910 0.672234 0.019249 0.272183
0.255115 0.617472 0.040151 0.315625
0.262953 0.562467 0.070962 0.345200
0.269833 0.516814 0.103878 0.361178
0.272653 0.482016 0.131469 0.370218
0.273033 0.455606 0.151469 0.377255
0.273631 0.435039 0.164109 0.383608
0.276651 0.419246 0.169526 0.388463
0.283661 0.408631 0.167399 0.390198
0.295465 0.404562 0.157587 0.387102
0.311637 0.408797 0.140983 0.377943
0.329764 0.422730 0.120146 0.362698
0.345189 0.446312 0.099122 0.343293
0.352577 0.476800 0.082081 0.323638
0.349151 0.508439 0.071710 0.308304
0.336528 0.534104 0.068982 0.300613
0.318970 0.548122 0.074173 0.301662
0.300252 0.548013 0.087710 0.310687
0.282060 0.534204 0.110062 0.326049
0.264409 0.508747 0.140925 0.346163
0.246973 0.474245 0.178322 0.369932
0.230261 0.433476 0.218221 0.396508
0.216033 0.389529 0.254892 0.424601
0.207071 0.345951 0.281884 0.451882
0.206860 0.306615 0.293129 0.474788
0.219890 0.275506 0.283346 0.488502
0.252738 0.257056 0.247840 0.486529
0.314226 0.257625 0.184662 0.459943
0.405241 0.288026 0.105505 0.400379
0.486471 0.362029 0.043636 0.316693
0.492381 0.477496 0.016577 0.244428
0.428914 0.595135 0.009045 0.208100
0.353213 0.669088 0.008678 0.205853
0.298688 0.688193 0.013078 0.228418
0.269796 0.666124 0.024743 0.265437
0.259269 0.621129 0.048032 0.304915
0.256575 0.568486 0.084108 0.337507
0.253065 0.517433 0.127333 0.361871
0.245917 0.470851 0.169874 0.382307
0.237090 0.428204 0.206637 0.402457
0.230177 0.388900 0.234303 0.422732
0.228936 0.353842 0.249418 0.440940
0.237291 0.325452 0.248162 0.453264
0.259778 0.307390 0.227006 0.454668
0.301190 0.304813 0.184493 0.439050
0.361777 0.325081 0.126281 0.401008
0.423666 0.376413 0.070435 0.343048
0.448930 0.458755 0.035421 0.283311
0.421984 0.551190 0.020878 0.243439
0.369183 0.621336 0.017792 0.230602
0.320516 0.651795 0.022026 0.240707
0.287494 0.645472 0.034710 0.266123
0.268141 0.613796 0.059517 0.298271
0.255128 0.568131 0.098649 0.330287
0.241592 0.516319 0.149220 0.360124
0.224985 0.462173 0.204476 0.389773
0.207082 0.407287 0.257143 0.421295
0.191665 0.353374 0.300374 0.454256
0.182786 0.303210 0.327941 0.485697
0.184483 0.260146 0.334791 0.511076
0.201965 0.227490 0.316463 0.524728
0.244228 0.208959 0.267616 0.518859
0.325935 0.211039 0.185049 0.481222
0.450583 0.247571 0.087807 0.399239
0.549111 0.339495 0.026100 0.291204
0.529773 0.485109 0.007416 0.211362
0.432756 0.626487 0.003755 0.179562
0.339331 0.705020 0.003967 0.185152
0.280754 0.716434 0.007006 0.217024
0.255355 0.683010 0.015417 0.263797
0.253261 0.628305 0.033361 0.309912
0.262524 0.571791 0.061424 0.342095
0.272372 0.525044 0.092545 0.358562
0.278116 0.490720 0.118633 0.366011
0.280547 0.466374 0.137046 0.370476
0.282017 0.448815 0.148530 0.374230
0.284466 0.436100 0.154078 0.377155
0.289129 0.427708 0.154126 0.378263
0.296554 0.424077 0.148926 0.376470
0.306484 0.426035 0.139102 0.371019
0.317645 0.434236 0.126054 0.361843
0.327728 0.448553 0.111987 0.349874
0.333969 0.467513 0.099456 0.337085
0.334345 0.488101 0.090673 0.326042
0.328601 0.506295 0.087073 0.319080
0.318173 0.518238 0.089416 0.317609
0.305135 0.521346 0.098086 0.321921
0.291140 0.514737 0.113187 0.331478
0.277094 0.498962 0.134289 0.345350
0.263503 0.475495 0.160001 0.362544
0.251067 0.446367 0.187670 0.382027
0.241101 0.414043 0.213426 0.402485
0.235652 0.381432 0.232593 0.421981
0.237452 0.351876 0.240332 0.437712
0.249921 0.329156 0.232272 0.445890
0.277061 0.317724 0.205322 0.441706
0.321811 0.323309 0.160001 0.419849
0.379158 0.353106 0.105329 0.377632
0.425724 0.412321 0.059144 0.322304
0.431764 0.494060 0.032882 0.272637
0.397454 0.573981 0.022852 0.244196
0.349452 0.626355 0.022502 0.239712
0.308963 0.642202 0.030038 0.254331
0.281789 0.627157 0.047667 0.280767
0.264171 0.591536 0.078736 0.311662
0.249336 0.544427 0.123746 0.342446
0.232501 0.491570 0.178357 0.372890
0.213237 0.435823 0.235439 0.404934
0.194409 0.379175 0.287335 0.439318
0.180015 0.324342 0.326716 0.474213
0.173953 0.274801 0.347564 0.505737
0.180296 0.233965 0.345460 0.528894
0.205209 0.204883 0.315944 0.537543
0.260425 0.191389 0.252929 0.522467
0.363696 0.201507 0.156045 0.468662
0.504393 0.253073 0.059702 0.366755
0.576211 0.368358 0.014496 0.255042
0.515837 0.530365 0.004229 0.188189
0.404038 0.664868 0.002610 0.169627
0.314899 0.724362 0.003383 0.185535
0.265384 0.718741 0.006852 0.225540
0.248656 0.673994 0.016031 0.276901
0.253849 0.614401 0.034645 0.322147
0.268585 0.559141 0.061200 0.349048
0.282407 0.518038 0.087217 0.358954
0.291367 0.491731 0.106105 0.360221
0.296246 0.476436 0.117528 0.359003
0.298729 0.468027 0.123843 0.357704
0.299967 0.463538 0.127204 0.356837
0.300583 0.461169 0.128971 0.356346
0.300889 0.459916 0.129899 0.356093
0.301046 0.459245 0.130387 0.355972
0.301135 0.458878 0.130639 0.355916
0.301196 0.458677 0.130759 0.355888
0.301250 0.458574 0.130801 0.355864
0.301303 0.458536 0.130792 0.355833
0.301356 0.458547 0.130750 0.355791
0.301406 0.458596 0.130691 0.355737
0.301445 0.458672 0.130625 0.355678
0.301467 0.458765 0.130567 0.355619
0.301465 0.458858 0.130529 0.355570
0.301436 0.458937 0.130522 0.355540
0.301381 0.458984 0.130553 0.355538
0.301302 0.458986 0.130623 0.355570
0.301210 0.458935 0.130730 0.355635
0.301116 0.458829 0.130861 0.355729
0.301035 0.458676 0.131001 0.355842
0.300984 0.458491 0.131128 0.355959
0.300975 0.458300 0.131218 0.356062
0.301018 0.458132 0.131251 0.356132
0.301116 0.458019 0.131210 0.356150
0.301261 0.457988 0.131090 0.356105
0.301440 0.458061 0.130895 0.355993
0.301629 0.458245 0.130644 0.355819
0.301799 0.458528 0.130367 0.355602
0.301918 0.458883 0.130106 0.355368
0.301957 0.459264 0.129906 0.355153
0.301897 0.459615 0.129811 0.354996
0.301729 0.459871 0.129853 0.354932
0.301462 0.459975 0.130052 0.354989
0.301121 0.459882 0.130403 0.355179
0.300750 0.459572 0.130876 0.355494
0.300401 0.459058 0.131417 0.355906
0.300135 0.458385 0.131952 0.356366
0.300009 0.457635 0.132390 0.356808
0.300070 0.456915 0.132643 0.357157
0.300343 0.456346 0.132636 0.357340
0.300824 0.456048 0.132321 0.357296
0.301473 0.456121 0.131695 0.356989
0.302214 0.456621 0.130804 0.356421
0.302940 0.457545 0.129750 0.355638
0.303524 0.458820 0.128676 0.354732
0.303843 0.460297 0.127754 0.353830
0.303798 0.461768 0.127162 0.353084
0.303336 0.462987 0.127051 0.352644
0.302466 0.463710 0.127522 0.352632
0.301262 0.463733 0.128603 0.353122
0.299860 0.462933 0.130231 0.354120
0.298442 0.461300 0.132247 0.355555
0.297219 0.458952 0.134402 0.357277
0.296413 0.456135 0.136373 0.359070
0.296229 0.453210 0.137804 0.360666
0.296823 0.450615 0.138351 0.361773
0.298269 0.448824 0.137751 0.362114
0.300515 0.448283 0.135887 0.361473
0.303348 0.449329 0.132844 0.359755
0.306380 0.452112 0.128933 0.357038
0.309088 0.456508 0.124678 0.353606
0.310903 0.462071 0.120737 0.349935
0.311344 0.468044 0.117801 0.346635
0.310152 0.473451 0.116482 0.344333
0.307349 0.477263 0.117220 0.343553
0.303225 0.478600 0.120231 0.344614
0.298246 0.476897 0.125458 0.347588
0.292970 0.472007 0.132543 0.352295
0.287997 0.464224 0.140791 0.358332
0.283973 0.454251 0.149170 0.365096
0.281601 0.443154 0.156360 0.371796
0.281628 0.432293 0.160890 0.377460
0.284772 0.423260 0.161361 0.380973
0.291535 0.417788 0.156767 0.381174
0.301874 0.417598 0.146875 0.377084
0.314758 0.424120 0.132592 0.368275
0.327806 0.437998 0.116082 0.355350
0.337565 0.458408 0.100329 0.340257
0.340849 0.482520 0.088187 0.326007
0.336481 0.505768 0.081571 0.315710
0.325822 0.523180 0.081416 0.311492
0.311552 0.531031 0.088179 0.314034
0.296004 0.527724 0.102164 0.322827
0.280380 0.513575 0.123337 0.336780
0.265060 0.490102 0.150783 0.354753
0.250399 0.459427 0.182186 0.375737
0.237400 0.424064 0.213697 0.398620
0.227958 0.386941 0.240293 0.421745
0.224771 0.351433 0.256507 0.442546
0.231300 0.321287 0.257157 0.457373
0.252020 0.300699 0.237819 0.461362
0.292316 0.294927 0.196000 0.448289
0.354500 0.311450 0.135838 0.411784
0.423417 0.359625 0.075231 0.352308
0.457917 0.442405 0.035984 0.287541
0.434299 0.540886 0.019559 0.242176
0.378517 0.619674 0.015552 0.225634
0.325335 0.656976 0.018626 0.233985
0.289200 0.654346 0.029382 0.259310
0.268918 0.623944 0.051497 0.292466
0.256917 0.578406 0.087803 0.325463
0.245398 0.526765 0.136048 0.355204
0.230742 0.473469 0.189556 0.383549
0.214114 0.420006 0.241185 0.413159
0.199108 0.367530 0.284541 0.444315
