-0.522232725428405 1.37535434586117 -0.851549473552276 -0.695874272276607
-0.170684118611039 1.04038952581832 -0.604058133738799 -0.597437645395527
-0.334998166796634 0.775035818752213 -0.524008067837376 -0.252598490276304
-0.587928643869296 0.354314923507346 -0.323283886261706 0.0483839502967054
-0.387741462983015 -0.0629646062587627 0.415676170198954 0.385567340870226
-0.747425808856648 -0.24806556970962 0.29181379801382 0.247165668617253
-0.794018141328126 -0.186799439533811 0.813178288885631 0.436766939404234
-0.798861398167058 -0.470340983136405 0.986704680657368 0.902677468909555
-0.228977884199283 -0.947077746893611 0.975977988310087 0.590092748948825
-0.468106325186509 -0.840340325031483 0.586626850629509 0.810258409744044
-0.0953542206070508 -0.943218811669986 -0.0405151363834728 0.38094397702364
0.188509999235983 -0.783474581344292 -0.322969130627834 0.361004326851595
1.20855442987975 -0.42823368429423 -0.762314592326115 0.00422169829994996
1.26425833312783 0.154965457826804 -0.612322306500959 -0.454148996572702
1.35322240559661 0.638497423670213 -0.793686533413701 -0.609804924010733
1.17778993898519 0.823253605971775 -0.904752612675063 -0.981066209570941
-0.0722677933107529 1.1424221095415 -0.800657016967558 -1.07165350616683
0.0783319483890732 0.995132399526624 -0.935255095841978 -0.624467177132672
-0.317454185069784 1.06801109893804 -0.687910888647631 -0.59459414812561
-0.23099767272576 0.750623033251058 -0.586723915003974 -0.592551759705357
-0.502827423221078 0.478595592017869 -0.0328997440715898 0.0487949666921115
-0.480106640811956 0.0589744795639143 -0.00480055019992513 0.191234416024481
-0.651044935275999 -0.0911355254164126 0.846945718619223 0.526577681888892
-0.707925468690858 -0.645084318794376 0.958297710563159 0.93122074065143
-0.626613670369533 -0.655497892806887 1.35471707602338 0.764140889934558
-0.506289926226391 -0.848834813861352 1.09154914518176 0.939825215914234
-0.424223463718543 -1.06961152633506 0.597551833384086 1.05796339708014
-0.14026480045682 -0.855718531707054 0.353739327247448 1.16000853020973
0.532485326389947 -0.779111189644373 0.111887855177734 0.618497210518749
1.37430892899069 -0.540027811905364 -0.695475497201127 -0.117281694651112
1.31959314610476 0.0799522536443804 -0.86804502182577 -0.76818441424189
1.34324214333575 0.596273542824043 -1.06267907713533 -0.951658804989456
0.819086308152912 0.973434894158833 -1.1486463582432 -1.28342792295287
0.496326145320028 1.16212384997959 -0.894651463161316 -1.25137985627719
0.224984244154017 1.07830944482504 -0.783477427656556 -0.926587930811993
-0.383697907059968 1.06402810949117 -0.646871744576638 -0.81551283107412
-0.506810994206191 1.0314845499444 -0.296492186586951 -0.287970713383482
-0.673968649693362 0.459934101760115 0.297462652229431 -0.192205596460693
-1.01797337508825 -0.103041432506613 0.682397235769442 0.570213132525461
-1.03999013405951 -0.529648289812626 1.63479200156959 0.614230281925113
-1.28395854798134 -0.989373494156331 1.63441541307022 1.00462233582906
-1.42742421942758 -1.26591684975605 2.15946027084294 1.57093748217884
-1.57201389886711 -1.66084767939262 2.09497179165818 1.92491884278584
-1.58251202486731 -1.91377930292809 1.87797640099323 1.81587885007698
-1.18615319670355 -1.6834331306972 1.53416391058247 1.89787078805922
-0.0871494964230329 -1.97768969077296 1.06732511156711 1.51152194613327
1.33794463424789 -1.77701856086036 0.0319770159310914 0.66447764307801
2.99251548197474 -1.18179450128771 -0.951151493502424 0.144342892539267
3.05083053932844 -0.409651549122563 -1.1561687484912 -1.56951704795213
1.84413858351299 0.783483883011413 -1.47631516376487 -1.78229509042106
1.09849287194146 1.51022109570622 -0.997216417582157 -2.18482210210045
-0.251602371631405 2.13153312756185 -1.15868627636407 -1.65687651585492
-0.572584921268364 1.74435039973551 -0.966427252723327 -1.31695832487715
-0.920188778735912 1.35450138628746 -0.97162556216604 -0.529958017022572
-0.627895841248594 0.891681147484999 -0.818660723172999 -0.184613118361178
-0.0153147168970749 0.626049756128185 -0.707759758739409 0.151729197988817
-0.204591889476602 0.232087500385791 -0.118413717314498 -0.0644078828151702
0.203505120292639 0.272133499562218 0.161253743383615 0.0556273804131286
0.0660991383529995 0.0114820462247413 -0.215643754885252 0.323960712413531
0.223285353928919 0.164043775671763 -0.0537157512536218 -0.422012041138403
-0.257567160232222 0.284127635564879 0.0834997522642891 -0.478221784221195
-0.190872965849886 0.213301777521873 0.253748564246142 0.155469256324961
-0.283835510566992 -0.0563404878329404 0.254839272326059 -0.100431583298265
-0.513769533436836 -0.255439839993915 0.981885804598445 0.585485681310576
-0.877277761837293 -0.42423685551653 1.18252433245359 0.688494045972066
-0.522581269391236 -0.634524525587871 1.02974715131155 1.05119835982827
-0.83507198551494 -0.901739011691625 1.37042385662157 1.49942705689874
-0.355629114979387 -1.14728776855026 1.19278138171918 1.15706141128369
-0.193782641968549 -1.24391047269872 0.909416033868745 1.25528853550986
0.477316830897952 -0.95833761175147 0.201510832840805 0.555032539556955
1.1343269280386 -0.99974702595318 -0.216959222074995 0.156228501088745
1.79046565032426 -0.519499433915273 -0.459915373321017 -0.581911990513472
1.89887818064616 0.126270354557689 -1.2037785136866 -1.15670010839863
1.15776310123709 0.886413470857144 -0.884633857073007 -1.64085454494827
0.483887326529473 1.27953710739089 -1.2311445560495 -1.10503206522324
-0.0290433412703014 1.28330313090613 -0.999494487033885 -1.13199174110024
-0.418339857113274 1.20714259366371 -0.738990314172181 -0.929925732992387
-0.486180012014087 1.05719949384607 -0.506719168348153 -0.397097527648337
-0.562706923585261 0.658657693943393 -0.0362410002759563 -0.23493087706127
-1.0279164100785 0.0967110845060095 0.414747466436309 0.38120706078454
-0.944840221003827 -0.0766305602235064 1.11443989231726 0.516198721180075
-1.15271187830085 -0.602322912804013 1.66144197306828 0.883700314795363
-1.42554745830944 -1.04367573976152 1.99825801816883 1.21889153214239
-1.36211945357888 -1.42534703924514 1.8571842037408 1.71622771015397
-1.32667861539737 -1.42978495012748 2.18817987752267 1.89403281624154
-0.84700291740315 -1.65699400462515 1.90556426382951 1.89315282161521
-0.317846740054524 -1.71722262006822 1.09385934285722 1.42181575602394
0.484903766798734 -1.67393868772317 0.394607228030685 1.46132692711476
2.03583062036321 -1.29918890842585 -0.901831867018194 0.35829992279791
2.71495474546401 -0.508425710319989 -1.04714897175509 -0.924456424984415
2.15376987999864 0.453331681066817 -1.23328532880562 -1.92529421515174
1.14697394064742 1.27935421127477 -0.98042180191747 -1.67244550695014
0.193573900860642 1.61036392466867 -1.30024146195442 -1.85428115293712
-0.440083005818486 1.81371144773411 -1.10940296302662 -1.08626312990748
-0.511857938598114 1.38484690883961 -1.02954274243545 -0.766872742063132
-0.275442386438805 0.849205749608132 -1.26747593017514 -0.556628019200877
0.0461259464794614 0.780795336871575 -0.855422373570276 -0.750768712184731
0.20031232011555 0.404164382281537 -0.790076314827043 -0.342547414857276
-0.000108875114361275 0.578391676014026 -0.642329461421819 -0.68473830506475
0.192401657758399 0.392818166700437 -0.438635049372267 -0.402955421124382
