-0.466819383501965 -0.251304594163962 0.688703025601045 0.658989238222864
-0.709851908455113 -0.185952688817612 0.795226768419336 0.778978359077519
-0.890709481839214 -0.596275415722779 0.709890812844432 0.498489122180272
-0.385724524493204 -0.879710854943296 1.04453914046164 0.841949205172222
-0.403807730995101 -0.885545225264872 1.04880798504268 1.07828126727726
-0.126859165941358 -0.714604810408183 0.220600878035093 0.732779251439477
0.14295848424305 -0.742403641635947 0.148223834060178 0.259023379878234
0.798340570674608 -0.241155621971228 -0.495823447845911 0.122471238678611
1.31015629062056 0.159149996375018 -0.907214590160507 -0.573881619444296
1.14242529074076 0.498247216149081 -1.00620419815905 -0.939316160555874
1.06314056123919 0.971915581796076 -1.13794414424213 -1.28993987595271
0.00877189789081643 1.23195313483598 -0.857536745059891 -0.849507987128378
0.14109343679804 1.15831334397767 -0.932414642854106 -0.988478903395567
-0.154450550880264 1.01436068764258 -0.693445378033935 -0.731892742700038
-0.476130429250197 0.725849850685232 -0.495830635607406 -0.487533658722525
-0.687678213772022 0.528187039988182 -0.0368079562972812 0.0844503094417727
-0.310210995267918 -0.0355492214767731 0.539337012104618 0.0997991198207834
-0.611325274162059 -0.070764460730835 0.767886149998405 0.0430968725283633
-0.828762501723965 -0.305569402711968 0.691766195203411 0.69014627557681
-0.977390219977128 -0.450629133441624 1.06628282994577 0.436535564335113
-1.01987260354134 -1.1341097589198 0.979390284299328 1.08744279108427
-0.589945078457392 -1.06760737739035 0.851985304566821 0.965378546922582
0.0198877720121806 -0.996703613871832 0.481849344349 0.756466754077237
0.434434107676637 -0.848039156555848 -0.038339914868509 0.678762656442257
1.45480778495658 -0.565032868401413 -0.441161775855978 -0.0697039424303917
1.74071030480651 -0.21779196212459 -0.549436140642191 -0.866121045347234
1.51302796307488 0.518794000116247 -1.11656416174354 -0.961364535524477
0.607143271039531 1.08970648655447 -1.05404374251259 -1.67565895029109
0.456476975808397 1.22068277829614 -1.2118500755064 -1.22859690823322
-0.348531850955471 1.26079819496171 -0.859911811374715 -0.840056537429872
-0.152821500219313 1.24501346124798 -0.676616983624711 -0.791702871579334
-0.370607811736928 0.835620260246564 -0.163573658409877 -0.510901626715194
-0.800025676850526 0.394368073763936 0.212874341014487 0.0887559224087024
-0.98673319648849 -0.171911879337419 0.841571485450994 0.875100726317397
-1.12074200508888 -0.223038655243893 1.55507702722469 0.817528761695132
-1.54555288673709 -0.659001022206832 1.68999257817158 1.17732025332921
-1.26791185346581 -1.14109239400922 1.94319107202931 1.89742217467747
-1.49119542130782 -1.66213574260627 2.06305837077126 1.75267498806147
-1.16075791628243 -1.87176754561785 1.8590393022398 1.90669599891489
-1.04088942574704 -1.94458890798 1.53444079330352 1.93462813553611
-0.139403079234154 -1.92750414805124 0.883492977582047 1.58443725692979
1.1233414739679 -1.81039278816023 0.0559819123831448 0.852717813864194
2.71915260505742 -1.27502536141448 -1.06562958321213 -0.194301806017444
2.98317997188562 -0.336322596755119 -1.36293909783633 -1.51953250191442
1.93382761242776 0.966871967981197 -1.28141451245844 -1.72042249467282
0.689957091080075 1.77360881449293 -1.16497490243129 -2.04524434988934
0.37459321483867 1.93739902256524 -1.24791594016431 -1.98760435630499
-0.869680164625822 1.67297511819993 -1.17732674473702 -1.19993410343049
-0.546230841825992 1.29492945991658 -0.971534475938738 -0.449008038272531
-0.337558035943734 0.776915777150763 -0.731607506396319 0.104258579500776
-0.268828432166045 0.617252819832868 -0.364665206961353 0.244616586001029
-0.157887640901728 0.16771034499099 -0.255498382821962 -0.130044065221365
0.277330809685306 0.185437297351647 -0.149855278175955 0.0216563320689105
0.116027367286873 0.0738023851195159 -0.135227385698981 -0.120755420025153
-0.359539799609134 0.408621298807929 -0.364176933848455 -0.117370695038817
-0.328347548944016 0.241164219951854 -0.244609304790434 -0.10051530879564
-0.351535327739963 0.312009342853067 0.650951962094172 -0.209237252141935
-0.585803748312524 -0.0953627560601031 0.628303863785174 0.0503764365457857
-0.715351081653709 -0.204678715374785 0.776993159413582 0.359923055398629
-0.543418730079988 -0.412595853830018 0.687842666349226 0.405956401135945
-0.719716103518122 -0.658828773999994 1.28441401446337 0.976807930116268
-1.0109782264861 -1.08617213620913 1.64118114290473 1.01934573803574
-0.627367433562644 -1.04379895539963 1.38887822611208 0.973705030956922
-0.734086199480583 -1.14920877759022 0.664290833199094 1.19656349227163
0.15342292302855 -1.03604685423038 0.346929357868583 0.984704928423463
0.987370654814667 -0.969748819695618 -0.553507306455371 0.386803538390543
1.87242846301324 -0.284585174516456 -0.672816143146725 -0.262331750003572
1.88682349369642 0.350406832336506 -0.9995350417252 -1.09009215940469
1.25144912556131 0.684955850233925 -1.18726353339446 -1.41981178708344
0.314345165185992 1.24175504514149 -1.10357667244208 -1.13712433452646
-0.215204373503125 1.28927008585378 -0.953946315586588 -1.3728261197219
-0.195375832814327 1.22382714586763 -0.728901844083212 -0.926148862369027
-0.728564960331848 0.994776764580956 -0.662231867660843 -0.529781451553776
-1.08086642778068 0.6921332103087 0.139640573823771 -0.0979390036413787
-1.2327505108105 0.212043465771623 0.669719958199673 0.132901744042063
-0.667190028095953 -0.162101496067003 0.803056351246759 0.534123402346017
-0.826449256681573 -0.390136098040926 1.50503700612408 1.00722095357023
-1.31303661658582 -0.888187499980969 1.93226436138995 1.47469227538313
-1.21513024896025 -1.39130111835781 1.72107510425819 1.69717462280833
-1.38704865525779 -1.5845739948955 2.34583648813059 1.82058585997069
-0.974114806512056 -1.78807404545755 1.57579263692895 1.78685909920261
-0.421746513958146 -1.85859956177499 1.56553662826694 1.36532210237058
0.499074867104983 -1.8191509894372 0.319298431499723 1.27512032587044
2.0515220339249 -1.49648816801155 -0.357759112391353 0.148784540417729
2.86027082972229 -0.543089476588222 -0.940692324521825 -0.68687064102993
2.33037485734365 0.573925654918515 -1.27198775103817 -1.73148452495093
1.19274392381708 1.61508318040627 -0.890370544219068 -1.834236043504
0.385673265245552 1.6244629151837 -1.21337029323427 -1.70893414080423
-0.295118163574866 1.48457166192289 -1.12851224007782 -1.1970106636868
-0.459273223476407 1.32211825726486 -1.25500113151697 -0.797035347270101
-0.07690497861996 0.856404527542941 -0.955678207919488 -0.455850862485225
-0.0396868394887002 0.710452764428217 -0.691898403732055 -0.103335327746302
-0.0459135800044878 0.735961938717788 -0.962368443059496 -0.188851972491503
0.0654930941664701 0.572122086833751 -0.937707550922678 -0.377817998398357
0.368782898417124 0.690154756364579 -0.642018750475695 -0.645854619065877
0.286482760772309 0.368308064281262 -0.532768761356 -0.386031211412772
0.139379521827266 0.424951222099267 -0.63670688635167 -0.461798281997513
0.178625542924652 0.397284885864296 -0.467752662522194 -0.0940495374090003
0.431686652754003 0.465673833601023 -0.107444938436977 -0.0233915476365713
0.0886800865469073 0.261957990078147 -0.2743402066206 -0.540589013348912
