0.0405199122464372 0.650868127655192 -0.414269502748135
-0.8680616029661 0.685614310261986 0.264130028561584
-0.793466572533554 -0.124184509650106 0.946298879438794
0.147347123430321 -0.54711955724259 0.596853846476487
0.836502791170962 -0.568333977167493 -0.784790334644626
1.04773747398619 0.208334996289709 -0.622361502344788
-0.399457393339418 1.23539979082739 -0.537859448725686
-0.728170683353124 0.347126133682167 0.330392153497362
-0.704038249707302 -0.206020797903216 1.0031148699753
0.3620085513481 -0.729023241963866 0.97460950652862
1.5118987070109 -0.125757147623183 -0.514451050932155
0.373755563361185 0.664411923347276 -0.93162461657653
-0.403132264860781 1.41585507428287 -0.447291180354483
-0.759704137228705 0.484166866433099 0.302486936128127
-0.225670318295661 -0.452013831992638 1.0497219222581
0.43855291188432 -0.756000094478809 0.548634217862519
1.14967693394334 -0.729053349042728 -0.342582336773029
0.654859851894614 0.561922555082307 -0.570077325086911
-0.260538007347278 1.29331433205938 -0.211998788261683
-0.934548234273725 0.619161987684888 0.319517845913613
-0.382776196360747 -0.393856348378341 1.2002958674256
0.3638581607603 -0.770878600528465 0.676950472057814
0.959245139653872 -0.513637967238902 -0.141758831635584
0.206478383487946 0.258962685401438 -1.1202758622641
-0.451421552584181 0.965340363573734 -1.00253142207051
-1.11643313270866 0.652083113569327 0.155469760094089
-0.727205374669882 -0.790536644652723 0.635361521515361
0.280426451641272 -1.04264898131148 0.772390419627336
0.835267900577548 -1.26384383373785 -0.430055764431928
0.274522646526622 0.0745138135785153 -0.792859299294046
-0.502212369130634 1.20806537731673 -0.586288521518982
-0.75701511138068 0.79459369309994 0.216021166106357
-0.56131212903917 -0.31989117455888 1.30014040953913
0.64812295990713 -0.936787292448556 0.912810096831694
1.59787129243691 -0.454005652030781 -0.446445882446788
0.640693473872226 0.461661499479132 -0.837188191432905
-0.272384208780643 1.29947606898871 -0.329001507428863
-1.08189743031991 0.666636333518933 0.746754378241825
-0.72229724365051 -0.470362744884453 1.04837738340215
0.868521031060508 -0.678481248504282 1.01388288867992
0.62561417690564 -0.520142785689715 -0.285307791336592
0.925956974644402 0.24279778266225 -0.645846763537595
-0.286103257486189 1.0364445792317 -0.518992880201792
-0.834005289229504 0.697064169516273 0.482749284568919
-0.714169202498637 -0.572090906837296 1.46691703078818
0.557969298872213 -0.983637124840197 0.775980699412148
1.25236242258887 -0.557889328128581 -0.529491071615435
0.740208204079027 0.170115102294295 -1.04151149235041
-0.380205242104447 1.51433214367552 -0.818687556977946
-1.0508542989542 0.465195886938618 0.673115395262842
-0.996780146431802 -0.345371187460187 1.66662843172024
0.897560084889485 -1.31555915013626 1.14751143034753
1.90358097664956 -1.25903704424478 -0.657538035659032
1.18633700885221 0.31168489076506 -1.68812142990253
-0.777421752744939 1.67156128400073 -1.08412227301348
-1.47408697604557 0.818287491294412 0.480655078798364
-1.30639687510733 -0.712593405178437 1.53622223821321
0.325514391377515 -1.5126923742331 1.3380276924515
1.37913374926943 -1.50454721269075 -0.280635018376392
1.42379623650369 -0.133426019512035 -1.59869946130733
-0.538071371429427 1.73266224836582 -1.58232920076025
-1.31155464162467 1.67516473732402 -0.0944322307327327
-1.44899785425735 0.13936910611698 1.02596631419397
-0.700526930414418 -1.51627665525563 1.4905137236866
0.807873460712657 -1.75491747021661 0.116291029621019
1.55398976059962 -0.753614752010818 -1.3030872075818
0.580703608869798 0.626300968061382 -1.97796354838194
-1.05504453253362 1.77967022274069 -1.41456398750116
-1.71933100791663 0.973132335080275 0.386407863186867
-1.35329572405018 -1.10249822497731 1.40150823455599
0.0205305898808842 -1.88100178175104 0.946205738933416
1.81405904279942 -1.47889672039675 -0.394062415664613
1.53073454263044 -0.113684967614974 -1.36837954599705
-0.326741416564396 1.66419701075884 -1.55682093426321
-1.55566251991204 1.30997296534203 -0.273283055632366
-1.81259412579823 -0.260055430419295 1.49068493799103
-0.910229729744033 -1.64534807329204 2.21034393670281
1.11612777695312 -1.8709952865625 0.533687913193066
1.82234333089759 -1.14596341024477 -1.21118504236283
0.874649313812193 0.207600157211964 -1.85225768758423
-1.34476008587368 1.76521232773312 -1.44754165512812
-1.59765421215467 1.08056053367323 0.383732312890822
-1.43504324188224 -0.536916667015497 1.42191104775537
0.453298602675355 -1.38576029797744 0.842439958882634
1.48229439625519 -1.27839067925641 -0.501452381726354
1.13621227474225 0.0169163983267179 -1.35027011704331
-0.227052820908401 1.74797486179508 -1.5828566873882
-1.35328091251996 1.17684608143626 0.279546243916318
-1.03434464343078 -0.127871864468356 1.40160279826794
0.0186095316640245 -1.01632118066794 1.36581714730978
1.343230805673 -0.914515957448853 0.017551136311189
1.03281734740521 0.140797986470849 -1.1049631227073
-0.203068149576368 1.10106393809735 -0.962836190010362
-0.929170751642232 1.27041352438263 -0.0483303701049339
-0.574007501285851 -0.0852311268548347 1.33827216862356
0.196242522215999 -1.27781804486136 1.55123863448611
1.68281992426628 -1.04671828891037 -0.221889611955864
1.56618225263438 0.0416635192604255 -1.26681805727607
-0.327515845885615 1.2278969786484 -1.24867807054256
-1.25890659698206 1.3298121371558 0.190923271362329
