-0.859760763325239 -0.170415561288101
-0.765529241527241 -0.679500402289236
-0.318553807594805 -0.909115397083877
0.345131203854752 -1.16585694535398
1.21632367270298 -0.884590342706251
1.66702881119326 0.214546915378974
0.749942194071817 1.48406710280358
-0.34976584665478 1.61044380416551
-0.990755944688778 0.850796386866578
-0.937589265503399 -0.0861887948579637
-1.07477507198602 -0.596444824766891
-0.672605516555203 -0.801828419381146
-0.199184762836013 -0.983554865377386
0.69129169435771 -0.907585775073413
1.68316919085666 -0.320019826089234
1.58985070998613 0.988934121524976
-0.0914763035388409 1.69186936723414
-0.81713368680615 1.37139359989151
-0.942378181355245 0.196385060067978
-0.868801077218786 -0.392455729970035
-0.802613582955281 -0.737919904935513
-0.346311688380084 -1.06533851308894
0.381250067205155 -0.96495320054337
1.44622632410533 -0.878667834718954
1.80771990821593 0.309985534880094
0.385160957656685 1.71946917976672
-0.727282592630204 1.48276306104607
-0.854620796592995 0.802754858210834
-0.990630599783667 -0.13290026062776
-0.949303511668896 -0.71135087441582
-0.685670777785687 -0.953030202967002
-0.0393592364743557 -1.00679925040299
0.905027888323741 -1.09667598863313
1.90238088882668 -0.161491044412422
1.21258475774137 1.14108682575946
-0.196695223091652 1.83139793398495
-0.958786452021293 1.28964903370217
-0.952041596454452 0.316033660575714
-0.947358959775257 -0.378157551562106
-0.954637778661947 -0.92591789916041
-0.297183133005274 -0.851148662471058
0.269406817474189 -1.18492406876554
1.49694150512558 -0.79248664725638
1.82763417232326 0.481314682298854
0.473575673465722 1.56145477073332
-0.691442984097313 1.51752607863307
-1.07833606679843 0.672312494665686
-0.924842741681264 -0.0658044627924704
-0.890507448018873 -0.639815345671075
-0.697338491868794 -1.01996461985249
0.0829552754426762 -0.913161885171063
0.831671518543451 -1.06283501030643
1.85747047873939 -0.168782859955503
1.36357625220332 1.31329317087064
-0.28425543044395 1.83340968086765
-0.818935813826893 1.13121219187969
-1.07978521832997 0.198781780784541
-1.04142873428272 -0.601183955105278
-0.747465254543773 -0.880333258113336
-0.328730147931339 -1.16341465508775
0.453956422792838 -0.8793852327547
1.48928753892001 -0.596894120255871
1.86781677821588 0.530173046526352
0.215660346627972 1.84471722550459
-0.672275655823716 1.62080313651383
-1.08794835550489 0.435775644604683
-1.07647878509816 -0.475313277220594
-0.900109017328292 -0.589607459845187
-0.563440333486636 -0.982628861074765
0.00860540462911452 -0.983694194972558
1.14960493047088 -0.957936794355504
2.03839641112278 -0.0789765952857272
1.11009795759297 1.40548409434028
-0.210123502073878 1.82932893099822
-0.859015365246135 0.798010281915987
-0.960173041909998 0.0199063371822258
-0.876399988044468 -0.591117414639288
-0.801632991228305 -0.820904049570342
-0.282205221284718 -1.00398005465902
0.537519396525797 -0.965636554476467
1.56478565784545 -0.76352845296213
1.87164964433914 0.595147851753846
0.26372868400401 1.91952161997318
-0.642437186782262 1.522521917418
-0.985671347268285 0.515615396748451
-0.924432225846663 -0.0127078436991923
-0.787924944885985 -0.62989419490113
-0.532867570413618 -1.02469502417044
0.132597508411979 -0.989327920860694
1.09455032179492 -0.807802247309005
1.84232775843541 -0.0628950412318142
1.03842172499786 1.60133796753489
-0.304940501259944 1.70936333333858
-0.98729124047519 0.995665584209188
-1.07768679200416 0.103621981678174
-0.797521415579272 -0.464321603299698
-0.69182399577253 -0.866951072247052
-0.151087975719497 -1.04443501235187
0.771388162533722 -1.08091059335832
1.71064657205493 -0.529717191077546
