-0.931691852762485 -0.781197655292702
-0.574615005250114 -0.990361592591033
0.0112942500622787 -1.1633207550413
0.985326904610857 -0.939396568688926
2.1607671775827 0.119416762133715
0.949635388984118 1.2603976843144
-0.278533538657007 1.7415690306219
-0.879634124226957 1.09647135995221
-1.04413961740175 0.218468717844789
-0.994767016120985 -0.490315780580826
-0.840785243097815 -0.828253422023729
-0.286424337371831 -1.21834669337364
0.539589066716959 -1.04364875701456
1.64569822986137 -0.676939502443901
1.47235572948757 0.777702091824595
0.00918137022087315 1.52633136234725
-0.729499818183031 1.13102583723201
-1.02594075731092 0.420638420771037
-1.00352874482469 -0.434516182466484
-0.869632612397125 -0.715411056271964
-0.277953279655657 -0.984667129220539
0.345768905224576 -1.15936098594032
1.45440003442718 -0.772890935460834
1.84930847159205 0.386035019283301
0.486932783073756 1.61472604510693
-0.6360707174583 1.41972419028007
-1.16090828085943 0.919892125385005
-1.26869043729449 -0.337442156361441
-0.943494723459883 -0.882901102004957
-0.646717349059859 -0.993673445557674
-0.070392411487601 -1.16265082348664
0.903898192814362 -0.986133580763476
1.88421898466514 -0.0430846022998875
1.03260305879638 1.34822360016839
-0.282974178002387 1.88382918384557
-1.01283002582039 1.02517531247457
-1.10916141971677 0.172258410127128
-0.983255776406122 -0.517956491707444
-0.683051825053958 -0.906650263243649
-0.158537196713481 -1.16651016137123
0.526367786783561 -0.963519412897781
1.62103836345008 -0.467299570232656
1.68435914104601 0.85826917778334
0.0844711626045145 1.71386186807441
-0.704394646250625 1.26308358884796
-0.897444826876418 0.410302238337161
-1.03036032507731 -0.294863183355758
-0.852335470510316 -0.833865904330503
-0.539850395122897 -1.1718733358592
0.321197446051748 -0.996234381093015
1.40522975492914 -0.732534865997296
1.83366920792946 -0.00715780572698484
0.826483906346827 1.3086641865543
-0.432326712426193 1.63113311128968
-1.07724107944653 0.721321179923867
-1.04346503072756 0.0874760556842554
-0.838844590728403 -0.475873467599575
-0.544066967685318 -0.834294785585251
-0.12769426747207 -1.01420698094057
0.685828819085158 -1.10027881726868
1.53443521301549 -0.410546427804567
1.21550352738805 0.972154848736741
-0.114615482301722 1.60407685374827
-0.859885374932684 1.10294672871841
-0.985234478986177 0.337320053590715
-0.891766614555167 -0.327487165900167
-0.834937294507637 -0.756954430186478
-0.328030852052055 -0.966419909425945
0.510381318866804 -0.963286264665088
1.60334018525817 -0.461297306199729
1.57492891693809 0.895670886323388
0.185599287485861 1.66320053068085
-0.610084615512687 1.12708594392962
-0.977629315006952 0.492394091412611
-1.07378477185777 -0.37030160414434
-0.83623154538747 -0.699986265148195
-0.391358343761183 -1.16148153303804
0.200027000179157 -1.10413005775871
1.21109280544612 -1.04310559525351
1.7919806216557 0.180280950965592
0.770616602303965 1.40274366763601
-0.446912594942359 1.71518227592048
-0.815815891677027 0.915724417064116
-1.06462460358371 0.102220681373729
-0.941724737677693 -0.780306105096865
-0.791557207265652 -1.06342453885375
-0.00932622387829265 -1.15255549665404
1.05132701913742 -0.97127030228383
1.82547327294388 -0.0966561689274542
1.03066334787737 1.28844884285623
-0.322670492129827 1.7329350771008
-0.935523627227204 1.0166060645536
-1.04157382112236 0.0510343050139726
-1.11436503802555 -0.421302806983854
-0.677212512211191 -0.914178811532839
-0.454141754971663 -0.951839691900736
0.665638060104751 -1.16874879826354
1.58152227624962 -0.452992688713737
1.69869722170971 0.801405293505905
0.129410981583879 1.86847604949097
