0.543291568246877 1.66382332168372
-0.459069901135182 1.67700036875867
-0.938770833272999 0.583368073972579
-1.05082168152946 -0.223241862238684
-0.995411956347199 -0.678969735981495
-0.473010386219886 -1.14898958008987
0.196938792736884 -1.14988149294767
1.0400245767209 -1.09451256652984
2.01891182546547 -0.201061095812155
1.09977106562032 1.34635663592124
-0.240300094630687 1.74609404603908
-0.923645008173822 0.824088271574678
-1.08425135415447 0.111195789775595
-1.01308316756636 -0.694361910466177
-0.777549342416753 -0.816401550930555
-0.0790323239899094 -1.18139145833617
0.64506386622534 -1.07685270280486
1.77021015045055 -0.499688850203107
1.65484746612577 0.696968768952335
0.0961667893214636 1.69280594422869
-0.680347056983044 1.24833162697104
-1.0064349687303 0.265842895826894
-0.958132618851291 -0.379303467032996
-0.713343025299309 -0.808125743196539
-0.44416796419081 -1.26589699627782
0.412639851366132 -1.07917829277972
1.37138456361327 -0.849174366558931
1.87362985739715 0.195483599843112
0.701799789325682 1.66596781501173
-0.463969576549316 1.68746182319749
-0.831478864053524 0.649603147541745
-0.978849071787959 -0.0991984044852449
-1.04484257504097 -0.694706694171292
-0.433843166317715 -1.06526480530151
0.0468624679749776 -1.07515475614664
1.09468393865733 -0.922447002756826
2.04216973841354 -0.277644354370433
1.21068090388375 1.26786866586883
-0.232365507965935 1.80274926858289
-0.700684581044358 0.936571976686472
-1.01605086851989 0.257094011990118
-0.942475485994383 -0.423588490111189
-0.772505024239961 -0.822430455918566
-0.181142558333167 -1.13949612655661
0.440783292865251 -1.0915301958991
1.43554695668763 -0.435841378556876
1.7329071304583 0.876339182167926
0.492093320757955 1.54596426863262
-0.643390830736501 1.40647118803915
-1.02821761374022 0.492902639943701
-0.844254181142014 -0.406336231614307
-0.784789856128401 -0.676346433540847
-0.468178193493983 -0.976992574336741
0.443076322915413 -1.01071804007316
1.24330205694218 -0.854743488754041
1.97632513545747 0.132691228210698
0.900545034314733 1.46304823670547
-0.453179647400647 1.61711371419885
-0.934607534969202 0.784706524290442
-0.798069875505932 0.0780576829314413
-0.882777910392454 -0.661402306767328
-0.653929553300144 -0.97668537493765
-0.13598094624729 -0.980505887437315
0.918659665659891 -1.1322000336694
1.96588124829827 -0.240893553565158
1.55443630475452 0.909980087286779
0.046387863391343 1.78103292150145
-0.843821310388612 1.2208187194293
-1.04222767306895 0.21163347330441
-1.1211067604557 -0.424208241648951
-0.836271473915936 -0.944214358426693
-0.287143524818532 -0.99143544608445
0.512672000927785 -1.03237801469823
1.52096837510099 -0.803859477654378
1.83721309348792 0.531310389891483
0.26186035074629 1.53003313261522
-0.523946563809851 1.38664040736106
-1.03388145451354 0.396824274699888
-0.971583469240785 -0.305309678105239
-0.91300163806236 -0.842111294083597
-0.519954088021835 -0.964739352959868
0.0481518595122908 -1.13209390988136
1.3819718992827 -0.738169539098605
1.92404446148245 -0.0461316565683997
0.814755424120713 1.27451052417829
-0.397941083709649 1.48689228473798
-0.881886827493822 0.731420990547574
-0.956548297114923 -0.216211735709078
-1.03812257564934 -0.747834458510989
-0.719835502081664 -0.88112421793856
-0.266105374063935 -1.19217913314892
0.778108710557996 -1.15503656976924
1.6583273131692 -0.659610071082679
1.42356791411527 0.899432142479062
0.108006297842133 1.65376923052426
-0.572624356116124 1.1003141637972
-0.904347326736515 0.367798137992544
-1.00543165911814 -0.306792215072117
-0.891149558566638 -0.705275659528968
-0.448783621051808 -0.998508306766594
