0.322495283179629 -0.947819379048039 0.579172927437776
1.02096638716834 -0.486705441258281 -0.482782848978284
0.603872941760228 0.448599856255698 -0.861694227506691
-0.440251013200288 0.963655726014993 -0.590299864289697
-0.763990767342478 0.550537862345268 0.484408801742763
-0.576351173673885 -0.488198754845819 0.82218342475577
0.114479774632875 -1.34753538789557 0.739385267605624
1.0715215776425 -0.942279952620944 -0.51486305652141
0.726453233189176 0.140367333309644 -1.22421042757689
-0.851562234947767 1.33363071657781 -0.934047940835413
-1.17504197779315 1.07052556960668 0.0328757674166104
-1.20637980336033 -0.497086567948231 1.43745336125897
-0.146074688350204 -1.3346500120261 0.656436808796689
0.751301142811691 -1.11963114675322 -0.23368970182761
0.775048034755242 -0.356957593904581 -1.47349875726319
-0.329218437648648 1.14339225687448 -1.22850829939501
-1.34758783017397 0.989548251120082 -0.323328963410143
-1.13057395717122 -0.330445066879741 0.825432438851295
-0.533415114686227 -1.15127346080906 1.14286784743385
0.465961370526634 -1.4103439683803 0.178115320174296
1.29969854372927 -0.639926492548935 -1.10000062844346
0.221377318873731 0.439403787699873 -1.20639782663002
-0.923932128641924 1.15810429780322 -1.175655175634
-1.48660899409615 0.717598575982357 0.0262688610826766
-1.08915234282773 -1.00075728790969 0.973861747030621
-0.221354334147458 -1.04831109676987 0.770293392754056
1.38462625429746 -1.04921387246076 -0.321162793344817
1.04377071586517 -0.0841464829826407 -1.04508191380667
-0.707690146933604 1.5149030251299 -1.25205941882548
-1.29285364091431 0.791016253127307 -0.348696472933917
-1.26729369284447 -0.313455415291056 0.894236410467524
-0.536580441520911 -1.36309977520434 0.969938830856413
0.701810269013604 -1.36319663039869 0.457762626068085
1.49672922074199 -0.792780718320356 -1.05446290860266
0.371210890220731 0.622694133147255 -1.81225124422812
-0.757537076790376 1.24460803068512 -1.19014105710194
-1.44003396369144 0.711865009856916 0.0780474349194246
-1.26794111873583 -0.48186627659013 1.18109297793988
0.177205188416256 -1.24238152565572 0.887857004342957
1.257966820743 -1.15806420150746 -0.496256361689536
0.903808836077314 0.0152838091050859 -1.17505101980807
-0.233851323173136 1.01846685320233 -1.07723867911967
-1.07292174837477 1.14872403500414 0.134650421408337
-0.829431201640953 -0.475434932919424 1.14905520714175
0.237104891641171 -1.12775921881067 0.892491006194323
0.889623892649221 -0.865749941171737 -0.276741174162476
0.919010837497703 -0.0389983867616008 -1.04049986823966
-0.211246531039467 0.806884899133376 -0.890042155974057
-1.01987992719627 0.79432791870846 0.0934575149697412
-0.825964149185551 -0.201827331744609 0.805266094242086
-0.121423104749622 -0.910382965743591 1.16925908561105
1.12729772377567 -1.15367164053583 0.0676605550715782
1.08529615363247 0.00280913314593342 -0.736270919328791
-0.292789071363012 1.25750979886402 -0.79608410574455
-0.866945672320388 0.927004549645619 0.0161792742222664
-1.07964278210889 -0.333618443061879 1.20656681085371
0.025466125125107 -1.11267500520813 1.33820427335741
1.08034311624717 -0.750049208117869 -0.364683885879047
1.16401377504242 0.067426824081401 -0.904137154641858
-0.356549772807643 1.58906954803063 -1.08516324963872
-0.936664724830567 1.05151646114376 0.284989875992725
-1.0005368267581 -0.0847743552454433 1.38753644111571
0.657627698017358 -1.25231827760078 0.786462646088402
1.46281170365431 -0.580334074104637 -0.280223317806804
0.327802332772641 1.01674048965675 -0.844930008073571
-0.363614850074367 1.5545870677315 0.0672626875264585
-0.937766934280285 0.448105894998729 1.41004973116242
0.0100894747661689 -0.995867809426518 1.39995431375779
1.39833092200083 -0.902089214446152 0.175554633580308
1.51348872494094 0.379854282998181 -1.32417308244862
-0.176748667770754 1.76368331305663 -1.0351561761763
-1.05618647662501 1.30020594624011 0.547518903755733
-1.26945300761163 -0.18431374788405 2.13280955029012
0.504992174892992 -1.05429776810847 1.53405710567401
1.90449754417706 -1.00367088415292 -0.638649402933892
1.44972692322672 1.02416740798431 -1.02524296482541
-0.816347815799427 2.13474716029335 -0.768638777657829
-1.37047765277895 1.0414718467136 1.04944055402808
-0.702987107000801 -0.832520383404762 2.21179322524673
1.1349488262292 -0.981274452910158 0.879860848611056
2.18776649575913 -0.490150775394013 -0.75480388183168
0.443050644631806 1.45183511338093 -1.34177079295288
-0.969644643680537 2.10515633132042 -0.327171860064006
-1.44104626238117 0.242216400177021 1.21294003268405
-0.493098123595399 -1.04913280895338 1.58127553073663
1.1212061835319 -1.35758577049258 0.215446890649983
1.80431697876001 -0.792628516988678 -0.939619995919489
0.639647368246484 0.586133563105525 -1.49943003200383
-1.14800271227272 1.55833442272734 -0.911872023511691
-1.43973738314632 0.669478784762021 0.736616492166287
-0.83586612819459 -0.742028405527091 1.74481153347018
0.577647254286917 -1.30737436343395 1.00770105536474
1.69819783053281 -1.05273877591789 -0.700261479003957
0.952945561509727 0.470860300303066 -1.37654805898994
-0.866568697966984 1.92918410032093 -0.763845125018325
-1.22239119087071 1.2598616890274 0.549667110436221
-0.865193842009124 -0.269253023855493 1.69429643180098
0.885682796523779 -0.847751476054705 1.17885744717739
1.49821929008765 -0.422636452776543 -0.841990944908457
0.90294616329533 0.666936288363909 -1.21005450981501
