-0.190116276050078 -1.17745862872761
0.590601608561192 -1.1119828443112
1.68093478631976 -0.620689208483851
1.59912968179872 0.790202232484045
0.0878536681104707 1.57245139017481
-0.702435135414535 1.23623717310373
-1.01487162919785 0.283418628890346
-1.13926179047043 -0.405853642155581
-1.00634292455678 -0.871146883302421
-0.544970357152369 -1.14141772149966
0.153724399366751 -1.24080515536891
1.46541644625362 -0.843705512501248
1.85568348054932 0.192765164855623
0.572773472218797 1.69610975431729
-0.408204491298764 1.36452536587692
-0.984671790426477 0.791578069632106
-0.91790591220544 -0.0337472107037015
-0.818985476078059 -0.494294327627811
-0.658894659578706 -0.844753474878027
-0.0562921436728643 -1.04421008030448
0.90548879596261 -0.903212813066387
1.89635845407367 -0.0631902935805703
1.11658836363951 1.16581700134824
-0.283147298692694 1.72976765510557
-0.8332717684098 1.00831994375119
-1.1459832003125 0.0137520287848482
-0.973537889826838 -0.63028121828419
-0.791876358337512 -0.99619143487687
-0.137819680308806 -1.17132418518664
0.774349815019028 -0.96715275180951
1.72169602642162 -0.532962165674452
1.55556442703748 0.912116249355164
0.126613405149294 1.75874757123546
-0.794955543422754 1.24855808069178
-0.979270014965302 0.40450657473033
-0.9460825430766 -0.313479710291021
-0.948061507356774 -0.782421856243798
-0.51794380400595 -1.01647975195021
0.316721891951491 -1.01390926480616
1.36735088909975 -0.805018518127476
1.83466373575263 0.436325888370787
0.525088517531593 1.48233750006134
-0.561230114983738 1.33778311890706
-0.939287785304896 0.617428731225934
-0.993962720594149 -0.0763112363889137
-1.10913225697162 -0.737867659550677
-0.629004272599585 -1.07730473245888
0.0551489171916758 -1.03711280195971
0.891359850357137 -1.04398159966304
1.76211741419127 -0.200067878291947
1.03854576777498 1.07283378779344
-0.307544821238117 1.70086392308617
-1.00487655709271 1.03742681720841
-1.0833261293974 0.0133627686253476
-0.966305382542192 -0.581801721710437
-0.869442019673167 -0.789824220169282
-0.18476325107984 -1.10029953291666
0.471161258230743 -1.16575429043516
1.65737074903216 -0.464223605927155
1.45798936823522 0.761476186437216
0.104139559474016 1.73155464718946
-0.844343710966978 1.21691724138853
-1.16000862340046 0.607105212648941
-1.04595355439907 -0.398362417427342
-0.929887448484725 -0.666460471796863
-0.504947174794948 -1.12880046841258
0.332060551017465 -1.24737261634101
1.33476155757283 -0.899744510812867
1.88150161811312 0.154341511213535
0.704517050884246 1.48319579417411
-0.716818248886087 1.45140910423039
-0.779187617764456 0.674842255545161
-0.916738403682611 0.067024353342992
-0.867781375882827 -0.710102681687437
-0.538163899765886 -1.01652100946837
0.00595652391686228 -1.29391220355817
0.873694200472487 -0.927044456496704
1.6810957180148 -0.237000816641976
1.11541907428905 1.16270041242681
-0.299536802991405 1.70705005351152
-0.894137138475936 1.01576825866898
-1.14200467522948 0.183835305523803
-0.851213265042938 -0.42828137317791
-0.69638280259958 -0.979107089930517
-0.258345730305083 -0.977255380074915
0.551652836708192 -1.11456266415283
1.63858500253883 -0.505377804780693
1.37604954294578 0.682343368573972
0.146457731363153 1.63517996905701
-0.698650409835913 1.32203655846216
-1.03213151310643 0.358565666343147
-1.00446174868048 -0.294387389838402
-0.916294748837203 -0.893277321837348
-0.387864288554431 -1.16887979974355
0.349891980200856 -1.13718276532575
1.35211436523743 -0.909412966441277
1.90303675223939 0.176926658520584
0.754641296808315 1.59080369732659
-0.633146913083416 1.67893279821714
-1.02409295056164 0.70403966876212
