-1.22005005495111 -0.749753461413283 1.03467104144253
0.215593965946185 -1.14109348343428 0.544518613110881
1.16582659788035 -1.36015910398884 -0.298645355564662
0.638902597412449 -0.0714960407826812 -1.16501343077051
-0.460230427092202 0.948294172331873 -1.26491293508551
-1.1461337861077 1.06402212192636 -0.123899270006813
-1.38341576244103 -0.243396447389123 0.913949692677218
0.146982666516601 -1.12181562258953 0.911751532665428
0.983877975050283 -0.811160273599958 0.0123198990644008
0.825966038027429 0.053823516635722 -0.80049513736255
-0.306162322654013 0.733377762540391 -0.925512602664772
-1.06948609417057 0.59771800972264 -0.166327043927171
-0.74838484390424 -0.0787512790099771 0.817575322244798
-0.147148205351852 -0.859903046513211 0.915260496921302
0.746046471711223 -1.06347150103149 -0.15169099826101
0.868649426041114 -0.0723085402167185 -1.0748960473196
-0.246060919103251 0.917502829661431 -1.09269751165708
-0.999365771996055 0.955774745257797 -0.138854173472888
-1.10581470193574 -0.185741915848524 0.888053164667655
-0.234408899875443 -1.13930338327781 0.679300852500496
0.948957658790186 -0.901620784078276 -0.00593808688896089
0.951690628600435 0.119173592845658 -1.0998131859908
-0.258085421319592 1.16991077135383 -1.07065526644654
-1.12514762811344 1.06835334293423 -0.0256225957849674
-0.416196193201454 -0.236818310767335 1.23556928311154
0.201505616282906 -1.19210031952205 0.715128987870765
1.59191266139888 -0.492447186711167 -0.465661197706011
0.794390916216758 0.286389820345175 -1.35571172542277
-0.702948134782939 1.46132098986947 -0.521591131344054
-0.871834378303615 0.326071354276185 0.894356767568251
-0.154554221710009 -0.583457226644659 1.42974478737898
1.31848108394535 -0.974780465446521 -0.203790644838928
1.41397326410301 0.071978043864033 -0.942029492982996
-0.272002012412888 1.86993413610136 -0.995267496380713
-1.35827438884962 1.27171187898287 0.319049764365496
-0.850999881249674 -0.632208708794324 1.80514564680531
0.347069711881012 -0.957522570175576 1.31730801476355
1.6225457130819 -0.948868353283445 -0.801222616491446
1.07413294757798 0.776924928323305 -1.41794549144033
-0.578799477826922 1.81663590883105 -1.02237683422215
-1.67544534312939 0.624697545669325 1.13852434312696
-0.696820761738892 -0.741352962877655 2.18600420439496
1.01934769886005 -1.69907590968632 0.816445016461407
2.04728233903041 -0.488972366686516 -0.771436828354027
0.413280422616725 1.14750383806887 -1.64884990222301
-0.824037102602782 1.89528869866258 -0.725947474324482
-1.19434336094668 0.419211706919793 1.03725102063373
-0.680934746054137 -1.19202477967168 1.80496652932943
1.01603014189125 -1.70281127080175 0.170606068916796
1.37416722434947 -0.842984306212921 -1.13833839463092
0.505054687452205 0.887505497811965 -1.65946896424447
-1.14190354058327 1.19923915402354 -0.733901620824519
-1.49371025281088 0.454608454259766 0.208560336100717
-0.780614721672809 -0.988421580749781 1.94983549220727
0.480747909560165 -1.48617156811081 0.404523829369186
1.72621426741907 -0.864315255195208 -0.627892752347216
0.848696064562475 0.414941784123271 -1.53219205772797
-1.00190841637358 1.40087055143704 -0.996090304347679
-1.4082967862254 0.739349992311536 0.468875139465284
-0.903188951824854 -0.658631175584805 1.56808060810457
0.733469675876072 -1.34046179949752 0.731233837618779
1.49247547148343 -0.743255649951984 -0.603122924062806
0.860570678325863 0.80111214838916 -1.5199383500515
-0.663785679196727 1.69924675915501 -0.257881838812745
-1.34526136622893 0.503147512645558 1.0169342959142
-0.141260949484629 -0.933240159868523 1.35183048717995
1.1712184873323 -0.941540723264081 0.155535734137822
1.33595380218525 -0.229377803459896 -0.76428425035135
0.143019408803072 1.14737952378956 -1.17318831276481
-0.885510268435551 1.21422075254444 -0.273139754427359
-1.46371542539644 -0.330100385266584 1.19130614470872
-0.00588866856498461 -1.23362061631982 1.08923145207869
1.19210123749618 -1.18515844195639 -0.0243385395829505
1.08351508325392 -0.30591328770514 -0.935051189089307
0.194386945157555 0.672062273408728 -1.19819729598354
-1.13504473407352 1.16103336941984 0.0343795153618572
-1.01061316401574 -0.170415041418832 1.14754205635474
0.0676692796210885 -1.13698178156924 0.916018884466762
1.25887993872439 -1.30146903645744 -0.332702347292132
1.07374045423088 -0.0725258469492703 -0.857680597343059
-0.227688864835816 1.09778111861963 -0.922803954143808
-1.08963406495646 0.891625450851783 0.0964133146481574
-1.15656755913083 -0.238334212390726 1.33445720296122
0.393383444055131 -1.26379853131168 0.909673157695924
1.27242861237314 -0.819006503775323 -0.123388554660565
0.979172740357966 0.532015204337237 -1.11667870403267
-0.671012050362277 1.85211587081923 -0.848110894038342
-1.34610284119912 1.26439704283118 0.395857847737645
-1.1494399905392 -0.851691061163469 1.62931457601108
0.794080194230913 -1.31080870937039 0.534329354149015
1.46443409001669 -0.623017186373195 -0.922573296283051
0.964705294121516 0.812218332413331 -1.59811492573264
-0.92035944641107 1.79193882938211 -0.733889580831874
-1.241723402736 0.788876839136174 0.480526735331358
-0.884700596706184 -0.57744216669586 1.57510448068235
1.30117511905574 -1.31651792934057 0.902112160565115
1.29064402827551 -0.551016924118705 -0.888086267329197
0.245571924151298 1.05542300861776 -0.980199473351206
-0.902339225334694 1.59966114922188 -0.0927146618629386
-0.902566796409582 0.382242663647131 1.45159659021309
