0.524498371421342 -0.367499012653844 -1.19893132943261
-0.440348662333919 0.806442191727769 -1.07273119139996
-1.19697576019947 0.972019879347584 -0.316951923054883
-1.38249132774278 -0.203149105709825 1.08495478380197
-0.720286148142283 -1.17319565203069 1.17092387395302
0.565776536137971 -1.60411648837839 -0.103672221509717
1.30216952546966 -0.8467116133951 -0.94641280711301
-0.011332656153717 0.420079812892424 -1.57469171415493
-1.15064653722961 1.05142872506626 -0.849953794284963
-1.39820409770842 0.368097004082459 0.204980159950441
-0.804149771354 -1.02131455204331 1.01024626283249
-0.148095114806587 -1.21936926524319 0.474582067787399
1.22453959162806 -1.16908069509175 -0.42013134081857
0.83365850679633 -0.0648427447282163 -1.38178434799275
-0.402169800947917 1.31327402425581 -1.40718509652133
-1.23890210971429 1.44874065063968 -0.278689500613122
-1.38130454591583 -0.153470529572987 0.995196133161054
-0.706914786957492 -1.207270243875 1.30896700885491
0.759632581847509 -1.66726135325705 0.315224704733028
1.26109883412603 -0.841302109658963 -0.898350295148972
0.5184999858437 0.464885528192625 -1.50941044998
-1.07851310398301 1.16341764216136 -1.02334983266159
-1.21943855108927 0.52342441894118 0.0842540493734482
-0.920047338816439 -0.827494987817931 1.3788655781899
0.233541165181469 -1.35229955913495 1.00128972113861
1.37095193727061 -1.36037936573291 -0.686232690333207
0.860731054726228 -0.341467406600307 -1.36018890716487
-0.28304896556754 1.02388082561493 -0.771090109303269
-0.876454626797322 1.08866473319656 0.0438393035441613
-0.909281034257322 -0.139804991776373 0.999640079387973
-0.302561349846703 -0.805592459594492 0.873148880370413
1.12118418096611 -0.892992144251523 -0.386901867916372
0.643466889197616 -0.0192133226302679 -1.0576007966874
-0.227649307908231 1.0138455071784 -0.635224786875414
-0.557986143250395 0.791449484294607 -0.33322423019734
-0.683585589043392 -0.0933620721794062 0.77996851385089
0.140847661319814 -0.610750679362928 0.756238113314733
0.988629105024726 -0.920705029795981 -0.0445796203039386
1.22628916007026 -0.177887498427524 -1.22239307748467
-0.215601348964614 1.18573992110301 -0.539815429855046
-0.716845235175094 1.02725545877977 -0.172021252529294
-0.840505221053068 -0.421506908207265 1.05726908798784
0.227079938784483 -0.678910873308868 0.934359245891938
0.597808116197134 -0.746302646101946 -0.0583590244760947
1.04629261584474 -0.178788719818982 -1.16191768309558
-0.129532045416721 1.60827265791033 -0.963986828434135
-0.983878161423486 1.14727090621104 0.26200723295626
-0.718156803747298 -0.401719827300081 1.27289368226111
0.530110910936053 -0.73330494547991 0.752549627864793
1.53625037066743 -0.576343123882107 -0.310734376781992
0.651024825471207 0.916133286229109 -1.02639595960642
-0.93900969949257 1.65857429799913 -0.345417356680021
-0.836639625563726 0.551931173804411 1.59144298836258
-0.202021944769491 -0.765854001563483 1.19893993432781
1.41891882613341 -1.04272392626599 0.293765419564647
1.60418196820442 -0.105700181741102 -0.881496318105163
-0.119548483600299 1.63168594260755 -0.988026838865336
-1.23353768025222 1.46650120489172 0.500772209976184
-0.971602093028037 -0.57467122077835 1.80256716517391
0.804409314719182 -1.18286780152325 1.22428498258402
2.07560743901148 -1.21177779112819 -0.249770745049455
1.38388192254016 0.92121176089745 -1.27757125407275
-0.657828116777948 1.79649462575076 -1.04862929975904
-1.46310097890908 0.699655397735466 1.19078127235632
-0.904548338100552 -0.779326232108959 2.15515085951613
1.20910315208651 -1.34589577967654 0.94241013135631
2.02786312726413 -0.634623684274809 -0.6658358767953
0.415497901836993 1.0512271548714 -1.31545720035984
-1.05093414969662 1.8770485945352 -0.335499932605422
-1.22203473702446 0.216973099745757 0.892867592804449
-0.553128194558106 -1.27898225675458 1.58283214929753
0.950167792371157 -1.5780924058534 0.276439013637528
1.59843219245933 -1.06473399781758 -1.34627095476105
0.486515927647067 0.758419864472563 -1.83493744407359
-0.88411848217386 1.69499964399825 -0.66657451956942
-1.38388981183247 0.624159592731447 0.395744576117541
-0.994851047925083 -0.797206536517185 1.60722176389869
0.577284509979223 -1.5498986430625 0.841721427798767
1.96292534555625 -0.756619653974256 -0.648894728018092
1.10252983229868 0.403463816587341 -1.2666194825457
-0.627617914308171 1.73018830258482 -0.899600402659821
-1.16932495313882 1.08149082769602 0.57588780847937
-1.27100653105136 -0.525663035300133 1.78259327019765
0.724641755998603 -1.24610965842488 0.913699257908438
1.70156677021441 -0.563902070559856 -0.577791781198398
0.620951969372514 0.697226613113047 -1.06781080023654
-0.627603875351431 1.62272551434654 -0.34309055099277
-1.37842293648093 0.516171518261073 1.17007669365477
0.021649446059691 -0.924268370162995 1.69607061148186
1.11687809699262 -1.07449982675578 0.289771546751177
1.35523103109006 -0.0810684700518451 -0.990258636377467
0.299711858751631 0.917389921578105 -0.949311928507012
-1.0009454868431 1.19469674055449 -0.133857179028023
-1.01305789465646 0.171972507524196 1.41690384248436
-0.0930530898432821 -0.770224007122917 1.41191846414733
1.21867798397341 -1.14389699453898 -0.0929946259526445
1.15420998626488 0.0326715342754632 -0.697121272502965
0.0547845720109298 1.08059628667754 -1.02374177856731
-0.614142139179082 1.13252190449219 -0.258963214784054
-1.19283023766186 -0.0483040265571928 1.10319551471489
