-1.04102483332431 -0.285454469789053
-0.782266313357393 -1.01916856638564
-0.64696547619442 -1.12078032470756
0.336318775574882 -1.2077974969991
1.1262681613544 -0.846529748246889
2.12801101651269 0.05837941075065
0.731487079215913 1.56659042299396
-0.454101307636836 1.61054942103
-0.978025860336412 0.871696709940043
-1.15931185216319 0.134203073471242
-0.969203863772807 -0.594114683101133
-0.622855395556646 -0.953849344005352
-0.0288596182105696 -0.926082999657355
0.860963388057257 -1.00842526571195
1.8069652789818 -0.0796440200843243
1.35690205312254 1.30990730655624
-0.24299080845871 1.82474229216038
-0.857819052690018 1.16575244076977
-0.945913053420502 0.202520887827382
-0.807927606034811 -0.304248342548251
-0.724714597947709 -0.763885537056612
-0.273496088477486 -1.15843873900423
0.54809333588717 -1.03825195663144
1.48327189672717 -0.405475822184955
1.50741595703031 0.674388402546121
0.288728591491568 1.60821759666549
-0.706632050352017 1.28610932655892
-0.850554659320212 0.561169061857807
-1.07183978783496 -0.346237709791746
-0.839447360998736 -0.698821603139422
-0.424189552319035 -1.12286543726073
0.190748351418165 -0.888362912986221
1.14115395174582 -0.835770235520536
1.81213151441686 -0.0176200541297729
0.799601558635155 1.57311919347185
-0.514324577557605 1.76563665080559
-0.879341087261503 1.04769725483646
-0.987717883712482 -0.0176073827995773
-0.917627395797913 -0.629912473941967
-0.655852790511378 -0.979108711461781
-0.258336879018125 -1.09070766667273
0.854209532758043 -1.07092952752917
1.83643855733504 -0.535367346471943
1.41010045672283 1.22072347867688
-0.0676897875473669 1.86600154398648
-0.910892999471904 1.24163652232224
-0.969365925770906 0.235702647305292
-0.880324473430234 -0.567569635587153
-0.853193282796769 -0.853049849020778
-0.278856253494738 -0.937049444043416
0.459903355600911 -1.08023733357205
1.46706863685757 -0.819875059563768
1.65310206737958 0.683259368472997
0.307361209086558 1.72767246592913
-0.841468488988129 1.28444030100293
-1.09385169332744 0.633838035763752
-1.05254490111362 -0.132717095999213
-0.986022575886734 -0.654736265433589
-0.661512896052174 -1.01313987482541
0.210608010034427 -1.03702558595715
1.26254202237993 -1.13428993015966
1.85178358657016 0.437764248946139
0.937244853666559 1.52710146658119
-0.348311576339716 1.69301280120667
-0.984930363707702 0.891059408007085
-1.00075818815447 -0.0516894315422144
-0.996031426102207 -0.59279778042066
-0.595480634722234 -1.16080818851974
-0.210911689132393 -1.10974382468343
0.621276499238627 -1.00416787183164
1.64288047936119 -0.417552760239319
1.37472223086989 0.783347542902882
0.0546498468358884 1.59824028741143
-0.529027225467901 1.14157396886217
-1.07044456599649 0.468241706645641
-1.08516131543332 -0.235044602519723
-0.789254672640844 -0.740286234539251
-0.351588907364359 -1.02478411559197
0.195026731290757 -0.969584049770559
1.29326228149745 -0.61513470699819
1.66895445333588 0.202188186322341
0.667031624766914 1.50852200282396
-0.501249361049993 1.7134625939175
-1.01864563684636 0.89633221889102
-1.2869696093495 -0.0530603833262942
-0.796929661146049 -0.440936528046203
-0.758360697774922 -0.959705794094328
0.0115755296754917 -1.11153403070118
1.0780579719303 -1.02462506022681
1.72464010155848 -0.293687055686605
1.15026377538519 1.24842216628792
-0.0503711533694646 1.60401116678722
-0.867796584503063 1.23376272107563
-1.15879929923625 0.228812704441675
-0.970112052911757 -0.543557714691143
-0.847039950200139 -0.745674843007172
-0.276978994653471 -0.946560107558906
0.536264110607402 -1.15041434542696
1.68922089197769 -0.603543481923962
1.65596686935393 0.640232356515799
