0.781931386735811 0.946315520712258 -0.923086248778851 -1.33957212408591
0.626664194574344 1.19423633564638 -0.950340689534047 -1.19656425350855
-0.254313526795782 1.07114185081972 -0.861734159634824 -1.13155109684297
-0.19893712618456 1.05981790156279 -0.792443470040651 -1.00204659682625
-0.463761965203807 0.676477256457373 -0.600024848080535 -0.61794231981408
-0.490812317809557 0.472922818627309 -0.0956618783474448 -0.111438688008831
-0.112385204520835 0.0252724354598682 0.0545141344527318 0.396634175106567
-0.876014727661862 -0.145157432763577 0.672608385970017 0.110057774005189
-0.505807501987657 -0.384939285174826 0.726669807651368 0.463926042655588
-0.431592396724737 -0.615270729597282 1.03762679534098 0.655945429149175
-0.646135435332968 -0.78080675985891 0.93604286694685 0.835420902761829
-0.386534517946164 -1.22724069851071 0.876795608710047 1.00051797076928
0.311463941211213 -0.86713856985991 0.415587673566912 0.639213839571439
0.549667079337052 -0.65905980761986 -0.0745265664903719 0.680166306180629
1.51736382432939 -0.252001814910052 -0.722300723442823 -0.353595079501905
1.77509172280457 0.155843809288057 -0.797023322277897 -0.882236418146102
1.02229498921293 0.487574803506555 -1.24975870553861 -1.40077683898224
0.755519992151603 1.07575337436136 -0.90154201490642 -1.16593389909371
0.33500785976662 1.40712155003872 -0.923528505952243 -1.08290049798146
-0.33621273507673 1.23334748174512 -0.808789491889533 -1.27647629198459
-0.349080744236012 0.986021381900403 -0.717083598574751 -0.800831914453959
-0.521813428434908 0.581762159981599 -0.27966846064973 -0.389248748417122
-0.665461687614671 0.364120220451377 0.21637866762087 0.0440584253115734
-0.954437979660465 -0.00791244770179862 0.9479210880825 0.582757934731831
-1.17367187387543 -0.410073657146188 1.31804112800347 0.487387625737118
-1.34878729580582 -0.875929216144118 1.82427450600289 1.10946254603941
-1.03892926530016 -1.43263867620112 1.98138845374376 1.68540421350514
-1.17464510461936 -1.6022127177781 2.05105628519452 1.87591239315723
-1.58136371181954 -1.92010364450473 1.70422242666987 1.97638053379371
-0.709230805846587 -1.69234313319444 1.35087236886659 1.92116216677706
-0.100390851845493 -1.80468949233164 0.916080142006668 1.67185532718765
1.52239334477424 -1.79100694545155 -0.418899936392381 1.0122460029157
2.4706939932745 -1.24641808201283 -1.14954798932645 0.0465977078825666
3.29946854612861 -0.358241480327296 -1.39204759968362 -1.93778714473125
2.34508143239777 0.995499664076772 -1.49329304412827 -1.59519610028477
0.859966822510422 1.55526859644052 -1.07265515380587 -1.62973428263616
-0.00493061765745347 2.00090364499255 -1.39264015012097 -1.45664802855322
-0.571130042844857 1.76685791854996 -1.46535275013869 -1.17857609614517
-0.467902552998568 1.27745850286478 -1.02708763309159 -0.507541003793507
-0.22556914714397 0.769662139211243 -0.544819349045277 -0.154534048004895
-0.112775391733067 0.563421005907877 -0.461641251514825 -0.234169509701262
0.207306688494136 0.344176786624503 -0.0147316768461267 -0.192496271008173
0.090594304904237 0.20571791427401 -0.472827096873313 0.177565641430278
0.0332513428224165 0.160963001981204 -0.2081887525893 -0.227780223901124
0.39904674236129 0.223960341408353 -0.159387777723361 -0.319790607897179
0.164385119191432 0.278792928088395 0.141749398659733 -0.202965698131838
-0.56026475705935 0.250907079973982 0.0653093207219 -0.251138029662024
-0.101906022104316 -0.0612890168674339 0.488856470155299 0.352078873956673
-0.661969774383531 -0.222120486522628 0.728267145683946 0.416136654036384
-0.69650950273784 -0.206291571288298 1.10990591854823 0.23643621040348
-1.10688329263718 -0.614891154748543 1.18487436295713 0.880612981707031
-0.763663677068449 -1.0802736620339 1.13946068561547 1.38128660010059
-0.560744806100963 -1.15147786683845 0.999761972244548 1.57719785807345
-0.172202978549595 -1.12638726712345 0.764431134740602 0.999137764408897
0.274558724444859 -1.20432607957691 0.336460550258632 0.894282820588494
1.12684151149696 -0.830224263847955 -0.203547754014979 0.354572847764331
2.0908648222608 -0.458670819145405 -0.822851851728289 -0.331713249256144
1.62597972592554 0.17474026196233 -0.863798312825907 -1.00331611681783
1.15489418850577 0.719779106197431 -1.17141268269482 -1.30564997642355
0.85015623514897 1.12967626985479 -0.991341082293804 -1.23120646980337
0.403143076144748 1.42320298283592 -1.19710196997352 -1.11187825589128
0.0239802266033175 1.25231337157646 -0.932105456881802 -0.803846829489343
-0.612418053850261 0.913536779908005 -0.721436171742871 -0.673293531315455
-0.563532044332286 0.690824006074995 -0.294478101002015 0.136426936607592
-0.730016510708535 0.0170825469800704 0.425426101945148 -0.166845916220322
-0.81841028380298 -0.173456593297603 0.897456336729347 0.364538508907911
-0.947510367985787 -0.582798124075991 1.3254703309528 0.877760565644369
-1.3016585465541 -0.965321552591452 1.81488682470143 1.35482673003383
-1.73344788573122 -1.37336613429618 1.74448163559447 1.51259133261173
-1.28084629336499 -1.72376932148839 1.73553783899739 1.96171127225466
-0.806243747488265 -1.65444833850455 1.76728298122749 1.93305137833872
-0.378647179334682 -1.76743485840567 1.01879051402578 1.38671923685121
0.520365521324622 -1.79421732089819 0.267732843772317 1.02929081578927
1.92223764085413 -1.35372195770665 -0.465161600169164 -0.0676968304806518
3.12403905083477 -0.59822586653575 -1.06339201250637 -0.878819310539982
2.32030732998416 0.57061059467867 -1.09502257148356 -1.38577901973039
1.32451294440813 1.38056732801834 -0.941725561395751 -1.68050991102018
0.188598432759203 1.74047918224273 -1.12739732554644 -1.57502298762244
-0.658367783363195 1.69451413786843 -1.17471433965893 -1.27836330504242
-0.394473185868745 1.41842030045898 -1.07248499923209 -0.794651312467869
-0.216993456000911 0.977325909623249 -1.08616425322165 -0.683844544549921
-0.0356496461681914 0.873190368585647 -1.12033887462807 -0.317175153536557
0.173021504670231 0.466751602562519 -0.974079817786102 -0.00912608229068743
0.00437509242992962 0.558160949703192 -0.886795053764527 -0.0982048172442696
0.330567095165302 0.621571808543188 -0.593308563966622 -0.399584843132653
0.18862146704182 0.502649250882075 -0.447154566852016 -0.615866035885416
0.0785126521390895 0.504599537504131 -0.592234238504908 -0.371514936711098
0.30852478850645 0.36789699191221 -0.660380059117361 -0.237585878681073
0.365854243701798 0.292185476325392 -0.0705652110839353 -0.252068893276825
-0.339111426367809 0.227815429789757 -0.329311955322688 -0.329274725870789
0.0349664130720078 0.308917555079493 -0.204677868667637 -0.13658143586377
-0.206493678785687 0.135045891290842 -0.199936540326936 -0.232023197942099
-0.37500188760627 0.434348778109036 0.318444864159137 0.0373111506008168
-0.63188432224485 0.102480602268909 0.209321065169436 -0.271338302209851
-0.56194577778111 0.0314857645748824 0.707759399635551 0.169464162614607
-0.84657057396172 -0.416398338031663 1.00345760262364 0.342314665102943
-1.00235907643821 -0.57701814284054 1.28361723270975 0.867759195327824
-0.761462148861516 -0.890055210588284 1.42928156438376 1.42609022128036
-1.10150972270706 -1.30490703862742 1.98061391291622 1.39773710336447
-0.870789647774533 -1.4572156333945 1.35483329385234 1.62024483637586
