-0.153194187939882 1.52312679152378
-0.688000909776139 0.996504986198877
-0.886044613623245 0.150081849728496
-0.776513595109049 -0.404504835252747
-0.760001177296133 -0.790724674978537
-0.283591155970468 -1.02669016234552
0.429062208996914 -1.16519568997154
1.47244012719487 -0.602766383567935
1.73117147527449 0.576912663908091
0.46619522330685 1.4166196308718
-0.528083404425635 1.2883742086886
-0.945618517162647 0.35170572661617
-0.871363418021845 -0.0867720286118656
-0.762484802879568 -0.627357743852434
-0.310642897090559 -0.96782299497238
0.25634336268605 -0.881156089361552
1.18969059362371 -0.793855642807541
1.76309725566475 0.00549988706536347
0.561089659755774 1.37594028928609
-0.436711807457752 1.4054884871215
-0.751531606477287 0.859144590678422
-1.07335023415465 -0.059404928247277
-0.786123999915146 -0.625355863944259
-0.627195181114408 -0.973484992746626
-0.0724056706376981 -1.09895038321701
0.69316986080096 -0.927551677047376
1.68980467272607 -0.414001410664731
1.44059512329545 0.885611699222149
-0.0256613211099396 1.70417365599662
-0.777171280113551 0.994041225350945
-1.02125056585819 0.320683340613043
-0.928900812454457 -0.420379070554727
-0.693141248280212 -1.00183017308758
-0.316525571387862 -1.06509952037884
0.250012540164609 -1.12375187983764
1.56546535397078 -0.636442611740122
1.93811043531609 0.206719216440138
0.551739061829631 1.52731816060428
-0.508549082267709 1.36756296808507
-0.879125484229439 0.591260458164572
-1.04485066857723 -0.102471008241218
-0.869900386537704 -0.549032753120832
-0.530694281823934 -1.19936535881613
0.116278744308845 -1.04459149907898
1.06172539899696 -0.927978088473912
1.93506473391159 -0.254216626880108
1.18450711240536 1.25638503164607
-0.370566983748786 1.69066496607261
-0.774280869220205 1.06465400323886
-1.07268589291249 0.0616007160820169
-0.958645888959005 -0.504305618325528
-0.689339139799469 -0.897444570747677
-0.239361305723098 -1.14362823567531
0.56145612616502 -1.144928942924
1.80741781530359 -0.689926148989803
1.96575466577545 0.800773255250813
0.210771770022785 1.86931337543502
-0.620161588136679 1.44513383267154
-0.76612801795192 0.625015569169241
-0.995568641822069 -0.252196932451934
-0.825221797305893 -0.705040310264708
-0.665350478953127 -1.01133854960339
0.268547278806929 -1.25787509872523
1.2775144830383 -0.792902343252501
2.06603138584361 -0.0446384739782935
0.943647734629738 1.65855424981125
-0.378489100992524 1.692917089889
-0.709626561181853 0.902403865901751
-1.06953624534961 -0.000144153688577498
-0.94065321762589 -0.543736465133955
-0.789454053062924 -0.982536064881382
-0.202491796578522 -1.04887035020886
0.860669375879658 -0.989608824818559
1.77604480500326 -0.425589533462447
1.73935946488863 0.676060768713745
0.0895549131621994 1.70515628872681
-0.7973304968978 1.33489450570458
-1.02696011939856 0.321985151402751
-0.862933581642706 -0.300116689445621
-0.895274784847691 -0.989077422331606
-0.453295625023495 -1.11061178155876
0.207411895545852 -1.19954850252129
1.25160225212112 -1.02957840761799
1.99759923729883 0.14331730709165
0.956670825285282 1.66194011546795
-0.493812538914047 1.72322236734465
-0.822540551191793 0.587958935294079
-0.999159578322217 0.0644668985685343
-0.73267833940686 -0.579381612383567
-0.667053913189277 -1.11500180890041
-0.353828252929199 -1.2030470801471
0.786693810467018 -1.02735040710998
2.01032008690889 -0.585299130730227
1.80165741854038 1.03046914401999
-0.0369949596511767 1.97165340446207
-0.844136201399111 1.38558227272427
-1.02664852930936 0.348217907862533
-1.03417080028069 -0.140641386415813
-0.947740356401157 -0.857043435116009
-0.503540199094792 -1.22694848550584
