2.78990533680348 -0.453843860505999 -0.811941265622222 -0.823921929776578
2.05807640296905 0.487798631655864 -1.14043351299002 -1.83606713358302
0.754148746799528 1.39415455870014 -1.14827208211841 -1.81873776906828
0.263574370083388 1.66103182258338 -1.14327840301028 -1.40726811830012
-0.388475816765538 1.67108575932438 -1.23094322931367 -1.0265224013947
-0.882405130771902 1.20729226107143 -1.03713157417154 -0.413496593995736
-0.532465401461925 0.774763937975756 -0.817585751356332 0.0391101227780746
-0.280067217081362 0.454257936201383 -0.129473724213657 -0.441573453996569
-0.262190483049837 0.308087797851997 -0.515018641654397 0.079394396275437
0.142233232877699 -0.0139672828324195 -0.176950477343944 0.477161632889578
-0.189705375158943 -0.0570847335335253 0.0330202920087748 0.156536956627799
-0.21510495058617 -0.108638913437391 -0.0803584627583545 0.169725594199268
-0.0564029703206604 -0.129210763519809 -0.0685564266175406 0.11430021193962
0.397359671580667 -0.0829279961841957 -0.183290589167898 0.114844628234457
0.086220609626135 -0.125954371310402 0.0537113573447145 0.156922439731615
0.109840055250639 0.122011287557025 -0.385650113832722 -0.085907872254378
-0.0729654438829757 0.0999894865054112 0.0178583364719914 -0.23325353102798
-0.063486627115345 0.382368814693731 0.160749584795352 0.0321802123487802
-0.0964635230802683 0.37727455102939 -0.0476772000551189 0.00469032301108035
-0.465083579653676 0.210062104711207 0.0505239964007324 -0.0479802421441918
-0.579888106852388 0.0106998790479497 0.442207062467032 0.366791626272056
-0.946976082253142 -0.194686790450214 0.633006062880847 0.638792870903719
-0.711349899993349 -0.473940106348358 1.49385833727188 0.794339386210226
-0.917279676154164 -0.696805796162673 1.63539921976694 1.03642834960078
-1.01663373960132 -1.06722452149809 1.57467615590476 1.39999518251461
-0.784733773165623 -1.16097125853275 1.11755764492654 1.19776665769175
-0.685684921724463 -1.39785219934139 1.02694463370513 1.22598096617345
0.119982964047974 -1.30545145389287 1.22126934856421 1.48398463069986
0.849417014395739 -1.19565740132923 0.207489520034533 0.723937095814839
1.59416705283897 -0.902168257239578 -0.41107731115081 -0.0194678752819283
2.06705743614713 -0.538878850528951 -0.725508781369893 -0.537578290594296
1.21967898286158 0.553617824301388 -0.71437421967669 -1.40814209750371
0.944171911950023 1.12429470110657 -1.07748134854452 -1.15975178340393
0.0695265207489875 1.40391250955316 -1.02533869696158 -1.45321546908875
-0.321455827475686 1.37047979780499 -0.901855285145976 -0.752953256241057
-0.480460010636252 1.0699510032853 -0.55678683806476 -0.801539719195369
-0.454012495957449 0.814445332133277 -0.538074353491858 -0.310623155122162
-0.367236880900461 0.579757817973469 -0.138153638766748 -0.443803840467116
-0.914451355650412 0.257295869569157 0.687917645324729 0.393809579002799
-1.14947850671022 -0.148400124312558 1.20952120297119 0.452953688272227
-1.35772136374617 -0.831298773253343 1.46796442858549 0.956590971766164
-1.5955289229384 -1.08837642535284 2.08428538443046 1.34057820756584
-1.63256189345066 -1.44681716703625 2.31636759567038 1.51476290778876
-1.56864687493753 -1.91944238985471 2.85971566938443 2.23575323726227
-1.42276015575775 -2.05107400563352 2.33650857178239 2.26535519338962
-1.10727834289224 -2.16700247779833 1.71847836423909 2.48059808821981
0.128057659358602 -2.29040212641348 1.22443390126473 1.82589598259601
1.68590273910057 -1.8317006833271 -0.0694007921742227 1.08989372018228
3.08970942136075 -1.43809986241333 -0.934642296444724 -0.204976592907696
3.46356266832767 -0.452389863924019 -1.16370655636398 -1.59982602325223
2.03321644449059 0.779490591935158 -1.05158174634469 -1.74852448189093
0.805882961237287 1.79870639266775 -1.16454040586449 -2.40824102595717
-0.730669326002247 1.86499578374433 -1.01350514174159 -1.97250303147843
-1.03165162058394 1.7435563912779 -1.29083938791282 -1.2121038550059
-0.77152056576711 1.39170539276646 -1.03309522068102 -0.733317753065396
-0.297869914099619 0.98922787757665 -0.833377682890109 -0.246494261941897
-0.0621098997620656 0.53935324346984 -0.725092557295779 -0.0487567416779609
-0.147880580279622 0.418999116350585 -0.525111189181619 -0.0193722663142597
0.143371129373043 0.500434765359504 -0.415524029033481 -0.126255195846054
0.366592272095225 0.605877300711297 -0.351899683130279 -0.271306822153287
0.0142509561109713 0.211621211655901 -0.635592359282101 -0.413308451176528
0.0499119684274542 0.331593044038205 -0.331408170625008 -0.207699755003699
-0.0260287442565172 0.315185319527992 -0.303502557313522 -0.368996180050037
0.0180304328078903 0.410407028096696 -0.222892622215785 -0.132144194680708
-0.0551519222148745 0.347135529166571 -0.244216808293548 0.129674461939236
0.023799174546701 0.370567266102072 0.211794918819231 -0.250521396650016
-0.340015424725691 0.14654383293295 0.362675725604918 -0.124546118223826
-0.71286762037834 -0.069028655975373 0.539166809663686 0.471981120357163
-0.943403611494633 -0.343415016001838 1.25622926370933 0.226880730110831
-0.739848627795655 -0.547883916668076 1.81696082673446 0.926295081941909
-0.902829328873034 -0.980992163529109 1.57393915199828 1.0345116439483
-1.27460146917462 -1.45067017648129 1.75141164158979 1.43120096308167
-0.842279448465432 -1.32516775423408 1.46147192396064 1.71794154395009
-0.599233916481617 -1.51024642452973 1.24724083148605 1.42896044632492
0.0508402311073137 -1.37792079494718 0.53870112135805 0.74598084672155
1.14869802432797 -1.21245847560259 -0.231888115746812 0.182336363526686
1.88440672238645 -0.785268179027593 -0.740642851723205 -0.159766134898476
1.95263157451705 0.364793066187548 -1.13605240043728 -1.00310553484779
1.12992770836765 0.929767743373853 -0.992487588930431 -1.56753605790732
0.254879125026881 1.41944234967652 -1.04369819791888 -1.37811828764284
-0.191239917195059 1.35921221654903 -0.927777688311878 -1.24730763959148
-0.464134980878348 1.20554667439447 -0.892715963770564 -0.879906868083786
-0.386729666387973 0.888296055225147 -0.82795067433661 -0.365872415030981
-0.479726651021537 0.649424658297832 -0.526473281861386 -0.150255477648225
-0.479658148412224 0.453029769529676 0.100270054853018 0.0267600106223354
-0.485797267854122 0.176902460929262 0.10064699077109 0.493103597412949
-0.557812300542329 -0.171061035545029 0.619137624261256 0.986956813200724
-0.572524245805765 -0.589380769091546 0.809877077107959 0.529812193165086
-0.585068771931612 -0.735725963437084 0.675595628078078 0.915116786040092
-0.513263890552755 -0.854231302099553 1.06660430458464 1.04415654702944
-0.124580827674408 -1.0404534650622 0.935266612272334 0.615454135439238
-0.0176210290990635 -0.998280982985963 0.463339999975406 0.665515064937635
0.485838352234825 -0.715873522353712 -0.333844561599116 0.57385234016877
0.985205904259154 -0.633057186505432 -0.448888768840267 -0.331144330742888
1.220897109663 -0.23001207556196 -0.82816799287578 -0.248495328907893
1.05124828106288 0.318889503228121 -1.04324257844565 -0.790539894096241
0.840574158331838 1.09531892698483 -1.10089588420146 -1.12839909940873
0.029916996975399 1.12571138880911 -1.18003059541269 -0.927148034784046
-0.194145409533706 1.21795016416408 -0.862495093178585 -0.655224299934964
-0.273491847507986 0.837077566240941 -0.67140145124627 -0.972047466639823
