-1.317449346405 -0.811138974722087 1.52047660302913
0.108064322117392 -1.55955625798017 0.978589083998343
1.32371901227628 -0.896171270338327 -0.747528668974064
0.0195630675270477 0.58852694937352 -1.42599739255599
-1.24037713294201 1.40266643297341 -0.669867915434003
-1.28795007170211 -0.200525216152981 1.20086481066188
-0.300500088987526 -1.31844318587087 0.980217004350956
1.44059794006137 -1.06708601074728 -0.814936332287961
1.11270824859131 0.519523983987304 -1.60228578722172
-0.904352740140936 1.2811047625307 -0.683098604665585
-1.39229906649645 0.450231825686414 0.711505095872592
-0.00584161450009836 -0.999521642535758 1.36814851477802
1.66450793194567 -1.29371858720903 -0.312611693346854
1.03893159597131 0.859491214416246 -1.39983580345711
-1.30555514463208 1.79186126463244 -0.78844196078826
-1.33733084282876 0.0530164349972199 1.72616157977037
-0.212833114986542 -1.20193124385959 1.50890172181141
1.77028267302682 -1.27764169024363 -0.856807977812965
1.21309418371286 0.317817415015672 -1.34792205527278
-1.1033392492082 1.4418085563116 -0.824921459861976
-1.57919329669827 0.245090214634696 0.934372784626725
-0.226237143112535 -1.29991641698798 1.50706609631173
1.03170066801264 -1.60746985743905 -0.25883922816751
1.37025396692705 -0.142811368348617 -1.53523736092897
-0.755817279332982 1.68143526124691 -0.70636789361542
-1.40102964772548 0.765436077901345 0.766122552034373
-0.560593792994104 -0.910394697535977 1.94588460732175
1.16514038997488 -1.53935558791372 0.00339393395274379
1.64271789342755 -0.123153426484761 -1.44810614384955
-0.246746918222233 1.50126109003275 -1.14235819384741
-1.56373225822847 1.09475779466422 0.121358678137216
-1.05997336624882 -0.735000161473304 2.04415365428485
0.628800737782271 -1.5319414708646 0.586037708140716
1.31559980843534 -0.516358930642679 -1.16775342722083
0.0148268965206002 1.03267459546965 -1.23146239200712
-1.05460536128534 1.14981483791223 0.353354907948862
-0.860868238251501 -0.452232221603412 1.67886959536429
0.722120290343627 -1.01788281824783 0.407549773708039
1.44552305375926 -0.650637685442683 -0.946022403688106
-0.182734116112169 1.3309432042441 -1.46029669319312
-1.3406441196962 1.46350032649135 -0.166842828855819
-1.01631978914761 -0.643807943046449 1.79428896339552
0.601714875340887 -1.58311881345043 0.967572468745218
1.7867208912308 -0.607527614401189 -0.873098555201415
0.231811119166119 1.37715451383384 -1.04857140369491
-1.15434400352767 1.3565566057055 0.189237601385269
-1.13425054429682 -0.501045474542418 1.18363923738512
0.610582202414723 -1.63439105720666 0.724043639113521
1.54616486259439 -0.565818926164307 -1.17548734108781
0.185919539930674 1.18330460032057 -1.16704862336188
-1.21294396869972 1.24918948160027 0.340361517308612
-0.779573809007506 -0.236998378739597 1.25324593900781
0.591802135641125 -1.26405796603716 0.552715026086057
1.45565816088571 -0.729317868439126 -0.952966538501867
0.00167123011073055 1.08617575806176 -0.869944015676457
-0.905009048435228 1.1601324128559 -0.0020237041179498
-0.893190493325555 -0.606953780223141 0.93935337135162
0.545793407758806 -1.38348086977757 0.305601244640198
1.23811399183582 -0.551848518454762 -0.603014199283834
0.210502881931067 0.740089522272091 -1.23729374561443
-0.849163341646788 1.49073432506902 -0.168146078587324
-1.2813171795794 -0.354488648970254 1.35799806772096
0.509676189320965 -0.969272782592082 0.373181729609241
1.15532115435758 -0.628227222492394 -0.864723397484676
0.0649609693126944 0.625893682300675 -1.39330608693324
-1.21289353620847 1.12218283955717 -0.406768379781428
-0.951442611038376 -0.428702241592217 0.759241383209322
0.0374626517343228 -0.721304601258092 0.717939096829515
1.20977480900401 -0.830897730748662 -0.847130113471122
0.460997648419552 0.701568631598564 -1.27436663418355
-0.959760211587514 1.24434172942447 -0.641013775063283
-0.784529790631614 -0.120847279000268 0.785240851032312
0.335500418578965 -0.653307305207796 0.715120886380137
0.817820790243716 -0.676155476296848 -0.396287802854612
0.713505000105126 0.667357341603081 -0.961703312840717
-0.513419391557564 1.29566788764144 0.165744150888863
-0.536690409954647 -0.0545910679743677 1.28928324892211
0.803651919516479 -0.809406924755845 0.766748627356391
1.43332488426768 -0.116577313476251 -0.621099164467834
-0.224657203706237 1.24624922184086 -0.670109993781738
-0.771295551025134 0.765031317457702 0.298519143265834
-0.855829647616189 -0.630972276536639 1.47435556490712
1.17921681602126 -1.33940305823476 0.57789057733157
1.01853330161508 0.0346611172178242 -0.987072532878384
-0.283931976003171 0.964889577051903 -0.665641675629728
-0.961502247167116 0.578104115062313 0.694474481306802
-0.542770697743527 -0.479188481802167 1.29756434031021
0.944058622406666 -0.537889316723583 0.185513481956271
1.02166632905746 0.675250157618144 -0.845711258902339
-0.408437594284353 1.49190951074346 -0.636722093479499
-1.12807602027992 0.469464014836891 1.02245689728998
0.146367544819997 -0.867725651598301 0.974184362615678
1.4166065426678 -0.694721202598688 -0.0996129921112432
0.588185139495537 0.718865857666099 -0.993519572695613
-0.917561339234571 1.29830289805506 -0.137902318513968
-0.730794548974947 -0.0934913555778481 1.15498736272496
0.0743635031753444 -1.22548639033733 1.00046494121942
1.58660077268598 -0.788782090303987 -0.751205464675536
-0.0617141051673102 0.622237216019707 -0.958264482925338
-1.24077997547554 1.34641777326943 -0.416699434544732
