-0.794374552126656 1.16799497593144
-1.16353720971451 0.0151654438772166
-1.00634326794176 -0.409687835737805
-0.731560337327353 -0.88180791181667
-0.430701858720029 -1.26029743135265
0.5875234137995 -1.04289947346291
1.77987982711067 -0.607595942735607
1.96808461524422 0.707090037398376
0.288979442464011 1.73735738953249
-0.576759500173165 1.56524033473613
-0.933014983448945 0.673967760468291
-1.00278740019829 -0.111683891818147
-0.756458668013666 -0.839141449094568
-0.53450581578063 -1.09341546689499
0.26959218716714 -1.01838941701608
1.32051800184547 -0.938369500222485
2.09309261584871 0.0772672748564116
1.02360047515262 1.44240647411662
-0.431507218020132 1.70076147452045
-0.797369218326523 0.861062601764331
-1.08122050903427 -0.0202304012062667
-0.971464341931265 -0.72565004154697
-0.786420812889276 -0.940472420213149
-0.195213000154208 -1.10413037087615
0.625242235907436 -1.01476663623734
1.87036076860201 -0.468247609819204
1.63050126073095 0.77448329604404
0.0865995033063917 1.71575172973601
-0.748644333408339 1.33881726049631
-1.0960811761633 0.3513673689628
-0.90974846410675 -0.505851176149245
-0.762023631403117 -0.730363650996691
-0.315470162398 -1.05364119162876
0.375797995613003 -1.08755727060834
1.34517665583746 -0.767261697053326
1.74254149204084 0.561462263857265
0.498859803737943 1.60878924914845
-0.612916607223262 1.5734078232603
-0.915777625097771 0.818510969301178
-1.06234322694418 -0.100305304805715
-0.953565148699481 -0.75558759219779
-0.567422812801629 -0.985369408851204
-0.00341077811123972 -1.1624566221503
1.21220650067386 -0.779529647011361
1.81807887958447 -0.0952829838862355
1.28967653638263 1.07536232786118
-0.326149969053281 1.83357774462054
-0.935395134381789 1.09287587270093
-1.06413014573057 0.0763351236598696
-0.784443728403297 -0.634687967365173
-0.658863604064762 -0.907597081201313
-0.217287840058065 -1.06683791980653
0.824022070194181 -1.03308544378502
1.85130968093837 -0.618813397504337
1.5922914706407 0.725126425336171
0.263910691290756 1.71832472034101
-0.777187956441142 1.45231914997891
-1.03125268551704 0.386603629991387
-1.01612648745445 -0.156242757751398
-0.781007946127535 -0.819657023615927
-0.304772114290286 -1.12614584296347
0.3238136389435 -0.959797365828281
1.43011686781111 -0.650311438051561
1.75954668024778 0.148796890023811
0.662249890253048 1.61252956165391
-0.542449083959385 1.6711539850507
-0.88993996053654 0.653016349237604
-0.892800529184819 -0.186566221585272
-0.889291545450329 -0.613147866390582
-0.514330512695858 -0.926006758518698
-0.111546197871511 -0.983446075567088
0.91735305381533 -0.887434577927605
1.69010080024484 -0.299053139590551
1.14294627099614 1.28920611861059
-0.0807555621371218 1.7483130507515
-0.807676070985462 0.976644190645941
-0.908449718499442 0.33339116304885
-1.04888450629524 -0.278501446992762
-0.707185389874921 -0.796353627363505
-0.305029842139897 -0.926219580218456
0.586721075909336 -1.15780168206219
1.46793980981038 -0.686961512597981
1.62307558213391 0.563849008820105
0.431284900401965 1.703405925006
-0.515104752241978 1.16970396550225
-1.09906875423093 0.383053742766525
-1.08357374431909 -0.189193805179842
-0.811723321353863 -0.911894015152073
-0.286856598601239 -1.03485309406214
0.191198894220421 -0.99750434442264
1.15190339974314 -0.808794794018001
1.961765784125 0.248571465931905
0.930722189094392 1.60974831407026
-0.32580933597844 1.63117344964477
-0.777324111764801 1.01533202032801
-1.02979642467412 0.0690834090315513
-0.898015044304438 -0.522165958806826
-0.748085169271664 -0.917956716009178
-0.176968627674249 -1.19114038326218
0.859340113861644 -1.09023714963182
