1.46063221709872 -0.315694772908999 -0.251702898611235
0.936701483889866 1.01261535909919 -1.15147055408442
-0.33086664718427 1.48912706725029 -0.669859264123252
-1.06093881961032 0.833600195495518 0.951452383246007
0.0706137792625137 -0.71148523959827 1.511835936812
1.31357463681895 -0.732233026955785 0.29844517532472
0.874506090786684 0.0178239900324257 -0.825273647018661
0.0651846299689702 1.50764983940064 -0.225249062098164
-0.565525301788227 1.34904040079107 0.165336636728669
-0.623142255175042 -0.0641292159381623 1.10455141579077
-0.153293608137342 -0.820183716139803 1.25594721617389
1.03135469112767 -0.372410372632785 0.246874457618182
0.916740025123664 0.728141965596563 -0.537694957682688
0.0948739180558303 1.12321716097771 -0.694691364683471
-0.77308794890114 0.758001056427382 0.0880260345894674
-0.516102470252787 0.356358680985128 0.899938058623865
0.204857885623699 -0.63084907545668 0.940773256944542
0.928512443804582 -0.777799384432832 -0.0807892433742182
1.05379923842472 -0.0933277267770197 -0.391908753699926
0.0881024484563038 0.792199525161242 -0.453774112615176
-0.566376433141693 0.897329002979304 0.244273649868901
-0.557005215838983 -0.416067693801386 0.667622477748407
0.4922401336628 -0.506845260554843 0.844939584491591
1.08822412447674 -0.3528699491577 -0.0301930117676125
0.68082583273811 0.416908964751765 -0.421315834616924
-0.445894706280268 0.985009949470465 -0.878827664050837
-1.01384892549715 0.804818799061014 0.471919050213981
-0.911813063013782 -0.268100574218074 1.12575019406401
0.29490740411434 -0.869067404005558 0.559653181373442
1.63350013486796 -0.260681275977977 -0.364157586548726
0.982090626227412 0.7637667159928 -1.10162641489225
-0.559808603281127 1.05503052372934 -0.80418661227238
-0.758267801416514 0.401261650097564 0.502556354462304
-0.316819029386347 -0.514210618288735 1.0808783315618
0.509645942711997 -1.18977924904057 0.673920510849893
1.13822399515413 0.0177821703040773 -0.68213765099812
0.400428133395795 0.338049411284177 -1.16308694404293
-0.497054509806326 1.3146546424468 -0.776675371467719
-1.03061666180078 0.203662698004103 0.969260199811018
-0.874272706491248 -0.517417214825134 1.39089846966646
0.288839553593596 -1.15478268765487 0.209180324729495
0.939417606841026 -1.14969938984642 -0.408145814138728
0.598155192679106 -0.304783049896818 -1.31207107047029
-0.903073455435938 0.758515387070208 -0.9711992857316
-0.7266985868767 0.3207649730678 0.508485788853628
-1.25503052457511 -0.815594281202946 1.1541014583798
0.0222719883324697 -0.596307139787869 0.368448676677553
1.14670614764528 -0.632457430395121 -0.754994289739672
0.0506192218255229 0.288211528134531 -0.988820055475442
-0.394476457689697 0.969131233364927 -0.693925099757144
-0.998122595845798 0.275147383320653 0.55529538311492
-0.840586080499834 -0.10031685930058 1.03024741713248
0.165289948833227 -1.10271665708421 0.999886362085778
1.47361422643052 -0.709335272765612 -0.337670048212076
0.705491705594224 0.383249092625452 -0.994719139744339
-0.250112134814568 1.08680285696748 -0.451995438074182
-0.976651904278929 0.631914495232545 0.85642435386218
-0.664707368181552 -0.544165090669052 0.865772598337709
1.00811865241915 -0.741439015264684 0.832284682252131
0.982375264316066 -0.887395830457203 -0.101665311369989
0.598936904644016 0.614925342196735 -0.726017400426661
-0.775322290952237 1.27120837059668 -0.83739184327218
-0.973528096048878 0.595011416576635 0.822071308999049
-0.460649398783487 -0.439187436228599 1.63348791506013
0.730456988603329 -1.02768406927237 0.612984923115479
1.22363150228715 -0.963791067143985 -0.579917604758431
0.75957630814505 0.612051608623799 -1.34384115876399
-0.30887946345988 1.63061593557729 -0.760479414303486
-1.41176220808706 0.752570994589762 0.200303146883005
-0.667407105958906 -0.164510358882392 1.58249303698346
0.682931522743535 -1.50733484218763 0.86573677135201
1.34382447660454 -0.976648686276671 -0.508476115048699
1.17560325431071 0.0777666893565924 -1.59821376109436
-0.937592368981328 1.76326270153168 -1.3265895999041
-1.43830975661487 0.784317443119941 0.145966475716864
-1.46804548201898 -0.710374850723968 1.88837299833098
-0.100442142036662 -1.52598945976971 1.29831441010298
1.16100645064432 -1.17575354708136 0.169320111479687
1.38860951396974 -0.345677339987151 -1.39236918720712
-0.47324867667504 1.22687732197938 -1.49541143942787
-1.63515218916316 1.81883855913615 -0.339300332887621
-2.19266635669535 -0.202946671544472 1.60962803098972
-0.494672479057799 -1.65253695522394 1.81074879061972
0.962585592793986 -1.98495394700807 0.40870281219042
1.8868517627934 -1.06658608230905 -1.37467482038555
0.316191674879534 0.578785011643622 -1.74663514435111
-1.47645978421994 1.67655534287703 -1.05934302815815
-2.19470572840491 0.766605061239239 0.436266045246569
-1.144302084952 -1.23315749985073 1.70317969897754
0.0518708068419367 -1.88491025335013 0.752398307528327
1.43421063019784 -1.69038794950854 -0.552145900080975
1.49554174878961 -0.246436896179503 -1.55964565823971
-0.725712617777965 1.90884302649858 -1.86535517190011
-2.2122992688287 1.53837839740935 -0.445121369050358
-1.7096054152337 -0.15142839309242 1.48815565214476
-0.75819689978566 -1.94117350297089 2.00369695071195
1.22066407987888 -2.05336733154263 0.159995399768832
1.81341314927502 -1.20878357666473 -1.4822318884034
1.09871495078206 0.752843911576031 -1.92486635547633
-0.86190701354829 2.05652133818396 -1.52894871308869
