0.162659286311953 1.70831106991106 -1.27453807995813 -1.5840911480882
-0.26000743286972 1.62687600639571 -0.97235272732907 -1.3744687199969
-0.389807463921698 1.21143099583135 -1.25039453641043 -0.481952671698024
-0.595696652069496 0.840878428139514 -0.766356569552567 -0.215865072828554
-0.363633262517893 0.473700959007986 -0.360478579850804 -0.0375511100961843
-0.0296328624152839 0.273162925787391 -0.0112662428190699 -0.10877535801876
0.273464908475202 -0.0689978335314062 0.0296124315426456 0.315183962934929
0.00231403135523272 -0.00516174748746189 0.0194227215399681 -0.219771532623846
-0.148126406043159 -0.081923811074078 -0.0736773607637516 -0.191959781680575
0.000604987717545234 -0.240499834765336 -0.0965695586984094 0.0638904032554806
0.190616666031562 -0.0217192174809177 -0.0760064122808747 0.219345524382367
0.23235551779999 0.0148003562672855 -0.237839387008105 -0.104100798764776
0.131163439883657 0.133328111689598 -0.125216371903154 -0.0451844449655098
0.252251614259959 0.0737211672668354 -0.17483267123811 -0.414131843107567
-0.0176679611046871 0.157683441129624 0.0398280100352228 -0.479900109388745
-0.274777961172763 0.2773347245765 -0.0466000572496859 -0.534556710536299
-0.289022053434025 0.131957942955296 0.280158654082159 -0.0295727543064358
-0.527712551909587 -0.193881088928973 0.178336561882154 0.176621333235935
-0.6071956820481 -0.274694029120088 0.739098738637531 0.565720463331033
-0.959695176705732 -0.6325233875142 1.13148243920841 0.799064669964153
-1.08720689318749 -0.984284651361744 1.36793420626288 0.700029099002046
-0.875260670038762 -0.758797522999787 1.233402782487 1.00178440940741
-0.53853307066675 -1.13356632637235 1.46805925340963 1.34398289514949
-0.668655373547117 -1.30189624440883 1.18861940944298 1.2794096326432
0.0199862470783316 -1.40997466083735 0.951230364604676 1.3421949114737
1.14176248383808 -1.23809885934323 0.335801453117045 1.05442819388041
1.82610898091031 -0.853724689581195 -0.360702009611581 0.164533280138823
2.26497198247251 -0.217177647086801 -1.13665718513665 -0.858262366428395
1.80023700374662 0.558825085015144 -1.08106851446414 -1.26028277323623
0.924020778228311 1.19159146191822 -1.13673461507615 -1.41999826695243
-0.0162495088285666 1.18341138829561 -1.09270659455538 -1.23495287325808
0.124746346243478 1.42440352300054 -0.883795543259464 -1.03025471400869
-0.188080209128946 1.06064239350025 -0.717276217426134 -0.726246178182491
-0.502644982363001 1.02947453035548 -0.59323750289166 0.0211187731188734
-0.108424880283288 0.518400477443351 -0.0616971511420598 -0.201594758593556
-0.530780643959756 0.117166388012411 0.469113800168473 0.309003015644056
-1.03557270677447 -0.189206770709566 1.26734055513007 0.557126964599171
-1.42697962837394 -0.742516583362866 1.79996539440013 1.09487851487457
-1.48747779621882 -1.03797056830676 2.16950468677596 1.62289418684596
-1.90139892343697 -1.57160241426397 2.3726538147283 1.8935432010842
-1.69526070401446 -1.81186138511088 2.718395308969 2.09183429972979
-1.40743980794277 -2.29005219062032 2.32406006294424 2.57884956787799
-1.18675287529664 -2.09645958648778 1.96938120117977 2.47234066317512
0.207839093162149 -2.23585217873981 1.17472527618939 1.85335319801542
1.69781642062329 -2.3046839670309 -0.0216692708091372 1.33652839243886
3.55033163448971 -1.69562337261928 -0.874197477723415 -0.587214682443727
3.64170994395573 -0.486562703091213 -1.32188539740372 -1.56069733484691
2.09042642708346 0.954192198453998 -1.30594762253246 -2.00948495773957
0.882883092213974 1.83937135959888 -1.0895190582819 -2.35151473655296
-0.128131387503079 1.93650435724002 -0.84155622886196 -1.60780960939737
-0.632541985317284 1.80672942974269 -1.20224569812439 -1.05696902561145
-0.862622671196259 1.24283752317765 -0.848155870763918 -0.665797036724203
-0.469609656008047 0.925930683931237 -0.996929088593154 -0.162948332923419
-0.155217297782045 0.586649806410804 -1.00290028255911 0.0452508916815074
0.2665566470393 0.381526306797135 -0.972209709626332 -0.239060726788582
0.347515897584665 0.481727122053611 -0.59191215384405 -0.268050669304359
0.342355068548763 0.298153946568409 -0.524135776300486 -0.188967427780027
0.319713472105339 0.416507779825828 -0.243914202694135 -0.743750522007395
0.173571601472446 0.274832119752449 -0.456947117900072 -0.539150156472182
-0.0853557552349489 0.1257420377165 -0.34939288280206 -0.359587228541734
-0.204873170710054 0.415982148875523 -0.376731127845552 -0.151851690974186
0.105629279324426 0.176555020830004 -0.100739131785923 -0.281930185027512
-0.149914455170597 0.252016910785951 0.167137450164175 -0.359105091252999
-0.63049713606291 0.170915358413159 0.349169824970947 -0.0949800257480728
-0.382845207519388 -0.0180502708186243 0.326159748465993 -0.0606599416396529
-1.02880599377706 -0.186114679624577 1.02548332117668 0.897887439771452
-0.942030800695824 -0.612552646576506 1.37559023401791 0.846458448124761
-0.952575816435 -0.764635330334881 1.56689325199472 1.17082179281677
-1.34917008835276 -1.26549909841115 1.72023674431766 1.1205682578076
-0.96309876939867 -1.34779644401288 1.24148547839841 1.58568374859743
-0.254662376376361 -1.53146070662671 1.21212062157677 1.68776134998523
0.270053214881975 -1.30665776501934 0.578657523496464 0.998620867044158
0.937906330103744 -1.218297703692 -0.0266863129512389 0.539012736444804
2.30427177339211 -0.567895430271902 -0.991599507556824 -0.267035832009066
2.181649308397 0.166455557771365 -1.11003477762856 -1.39414254019559
1.16217781787157 0.929762143584877 -1.35701462120249 -1.48555003532712
0.711072382468268 1.48693342735529 -1.25705031562054 -1.46859009650933
-0.17249114988227 1.37822340292169 -1.10741804054063 -1.347931078625
-0.669802937075287 1.28789778727637 -1.23476582147708 -0.893349945387757
-0.692188817704039 0.856175757403388 -0.857329065239086 -0.670219961274823
-0.314861669462269 0.760005640065383 -0.463221070613578 -0.150784907570332
-0.300364916907039 0.368707598268408 -0.347326480472799 -0.0583118253177674
-0.672757096064457 0.289405520037016 0.202258767352661 0.593066033925272
-0.678975840066114 -0.133745302872113 0.630769622515432 0.46734640147036
-0.693435966160182 -0.451202615924004 0.899390654898829 0.555161081900756
-0.779160093652893 -0.717326176524499 1.11519913154175 0.95634614922308
-0.375286452241152 -0.729875209336036 1.09734810840781 0.825928269921602
-0.24479616737983 -0.973747798530645 0.830982036652597 0.653193537850456
0.321711988300432 -1.13460383379468 0.58001090971343 0.657602692295489
0.469827353875865 -0.665610774044814 -0.0515948707461879 0.538909671114263
0.958495374825583 -0.379196890143403 -0.641221113589253 -0.17975478560578
1.13329686293691 -0.067076315846164 -0.734686828479084 -0.615620595448727
1.21627989734364 0.556723824419219 -0.664757265336816 -1.01722454595432
0.810695672269677 1.0411608051321 -0.994013296739687 -1.06970199174947
0.375250688487588 1.18307872514107 -1.05979145840651 -1.20436095400114
-0.279324912400737 1.1148965681725 -0.788242108363967 -0.731849564977886
-0.292535288679397 0.783093093910962 -0.595707734546183 -0.553026775192843
-0.296380533192841 0.852924917140308 -0.816148918383351 -0.324485343144793
-0.581325403005236 0.530738150094437 0.122416884517684 0.126097405655407
-0.470967565422419 0.0711998592746138 0.480164154053471 0.151567814994885
