0.466028377532906 0.518261047118106 -0.665282407404808
-0.214714136782126 1.4111655948996 -0.611230408073532
-0.886032170542644 0.742662932893104 0.235394220528149
-0.455063809045247 -0.148636690852684 0.962020747402619
0.448023115778486 -0.726167111336158 0.85346436180161
1.06285753776724 -0.226113800234491 -0.229971104972523
0.871886991205776 0.426807264087809 -0.570531479243418
-0.358166549974807 1.04188540126202 -0.368897711340751
-0.666853875675689 0.0921829739098003 0.757104665304481
-0.0566022952111637 -0.360411631354873 1.22265723619705
0.733439163358999 -0.69779945756287 0.493838224713726
1.09932142815606 -0.514370163022532 -0.468307257651511
1.07639969926134 0.458557117274587 -1.0909588753039
-0.566775683821272 0.914854630129179 -0.713983861222938
-1.27077527558494 0.792480673455961 0.65291141119093
-0.65825351376548 -0.372606309138706 1.31437009782686
0.400037887673736 -0.473406134236409 0.710195017661443
0.933437898748004 -0.431852345391278 -0.496445350763119
0.341217896717063 0.126493957208812 -0.915276922651549
-0.568720370128833 0.712833743168892 -0.92676283186275
-1.24151185322607 0.735978767858029 0.206002144581548
-0.736722318122136 -0.794141258330587 1.01439544768329
0.195115181103472 -1.43446197834388 0.811157155834552
1.20851466199322 -0.381791118136814 -0.249059095320113
0.621160485294782 0.241856209091111 -0.87058112764793
-0.373197599248534 0.808659006860386 -0.654200972458481
-1.08150117699546 0.630675849915578 0.269875508023303
-0.71721230635079 -0.475750020267501 1.18186522372167
0.369746751245964 -0.951246425045339 0.578717209886472
1.08151071407519 -0.970486288224369 -0.29475814780919
0.857157059687984 0.171523664871957 -0.717551779800472
-0.358775284643118 1.45891332475979 -0.544202852992725
-0.8014181529039 0.226296808097077 0.473557840126742
-0.489566325301224 -0.28286876444144 1.41581609353406
0.306023238301245 -0.849015152296753 0.566517514302538
1.12691146985093 -0.628542527197233 -0.386194850823521
0.428325845127788 0.381671784010608 -0.670930594098894
-0.576729911644322 1.35441049143224 -0.204996626225866
-0.868676108099364 0.578329585668917 0.315179517040749
-0.456413421106672 -0.721622760070396 1.186420259502
0.414946183857384 -1.24387373294446 0.732748439106547
1.03213907905516 -0.487339415049004 -0.14341417724532
0.640911263435881 0.557679722778375 -1.06755531572542
-0.350386214006336 1.28446405742562 -0.487916529073125
-0.960086216557733 0.812754277625898 0.209226392803247
-0.310441387250259 -0.602429328757478 1.25909716799964
0.505134051421703 -1.19492486117838 1.01637859375155
1.40989149640809 -1.12248263148807 -0.502233526050586
1.15579761834826 0.406233536169728 -1.71320088889559
-0.736045411602871 1.51608070882488 -1.0241802715997
-1.40201441391113 0.883224972635486 0.363323578469714
-1.44970296202367 -0.442718774933061 1.47894947065801
-0.295596016340299 -1.66251315493183 1.33192543458482
1.52063732372723 -1.26555607241769 -0.3929849555703
1.23876063770062 -0.0777899130193734 -1.21025981277267
-0.127297989307179 1.71794773030082 -1.45488279489774
-1.31248667307779 1.51616911113436 0.0687130347700879
-1.66724596619355 -0.148382507336187 1.75936814417494
-0.691630974527185 -1.256097710883 1.61560473966999
1.20585635419381 -1.98613840282647 0.421470584450636
1.77739176757635 -1.12956107424068 -1.55311414526125
0.560064176910909 0.651288227166407 -1.77358763473249
-1.25500749327095 1.27996393299661 -1.22719133575239
-1.77555421371159 1.05759353827866 0.462362837117087
-1.15436295204756 -0.89111548970946 1.57829575340406
0.163698666358129 -1.75737519963109 1.04438999685654
1.85712420638702 -1.36884457285891 -0.558100780865645
1.39381670107544 0.16124096675347 -1.95437643539133
-0.650085569977383 1.73198331464037 -1.3952429970046
-1.87018709171284 1.54772827551975 -0.150704656821834
-1.6381184484054 -0.162204049775993 1.76207020657448
-0.80714574974552 -1.50464669212534 1.42964385377456
1.28990973753851 -1.68339492890404 -0.0760961750122104
1.67807109309547 -0.932785617128102 -1.5295635379821
0.438254329457589 0.612347632306799 -1.6654841553478
-0.9208859561469 1.67237555892542 -1.30758433379257
-2.00885999044015 1.40663796753286 0.109393336923722
-1.50879289020363 -0.758297318649493 1.77975895557656
0.31129702602413 -1.7742714096801 0.744149504016918
1.46994038925813 -1.50564109725511 -0.607063390476991
1.17420756656823 -0.0146323714297465 -1.31290586334696
-0.176265628120114 1.49310374994423 -1.18090987657135
-1.05530636963598 1.02038263781205 0.0040744759257238
-1.26535622156518 -0.0812128767800851 1.42509808241953
-0.318785899241393 -1.09011518043123 1.29616617327304
1.51039178372324 -0.689699182127598 0.109383639258495
0.986886051184212 -0.133914811896318 -1.00351043504571
-0.370361181358183 1.17302538095192 -1.07007859958996
-1.05027822820275 0.905873689243603 0.0609373597732051
-1.08430390204651 0.1432584012727 1.36398482218818
0.15923073673532 -1.13554274314173 1.47974745236102
1.32154673328732 -1.05594240187151 -0.099390134912532
1.50243776566115 0.146795248580316 -1.19369452289571
0.0441655838830786 1.61322839587681 -0.994523296422683
-0.862288483600885 1.33987620405413 -0.0523985324609517
-0.705305846284435 -0.0691001645517998 1.23183759695279
0.171762811339863 -1.00106299364831 1.29626410437587
1.20878535732739 -0.700166842919466 -0.0882410900603132
1.5217621587303 0.00834486535945866 -1.22300830937806
-0.108065574460986 1.88496052792114 -0.992300859450906
