1.32521175509989 -0.748590706966488 -0.950314009580362
0.329168906036221 0.438053390093464 -1.42218068950215
-1.01276089429034 1.02949781316878 -0.973211802946822
-1.39430164406241 0.652574909699605 0.203549454373403
-1.41393418007784 -0.839027646466403 1.07082645358051
-0.392268758749972 -1.21247817164546 0.590883420775667
0.997908869658298 -1.38163617799817 -0.613105747823932
0.645431858848654 -0.340185269114898 -1.30938400917885
-0.34870021849365 1.23136374993238 -1.03143042027574
-1.2580669520363 1.23020877849022 -0.352820357775524
-1.36353985116302 -0.013278271457216 1.01823842663605
-0.787434111741101 -1.03075721963317 1.43135170897358
0.770677893775528 -1.46901762698556 0.0396977546363203
1.36529146151103 -1.00757978177789 -0.878770819385983
0.234004561486417 0.357477665838638 -1.48161720506394
-0.7421613616382 1.36300675942947 -1.00001536297778
-1.37629132490922 0.485932610256537 0.0119989738404483
-0.810948973270231 -0.710411497845719 1.11872112458873
0.150932417594861 -1.48260906365114 0.833193840585114
1.20334958568931 -1.35573026041879 -0.198189886083939
0.981182644508443 0.222960698692907 -1.25504901615232
-0.419610469503886 0.989222366415851 -1.05761539184682
-0.933105722240459 0.832244152928125 0.0219345241918682
-0.960869632606112 -0.371483903357735 0.817585056951201
0.106156965781225 -0.883012223973352 0.941594908218471
1.01359158045625 -1.02749831285033 -0.209673535251073
0.835486263130904 -0.051579867203257 -0.945444432639901
-0.209136589842422 0.753156092699058 -1.22841768803372
-1.30608504908628 0.674930052428892 0.0891053723802745
-0.824705867938256 0.0514676709098139 0.801031239013686
-0.0511156954199223 -0.98256202269532 1.02081100515046
1.04919678831743 -0.835505985368214 -0.124292209731598
0.895218602096809 -0.009987572675888 -0.717529781629717
-0.278408247049673 0.942224194913905 -0.973208797094869
-0.977095483020734 1.22486395866669 0.0101628982460155
-0.708273955915024 -0.558350900115827 0.968538734721634
-0.0994398983039138 -1.12141883635334 0.739236628711322
1.02119985956924 -1.07005788796856 -0.311908452572448
1.22384542177706 -0.177032811023081 -1.22383809275618
-0.611189564000902 1.01089457013967 -0.8040534880139
-1.04762970655607 1.13167513766529 0.323973386706684
-1.07940687099371 -0.323545352851221 1.08644246006049
0.558932233988039 -0.975470185610515 1.06423479197172
1.37135128072458 -0.709687049771515 -0.15998870904575
0.648179037789853 0.481532910676726 -1.00235961448148
-0.488421589781865 1.44546772524833 -0.29371347688161
-0.879772832158976 0.465408564729845 1.22270269562032
-0.201211622808112 -0.854812785327929 1.34006127430436
1.51462762421075 -1.26880038208019 0.359226715573792
1.39134559526943 0.251141075693013 -0.952179334201998
-0.0372137113579829 1.64612867710053 -0.941535168052853
-1.02921458968489 1.28293089414521 0.256765090444046
-0.838906756215139 -0.333680136591385 1.96469625386746
0.82253726020318 -0.929244813271253 1.10299045279297
2.26453462225881 -1.26402707564634 -0.499047081674579
1.08059493579818 0.452876646048561 -1.35654198593616
-0.47284887809639 1.91507117510654 -0.881987365566059
-1.29530535227684 0.894126598278565 0.979424271325707
-0.847003808408268 -0.620210980394829 2.0396640835047
0.892728526947273 -1.49532305651691 1.01387631727097
1.86923212075937 -0.564706835268255 -0.807152147498823
0.654142958327614 1.15369031028066 -1.48152003172244
-0.976551815086735 1.76555599828224 -0.638964040581245
-1.53617813965612 0.333999401887638 1.14264472864822
-0.465874734164574 -1.3281277821806 1.61684566345294
0.881704498658125 -1.51130589508146 0.21993780012268
1.50440905791247 -0.6970058136465 -1.18006709978365
0.154878397156967 0.757685759947609 -1.72517437434699
-1.01579953952601 1.63383105451186 -0.781426560997161
-1.46855812076747 0.650941322349321 0.71084617461587
-0.823190072329076 -0.695076669918418 1.67348187968574
0.592135403388536 -1.39171163348849 1.05410860320094
1.67251559991733 -1.07404934890129 -0.792928415909149
1.01744040899024 0.456625416280639 -1.28648360312985
-0.630356909501071 1.7323153087539 -0.881731684210807
-1.32580061184858 1.09894533751392 0.499306750592983
-1.0670363342344 -0.5303709342227 1.64470222645933
0.650278661258088 -1.30057024562778 1.02824540449175
1.66284519546032 -0.669504264903777 -0.753910111594898
0.653258545305053 0.603776307879554 -1.09800067305422
-0.687812310715571 1.81780336908406 -0.34137991482256
-0.974374600162174 0.569091250010324 1.0396427744519
-0.386499822772492 -0.914847984188048 1.84294417132449
1.15390601065639 -1.05396655595777 0.258174567430434
1.23975692719996 -0.295965608791121 -0.951355901371859
0.134250427461497 1.16323747230969 -1.11789667686903
-0.582092946786596 1.49058075169691 -0.310985227235496
-0.990159803719093 0.186684051731451 1.29223286308258
-0.227028256893678 -1.19454184922352 1.26082360405504
1.1715642263954 -1.03297520535712 -0.159316408985
1.33292160488832 -0.14202794539798 -1.00274127742266
0.176136591461395 1.40948021765045 -0.847521575671218
-1.13959314233476 1.15131910786231 -0.214578446484329
-1.25607102213016 -0.0277692787709566 1.13305261179905
-0.0485348380128037 -1.00152160776462 1.2032363938287
1.60451956434292 -0.894657992252228 -0.00909920710881744
1.22145640023279 -0.0210677999352208 -1.13698842319458
0.0450536859149384 1.37213845077596 -0.903870829569939
-1.26859687567221 1.14999417811493 -0.108059150602752
-0.718602778203645 -0.157768819834276 1.57783017806492
