-0.291899035439613 -1.06715159478955
0.477475327844906 -1.21044361166662
1.57682089914234 -0.516178619543076
1.64497930033122 0.532320374737706
0.380548356702693 1.63543135685673
-0.725691066250681 1.06227252694294
-0.993086008299111 0.409782068153757
-1.09169993673622 -0.271853410434197
-0.950836099153593 -0.783531503639126
-0.286048034449087 -1.0181557576844
0.327148424992748 -1.32508797711476
1.21571577690981 -0.842667253541903
1.65889887787859 0.125786615073348
0.810311005724924 1.45069785553945
-0.380338671696482 1.73192391336169
-1.0355523935236 0.781694359703333
-1.06790217627724 0.0518489018810911
-1.13149659165298 -0.630803400194615
-0.734980315052632 -1.19874691636478
-0.265908117886664 -1.1106104193401
0.773967357526935 -1.03080532101937
1.78727793748531 -0.390642239597234
1.35588063198599 1.12100268980374
-0.17986201592686 1.71968672527377
-0.841747197604759 1.22056081971745
-1.02649066895065 0.235928263235942
-1.0682220113101 -0.519043538211041
-1.15138618558409 -1.15713940770423
-0.182855024572528 -1.17042034123834
0.288220429193743 -1.220332818207
1.50908522661233 -0.875486093575441
1.88020856754919 0.588865628011303
0.294416087332544 1.73257980341426
-0.65288463000144 1.41910796081271
-1.07486149947239 0.32363840107683
-1.19672867847605 -0.416780517360296
-0.847939038910492 -0.849670448605268
-0.471134227903668 -0.943034584455867
0.0994806504212454 -1.14970019543402
1.25571617577633 -0.950001217519276
1.82210285536045 0.144318475422276
0.802078057683254 1.51573901144755
-0.447219256115955 1.43759953807112
-0.937239225127611 0.950521316341085
-1.06699429735296 0.0358781568477193
-0.99059480797974 -0.743475156186247
-0.583381935130255 -0.854395173407506
-0.131294449523549 -1.02679484068586
0.75913199773272 -0.897842616719501
1.74424754310469 -0.280895578783713
1.43857769047401 0.880504906945592
0.153871334880864 1.56148944049978
-0.790978325131179 1.41525753435665
-0.835439717075003 0.378030535623746
-0.971852208901657 -0.330339974462834
-0.770587704344066 -0.719871417987754
-0.523744100850386 -1.04406936825507
0.317984801518041 -1.01718352470076
1.2201936331369 -0.624510562200577
1.75364115261046 0.217823787735855
0.605185731667392 1.50519057392071
-0.4140464785493 1.46941558260391
-0.945839855913258 0.722561428321868
-1.09205201090755 -0.0083293262331919
-0.884426922631113 -0.624189966472155
-0.557111079711869 -0.95929246108994
-0.0950874136703251 -1.18251492169884
0.887941250874605 -0.874962183677348
1.70527102602747 -0.271212117725805
1.12491515456958 0.924599131586684
-0.246920173881134 1.54923068292608
-0.846028751721884 1.16142459889868
-1.04547656903915 0.48709793819601
-1.11397572596013 -0.525886430207218
-0.764186870894655 -0.77021920899865
-0.34691525877511 -1.08813103069822
0.441837968429005 -1.13159218092754
1.56991603380362 -0.508894452512588
1.62665372137027 0.571509572709208
0.300626518875742 1.55613950222131
-0.80319680575642 1.27978853498233
-0.982421201684714 0.664599849831785
-0.936683847808006 -0.347606623206749
-0.83773700056332 -0.75804541390272
-0.602534999890301 -1.10467281086973
0.179734311934809 -1.10429606115748
1.1934117475844 -0.807771521542697
1.86950098960614 0.00996126843984586
0.806113814708419 1.57023504235851
-0.420647425532195 1.50084179886419
-1.04090541082938 0.909643477223595
-1.21400325691828 -0.109362103163002
-1.06429647006829 -0.683194427241181
-0.578826632405953 -0.812263225554237
-0.155794073243924 -1.0302630427775
0.813555941107506 -1.11274437080273
1.76794902953075 -0.394883435588569
1.39346026762422 0.793211991463143
0.0156655875970016 1.83436122446489
-0.961729306203606 1.20788955077825
