0.46566500607305 1.31943386838863 -0.695689350860957 -1.1910431913572
-0.247008448107995 0.936327848550228 -1.04633253522247 -0.712537765491363
-0.23009332419121 1.13656541727665 -0.771900364015093 -0.556620751233464
-0.141623977675104 0.976391254483899 -0.270602653241644 -0.567304526163361
-0.446358351517783 0.708049121596193 -0.213661442175233 -0.300669844385995
-0.169113887851557 0.0510500124194302 0.518953134541117 -0.104837416761195
-0.459614354349832 -0.0789463384832486 0.540728942959858 0.286606093044807
-0.818943017261041 -0.376229091829798 0.970936289072386 0.400104564330467
-0.674853985241153 -0.447320021131627 1.02798264943923 0.543458685824749
-0.858829010498233 -0.963902566628712 0.670321541757499 0.86066528482448
-0.562846678360851 -1.03718361167238 0.538411519828804 0.991214507531313
-0.199318420225764 -0.96010116478934 0.312684341998194 0.88898186931011
0.863547927698812 -0.835940700982609 -0.00219044744264383 0.360073915839091
1.5099929184343 -0.535835316379814 -0.444434205412054 -0.0162652419307155
1.60530525280668 -0.0486890760664548 -0.864446727982776 -0.786791182253293
1.57289065804495 0.547523930081302 -1.01306654016418 -0.971171027002962
0.945780909936304 0.958244065992618 -1.10355212368105 -1.10340491307512
0.543984236147463 1.34802082546758 -0.998236669147736 -1.50060471392103
0.0643189295609625 1.39849616713695 -0.95636352125967 -1.18490385772326
-0.44708875514554 1.12887375287342 -0.724758835728264 -0.680267751560397
-0.252089677206392 0.798288267911951 -0.347214422538185 0.0370610918355428
-0.698090811645401 0.366899982435647 0.136440561505195 0.120745546916603
-0.908552906456657 0.110441184371079 0.716172495838018 0.398645138020913
-1.26502215997656 -0.437384844802519 1.24003303730113 0.53279843633465
-1.03534642732217 -0.998627280930794 1.58215462025284 1.09952088804582
-1.19995858177992 -1.1782437124904 1.66310887952684 1.3570631663517
-0.951936445504268 -1.45486000619402 1.98259788659364 1.55997611255009
-1.13493480450128 -1.70615513502727 1.80086160851154 1.93608982190977
-0.488841950922267 -1.69520813488273 1.33911661351215 1.87296747189897
0.0297611428129561 -1.73805465903638 0.866647541450947 1.80815459095239
1.73778992164472 -1.72451146476791 -0.388136883612487 0.872324206305617
3.1452019785225 -1.07160752373197 -0.981261308369899 -0.018844403959948
3.06683245407452 -0.231496198753831 -0.841267748159368 -1.67633789118284
2.18282891223183 0.714519541372772 -1.10924945661407 -1.93953308555262
0.588757281615562 1.75708684150781 -1.32442784574059 -1.98932835484057
-0.0441501975070139 1.96158723588051 -1.2416599439799 -1.87688662818527
-0.219712033410674 1.71664203717033 -1.19740116720081 -1.53116613172697
-0.792695360411601 1.51944989228116 -1.03089390306569 -0.834020125512081
-0.503410371728544 0.863161941168665 -0.847678631544952 -0.0603252014382073
-0.127979823409205 0.580065590084232 -0.691379440480096 0.0622298196664527
-0.183085167632033 0.342560014090057 -0.62825172875081 0.0226335744331505
0.246084828705617 0.232802832728136 -0.313372418306807 0.0655806049549673
0.00479998649411674 0.389455364616914 -0.335407276093035 -0.271597633009425
0.177431856623883 0.276606402651653 -0.172582342324709 -0.374148987223806
-0.00262961240465116 0.29857801190534 -0.385790167300871 -0.245338126208085
-0.278594171114944 0.0461494782525378 0.485297123508729 -0.0639602810445561
-0.50255709681605 -0.0427206860365285 0.324345100728927 0.447051563007478
-0.533286622476286 0.0988485813669958 0.766199839868784 0.310966258150115
-1.02394213702497 -0.363363901987268 0.819017559176913 0.412538324795761
-0.590715144946969 -0.611036585362702 1.19096469397981 1.00136631986069
-0.913314949350648 -1.02727917238464 1.06803694365267 0.952450569007224
-0.734207407162572 -1.21379780965406 1.25595210605089 1.18958708419709
-0.238413290859684 -1.21278584941929 0.833260723270642 1.15301622499325
0.215803861892003 -1.10959601522904 0.355766055621825 0.903110629583549
1.27744751668516 -0.88206295340346 -0.384818527376057 0.211531090272219
1.74352676808184 -0.482784653322623 -0.73799129466391 -0.426969927856978
1.64731732399023 0.363519247684243 -1.11228593438917 -1.02180449839002
1.19141263898194 0.638177978079754 -1.27301697259915 -1.50611173304768
0.614330509797579 1.35275403798561 -1.11045864098281 -1.31474093482524
-0.304201256147816 1.29990778108524 -1.17275491232423 -1.43421084436523
0.194766568723522 1.24568758878089 -0.991756549554727 -0.822416178162012
-0.525515929612894 1.1617153393537 -0.520304776818274 -0.676112349493362
-0.762362487377235 0.606174051933681 -0.0277703647042884 -0.213947689454137
-0.857444748999858 0.174484066903552 0.532699362818304 0.205566619916668
-1.13726438960487 -0.368314637179942 0.771383633982283 0.704604426869934
-0.938391855575004 -0.44604333756815 1.68346723298258 0.917272896439089
-0.953970043812962 -1.070927774477 1.66308801143373 1.21620436499699
-1.34444719565368 -1.44652769071435 1.93506224865125 1.37946341374235
-1.19218928952562 -1.55986844094248 1.82409149783787 1.79919426555362
-0.915250846203188 -1.60742186217544 1.79918542223758 1.73278049840722
-0.48748323347446 -1.77114425613437 0.77995114929741 1.61554856223159
0.31208594381036 -1.61852428118283 0.304980402923952 1.00357093025849
1.93226863768982 -1.21532760106627 -0.401044794916606 0.318064970484413
2.8468648617679 -0.521036365414333 -1.07374537554403 -1.00747166577068
2.36057807617973 0.563256394087734 -1.11402845185093 -1.83986195834243
1.60164397182337 1.28709091096101 -1.11885783452209 -1.81203800670236
0.218656565495022 1.68069262240274 -1.15092960564648 -1.64950018916865
-0.0208452592610658 1.62881894334564 -1.30999540706411 -1.64908211885142
-0.225633851027161 1.24373432958677 -0.90932896787909 -0.726041614643238
-0.123316386390428 1.07520635455395 -1.25365807147756 -0.128434820292099
0.106084770865449 0.772948199876796 -0.866801192091634 -0.14053872113745
0.00394676003969997 0.525430234329264 -1.14087536761028 0.00737167834808043
0.189337644626918 0.397687492875484 -0.953247835323184 -0.239910869730416
0.350767517909466 0.421450174025667 -0.773335379060876 -0.119040871710009
0.195528435045691 0.491459172340463 -0.627950245597452 -0.344937841108492
0.540427839048425 0.631931137890811 -0.693538840788841 -0.201082037522613
0.449983746418318 0.645685952590896 -0.782372977180374 -0.307129844505628
0.272803240453132 0.651969228124159 -0.378006765948265 -0.361525469559517
0.0681377368103026 0.146095132864085 -0.231556624647035 -0.0944740430228114
0.0184586672117231 0.190783053396503 -0.328334647618367 -0.438778767032275
-0.185709577788917 0.288671176600181 -0.291991593058889 -0.0652714246049492
0.122240347328696 0.0334614639545187 -0.0525999817472634 -0.472572610056337
-0.723611382238535 -0.0125875089332887 0.261524100376193 -0.31053996189648
-0.597695043416346 0.00951268634265288 0.405466712244568 -0.0518428500249983
-0.706719885122341 -0.291168305433274 1.12598445935316 0.569202373582697
-1.21097527458284 -0.668358321837864 1.15784469699094 0.597029137979693
-0.951666531716173 -0.862520841976665 1.27725723287548 1.04073546957997
-1.31748177993949 -1.29055044227915 1.92175113191982 0.992625159278192
-1.11359738247633 -1.30489950281009 1.56992353688352 1.48371058873819
-0.750461160160475 -1.58947857051182 1.70491539064482 1.69284006286498
