0.486855368896518 0.503961192173405 -0.895533680533955 -0.197826362104858
0.524546694126741 0.476995526222364 -0.8214183197769 -0.659148522465491
0.554674273666807 0.742799658436166 -0.561491901906908 -0.314404077033691
0.638059442059076 0.738428070054072 -0.844764146844486 -0.575778866617789
0.199974463859359 0.787668755798724 -0.763135250634461 -0.625501740722109
0.0184137078674189 0.647210134065033 -0.474601218634354 -0.29421239798561
-0.0161944717682576 0.632121669930537 -0.207495111695447 -0.475360335475152
-0.443635401064676 0.423670673056626 -0.213047937818453 0.138087417744593
-0.699314559524701 0.0640108708701955 0.0118599185886142 0.00511610367851308
-0.473219710485567 -0.174871725919994 0.577708133874721 0.398838081531189
-0.388185476877523 -0.480076459102942 1.09609373586011 0.366335580935139
-0.834730437210388 -0.693841219633358 1.2827266215107 1.01624874987076
-0.942446441854855 -1.1139904803323 1.14158251192262 1.0306853194248
-0.825976736952954 -1.09394316962568 1.24900893707691 0.975277452910483
-0.334213988107942 -1.30154984307949 0.981719191647696 1.09053584160026
0.195831191810737 -1.19461812797511 0.288509126800337 0.961718800582363
0.974293180778125 -0.895594359782664 -0.29347940463244 0.19143311919032
1.88862985152757 -0.446440436705509 -0.693388276155288 -0.220187780262651
1.93841699054204 0.47629042541019 -0.98852635567044 -1.31563998643956
0.979381758235351 0.910743421302611 -0.761328306670508 -1.41992817469199
0.385951121969124 1.46370845312379 -1.03378983754164 -1.63253858588435
-0.285352915538229 1.34564725389382 -0.856134210940917 -1.18991680130248
-0.3437778096251 1.09394140460482 -0.541643132575385 -0.725661208606147
-0.946958693417366 0.938396664856841 -0.500764162016519 -0.496724303853672
-0.847781070448943 0.406255717545674 0.0160802672205604 0.0673859758601294
-0.611570148610528 0.231324948562231 0.33765787107545 0.541818601778602
-0.776947766679631 -0.0779215507177157 1.38176013286911 0.733674478572131
-1.16890871663211 -0.716092832132615 1.55128026831057 0.806427975168189
-1.21541000472509 -0.88933143937055 1.66964101857982 1.16576747841889
-1.38051997148405 -1.24361754454957 1.69265542643085 1.4465934127506
-0.918856280845231 -1.34986933983573 1.82808325921636 1.58811698399206
-1.10252964240757 -1.52849447790561 1.60100986408036 1.73089398566065
-0.0682690733620486 -1.68668671891816 0.845417985992014 1.3889752273482
0.621628965906353 -1.56948420391018 0.356723769351153 1.35018023381692
2.15938221147412 -0.851258531802658 -0.712385890875614 0.0281997228681683
2.50035829468505 -0.215704688698219 -1.04105273755268 -1.2209292941609
2.2132459600371 0.643762599881461 -1.43887304868953 -1.50144142094022
0.848570983206697 1.38389281295747 -1.18783113839247 -1.47872862752888
0.143848438324528 1.71073066524535 -1.05204807105628 -1.6687821267698
-0.255415634675565 1.63709802300189 -1.25280474246672 -1.19690121601447
-0.679264504908077 1.33697354984188 -1.03600396371347 -0.623349780899886
-0.501493746662674 0.823543980400224 -0.721937716534669 -0.500818658858676
-0.224996307162414 0.517268424230278 -0.400822796548489 -0.0634567321120735
-0.253676253558189 0.307631271350994 -0.294026165779225 -0.0582298317987953
0.0357198489346993 -0.00759712037975604 -0.171521501596988 0.0908098948890702
-0.203631378673745 0.0223004250282704 -0.19431071450138 -0.0204751262505775
0.472055786862143 0.12544980088524 0.0611304159958256 0.0667625910501698
0.310664243686199 -0.184502063612055 -0.246560398580962 0.0928285675989218
0.213032018260642 0.0519406236977602 0.0122275275844781 0.137128037766378
0.214111256503589 0.0325901559862352 -0.38479332144158 0.0686828992400218
0.485426540063934 0.101782504639597 -0.19285200284859 -0.37698578438152
0.151672171217363 0.306985290445748 -0.279955632526722 -0.167550229446439
-0.0249064889123918 0.189469137511205 -0.174768036748538 -0.000118315584370869
-0.224212593658974 0.254847304304447 0.0603290697259923 -0.209804208730254
-0.37459940445686 -0.0313173338648998 -0.0847017983935074 -0.14942404049639
-0.382776958710513 -0.231652599544573 0.628180805828011 0.286501096407852
-0.616109967267883 -0.189626264628333 0.917030745651886 0.468933614930624
-0.517170287022451 -0.541088145884501 0.80088141127858 0.257747416400301
-0.916052307223881 -0.704511392986098 1.47001208277459 0.627517509723457
-1.13133920740125 -0.706415343501711 1.53558972031098 1.16279795069749
-0.602933286664885 -1.05451602405524 1.35220063307206 1.35533078428231
-0.553313736469344 -1.18536581588914 1.07839735509655 1.2308735963991
-0.456250418259549 -1.41512280699334 0.708183594443627 1.17914234573396
0.587882169223546 -1.12172074880408 0.181930890955943 0.778278035024111
1.42527300243749 -0.891367770629197 -0.488799258168954 -0.0125840143506466
1.93143590828851 -0.314472470934136 -0.711400149190864 -0.893284260116579
1.31284882006812 0.429343439543354 -0.955880887126049 -1.48307148986111
0.959505128353496 1.20923622692565 -1.28315148021358 -1.25012305697216
0.420115169390681 1.35756425311988 -0.924201738421933 -1.02049577068804
-0.0379219103616114 1.2342082564154 -0.898300991560103 -0.913709332063996
-0.172705684395284 1.16411106301849 -0.822710952506949 -0.739174603783503
-0.448702480471061 0.745484843808743 -0.389807002532338 -0.941621829355334
-0.713250124812969 0.573319860307017 -0.120766690794367 -0.47256108448345
-0.958433740525298 0.404883153986355 0.433851165595442 0.0228882496590103
-1.18194784745481 -0.360186369067976 1.14991202419983 0.59451507859049
-1.5612245820784 -0.583546250646231 1.98385802295092 0.984043553897871
-1.62865701039726 -0.936877266018857 1.88368298845215 1.70316381334481
-1.53426515105 -1.47238733377587 2.3303114877395 1.99594739544253
-1.43186575677694 -1.70239272961077 2.41557426371905 2.12102175944162
-1.24584781974503 -1.8712405124423 1.99207661625318 2.10038164333584
-1.06775517930085 -2.14581221456606 1.69615983355811 2.01571167980334
-0.184707733769035 -2.15704541646277 0.977853303683089 1.95112455468591
1.46070257674958 -2.03161159946008 -0.120871579719568 0.997757811396609
3.11487650583028 -1.64660732100952 -0.803779791303212 -0.55579384020643
3.31407661405703 -0.195121521245014 -1.20288614566806 -1.54289015088559
1.87072778260008 0.896125941927291 -1.23686315201668 -1.79711912067344
0.590894253521888 1.57120340325187 -1.31444572300173 -1.83245885771016
-0.341755860885422 1.86717544070744 -1.19687856235786 -1.87496035938595
-0.813163077871632 1.8517246232664 -1.10877552509248 -1.40236373390496
-0.651029849415522 1.52546396385 -1.17646310856656 -0.952982077583566
-0.424193233760196 1.00350339749511 -1.05893239763496 -0.10579354574058
-0.373662405921878 0.693473799862128 -0.915763151723581 0.069153912517968
-0.11540787355023 0.339678168639757 -0.735454377398367 -0.115289737594375
0.372652323384064 0.539227113886364 -0.749987131043791 -0.219958142257125
0.218365008424805 0.444312445933265 -0.527637529043691 -0.24566569670962
0.200468642090058 0.228861212756449 -0.399475738919941 -0.373084373016921
0.282075079103935 0.641301113905687 -0.23659755986041 -0.292811242875365
-0.0076110034038559 0.303422831680438 -0.470579718279047 -0.379648349502479
0.103299096630578 0.299187208766171 -0.443411927501722 -0.469067705601377
0.11710728060327 0.553238413642172 0.0327212026645594 -0.115017423221184
