0.133816208746075 0.444335883429912 -0.731866468326769 -0.05513148669924
0.338122843453986 0.32127555044334 -0.920541700482005 0.0666243220196616
0.307258237306582 0.346419045395134 -0.602214916470058 -0.314364873213664
0.360031760120457 0.471461050533083 -1.0519973404138 -0.509956593580869
0.640415383590654 0.603056993442386 -0.623537419132264 -0.343359219281364
0.560937086814324 0.563513698227752 -0.742761442619729 -0.384588574698012
0.114520437934875 0.696851041089823 -1.03941556711888 -0.73043694053371
-0.00872337944907773 0.611727763291813 -0.46859254227869 -0.829116672034801
-0.117731975939013 0.842509370767343 -0.604688341929612 -0.279040771302294
0.0382638945680385 0.467586224102257 -0.340538513503366 -0.118106061050594
-0.323836635668591 0.413770883897238 0.125584518648593 -0.0544183953667011
-0.270915423389957 0.16870097921102 0.362875197006997 -0.192583207688716
-0.59933262015953 -0.342326949126678 0.76076644156783 0.827801695106424
-0.609197728997076 -0.173063745679101 1.01859983442218 0.651735490081756
-0.65057661659678 -0.757687714826004 1.20789987492813 0.875001763710845
-1.07988038787004 -0.991014122270727 1.32737591864232 0.915699506934009
-0.933779122060938 -1.29393195805345 1.40098436398909 1.40662897774856
-0.181518034256316 -1.29513136976767 0.888761516188952 1.0400418588251
0.30793838297274 -1.20482816654409 0.479481360060941 0.532734382041035
0.991622429413645 -0.727779561336453 -0.274581715190175 0.427203702222786
1.67631473336351 -0.362197381180563 -0.98953119448526 -0.357548697956853
1.71958954311603 0.236706241069859 -0.97782519697387 -1.3241090526206
1.20447067954463 0.829952864198653 -1.07724603788551 -1.42805998415411
0.74935275068591 1.48007550651324 -1.26813276365635 -1.29933332322286
-0.212230452322718 1.5217362488622 -1.04560038610482 -1.23380061330617
-0.465484943040639 1.38821734810924 -0.857545214188271 -0.716671360911884
-0.80971973279781 0.854712631250649 -0.256036322311139 -0.336848547771791
-0.603997096805214 0.528872823482552 -0.0247453603996825 -0.0963977201892955
-0.671291930748825 0.161455725151833 0.575202660796326 0.321946383371659
-0.960065014565503 -0.14045164645761 1.00415463631566 0.720329589156262
-0.895937363504099 -0.62102450197543 1.31933923310175 0.861873729776999
-1.14847613591586 -0.892217638913016 1.49855367346561 1.08679913791205
-1.41488756814361 -1.17533418645693 2.0008067277288 1.46706899491167
-1.18867507547837 -1.26876397052066 1.73921913696333 1.60318644422092
-0.889602418391743 -1.61908060394302 1.5078605994123 1.74139826725281
-0.295362772366131 -1.61719966543393 0.780967622719776 1.32231213758733
0.403093831476051 -1.6151731955129 -0.00735952127457381 1.09395813210055
1.89791386467494 -1.27982873110496 -0.497785212193059 0.173198741445538
2.80446123035916 -0.508945474508868 -1.10995608157548 -1.16039639266795
1.96844356000799 0.63574718736691 -1.12694759871974 -1.62157800134329
1.01761570499815 1.42578039401958 -1.04780497109295 -1.93504998057792
0.405765825866018 1.58691918643422 -1.2030612495546 -1.57335837368961
-0.305602457749689 1.58758631761515 -1.16102777216982 -1.08949541604016
-0.832845617288268 1.2483139230675 -0.64541283411371 -0.48593615333376
-0.394985348435507 0.889617488675734 -0.646069014570074 -0.192374829953517
-0.366205010032458 0.560851368572857 -0.52595890547155 -0.110126014795895
-0.0763510462571243 0.40677202997209 -0.110044636916701 0.039061444708201
-0.0247192929822622 -0.0230609853209023 0.0757926006860554 -0.00882304657033005
0.0524810506318076 0.102461343642852 -0.212565933275049 -0.0120975781160098
-0.0313099190267347 0.0109799621020878 -0.036166208163485 0.0193887229471591
-0.159486120191075 -0.142295207794015 -0.11435350465193 0.0293323389205818
0.360499258578977 -0.0620108979584631 -0.23448468686729 0.220655198540473
0.0791703982248975 -0.0169482127521254 -0.275085935382023 -0.189794742751248
0.262520747718825 -0.0320173087667484 0.0667056448829061 -0.143919029871016
0.414226928502409 0.295173108850584 -0.34574416329876 -0.456343566601692
0.0876106000288103 0.258794273591341 -0.478696247487542 -0.401005539919167
-0.0716920503781964 0.275269595994268 0.287455911731453 0.0144421845284984
-0.221950701217609 0.254470802611863 0.149745183364825 0.0511408673638787
-0.647963322074733 -0.122684587347131 0.460050324315879 0.416595035509909
-0.63041148326193 -0.270783513186819 0.760034834166795 0.470724432841332
-0.54219314160761 -0.366277915335678 1.03999246619958 0.932125931427349
-0.892994257248283 -0.68668813542613 1.22102195104101 0.992308850118585
-0.917863595541437 -0.993512956444564 1.12165535441482 1.07281706809471
-0.600678826599337 -1.08287495767439 1.33319628344608 1.16784885001988
-0.691379383509598 -1.08630978096783 1.19546034724663 1.16469861721089
-0.255956315265841 -1.26051367928085 0.848424358221584 1.20030680579696
0.358907850687457 -1.26611306824637 -0.0471489861928659 0.695223813467725
1.48965801304104 -0.961302229660842 -0.445683401636125 0.033461126845721
1.98873012589045 -0.138041479249448 -0.768030181589766 -0.832461809329394
1.73113793615282 0.534646375652942 -1.14159408753741 -1.55765686317277
0.609341619584044 1.1855922291534 -1.35160412581843 -1.17655990893656
0.430356384498158 1.58008082708987 -1.15541004706923 -1.19534851210059
-0.332558015032818 1.45515469683458 -0.739779953642342 -1.1647913340056
-0.679110117841834 1.20320819513623 -0.733234471294576 -0.76331329421605
-0.405043040618848 0.864311112272452 -0.484799108374144 -0.678590835866718
-0.419440934272435 0.609094145584674 0.076238221265912 -0.256123153757068
-0.795355385792495 0.228203232211001 0.500019151682686 0.148165933093664
-1.31320885625041 -0.174813921843993 0.8788299494057 0.613999738370978
-1.74853660983879 -0.553166600107789 1.81995005816266 1.19531963873479
-1.6707062668228 -0.983082046133798 1.75816160992987 1.1274011973575
-1.4970332299069 -1.30606415158344 2.27439948155124 1.77871992891957
-1.41086059167669 -1.68142185616479 2.51280194156093 2.16595091775178
-1.54052173993338 -1.96607142364015 2.3911240855491 2.1665431865967
-1.09681074733902 -2.07676682322558 1.91389719143216 1.90924939557943
-0.203738261252723 -2.24588637909995 1.1913508894054 1.7903053083723
1.44923716594089 -1.91304293789858 0.0168839002175367 0.955345627464555
3.16515533296222 -1.33652556652011 -0.971537858087279 -0.516288962590611
3.13455585783775 -0.289154919300447 -1.14838920737659 -1.70379406164891
2.00705877793039 0.991094508208865 -0.997727930194897 -1.59169640994531
0.497622666411061 1.89311920220142 -0.892226054612661 -2.31431847449717
-0.0704642607481282 1.9343115936467 -0.918773355038261 -1.85498709236892
-0.766314192386204 1.60846148179878 -1.36331168777773 -1.37585526338838
-0.671814072500007 1.26140805598389 -0.917726667267232 -0.485662028150613
-0.426161479058886 0.800391678922642 -0.597875168063655 -0.266644877446458
-0.0543423983807374 0.302258430248193 -0.785193238821737 0.0438368840895674
0.273820586165051 0.39356650103018 -0.462695979056767 -0.183372856534557
0.152264458280618 0.311883663459121 -0.411055967237787 -0.100096795876394
0.333167375245578 0.573835041825833 -0.858726902830935 -0.40358421698386
0.281630984126356 0.415387275580861 -0.697684590526719 -0.858510314096671
0.29872800933525 0.285729022715001 -0.325493165543677 -0.286684474370957
