-0.219216402398486 0.34934016983611 -0.372057184663093 -0.304622143167223
-0.280644372535937 0.402915826421142 0.226402024708043 -0.194337866476137
-0.776170398665443 0.171086592188348 0.48000702151362 0.0140955041014973
-0.916639245242478 -0.368940459815867 0.841603653313973 0.562883585642835
-1.00561583332836 -0.585386852727048 1.25455653506197 0.800209624361548
-0.941539479126213 -0.911698158984981 1.3649085307503 1.07801291911518
-1.24329161900099 -1.19325823690472 1.78271769830352 1.1273303922467
-0.678146534838881 -1.23414516814714 1.57495523383136 1.54405322778708
-0.308737100016537 -1.48077563387568 1.017672953812 1.46781827777982
0.278459057551298 -1.31310863419856 0.387212217524333 0.931716661754154
1.49333712221204 -0.976604500939607 -0.565901719534835 0.213178357852234
1.90160243934428 -0.561539897614585 -0.907179394365318 -0.402362299478214
2.03714744949183 0.437915962518893 -0.956163803481795 -1.59635444871327
1.4682405836812 1.04590985182481 -1.35286635865065 -1.59491019429154
0.619662876940141 1.68897397672809 -1.28333804713557 -1.40654896633248
-0.200290331196576 1.46335170038512 -1.09794008933007 -1.54330980762054
-0.126029496403695 1.5311003242751 -1.24800504016304 -0.720077325935017
-0.280293574487069 1.29638149190977 -0.590809327685892 -0.420138578895553
-0.569235165639235 0.782713103794359 -0.775809238307441 -0.371882807844779
0.090600576241601 0.544460011843361 -0.297433281432634 -0.259627980180657
-0.577464840145413 0.0110010495951237 0.2569501654546 0.263518057786006
-0.418468491948699 -0.104103283113859 0.527013151219489 0.705794935495041
-0.419360193585214 -0.428720118688678 0.729612401425822 0.415482130996894
-0.759885841013862 -0.640598016381225 0.820025117983161 0.608288076346842
-0.778223204099176 -0.853995283237687 0.681174580853147 0.939391216608552
-0.292849618935529 -0.77839687962548 0.553071253849261 0.724428404216171
0.280509500971528 -0.9469218643682 0.0417999806887171 0.432649280365856
0.45575113566559 -0.605668530960107 0.330215183398922 0.437457860506804
0.978842036798444 -0.612419614148194 -0.271406994904669 0.110810974769704
1.48944630229575 -0.0297166556276319 -0.741160311611245 -1.02860394329413
1.07976571220581 0.638677433897138 -1.19876452709621 -0.818488267336045
0.699850758570909 1.09007269301888 -1.07251062204537 -1.14925263696804
0.498634517014797 1.33220039974111 -1.10188700251087 -1.56635239829407
-0.253578378016265 1.44325605560076 -1.0494355770414 -0.900534958747222
-0.0808016943615563 1.27612468716949 -0.683832608233871 -0.746044533473398
-0.08794083880389 0.950059011089444 -0.529925756038328 -0.329243917193944
-0.362647697133651 0.726062178990966 -0.341618005858252 0.00471996402531898
-0.550568323540837 -0.0172539007218735 0.344570607938203 0.0177196098179135
-0.554334613437755 0.093244445273716 0.736767514877355 0.305402925394677
-0.789801771325571 -0.408828202490587 0.693648913921146 0.709484583213573
-0.742536052757314 -0.753482544262619 1.01325835685421 0.757776102172301
-0.937335698685916 -0.860491646449468 0.855669597724132 0.998580603141249
-0.288905052150813 -0.977520323616141 0.5150773887952 1.06743566484396
0.174010501306062 -1.12403635852848 0.657010247834787 0.781690201966267
1.37585051758668 -0.976933953158567 -0.225029975027012 0.371859638011663
1.22552776728828 -0.406078298964013 -0.322182518151262 -0.0987750390833246
1.79306808460152 0.0759787236490874 -0.986750285131066 -0.823661451909024
1.85663642929504 0.484898789060397 -1.12867321546145 -1.13705775356636
0.681481639356883 1.25747320749584 -1.07826642731639 -1.29185738325509
0.541154086162138 1.4005680922061 -0.973516265371194 -1.66716163556721
-0.0226218850287844 1.20095330622218 -0.814096305087676 -1.2624586100435
-0.405672544853542 1.21484210190303 -0.876627645112486 -0.540672240684875
-0.565330108533699 0.929436263529288 -0.55903963007413 -0.370180823053028
-0.83112046262894 0.389892662197524 0.284181330971458 -0.0838676747637209
-0.731772449448627 0.150505984830884 0.859241189383917 0.607596503342544
-1.06458277688068 -0.473437622121725 1.60457908244259 0.697927469779866
-1.30150646795263 -0.830229104849848 1.73409807866147 1.01025225327309
-1.20494708781184 -1.4581419243935 1.89454054347843 1.45034508891501
-1.3266403039636 -1.54743320414258 1.89838639378565 1.81273000943578
-1.27513749838794 -1.70231451966095 2.07217657965275 1.77062840619259
-1.20563670323686 -2.04933936191569 1.46265589529113 2.01645275860719
-0.19672625183075 -1.84966338849732 0.889521567788366 1.62702216702182
1.41337117026875 -1.6391440765281 -0.376240620832964 0.881389929837482
2.9460394039937 -1.442159067768 -1.21866655784855 -0.213611600623804
3.07918252391291 -0.249129294146349 -1.44291456084673 -1.4969785110459
1.97061678870659 0.875418118067916 -1.50132178363788 -2.46135951767426
0.673807357553076 1.60669166568891 -1.27979231291596 -2.22145612905103
-0.14148094049808 2.17141026637758 -1.15212326500843 -1.83131480658796
-0.396896057598734 2.0652952724329 -1.32576361474006 -1.40138301845911
-0.822325411542554 1.52542601793443 -1.26088442712928 -0.629136646052886
-0.211400668577263 0.633866480873069 -0.932254398785331 -0.0200056363559357
-0.0895256626126212 0.757848011267498 -0.613119105408557 0.0729609114291705
-0.372066065341051 0.12245690583749 -0.435715999694894 -0.111237087531223
0.164468032665971 0.177475154237532 -0.470528680343216 -0.414353709237936
-0.0319739946815568 0.31764453291788 -0.352193187514231 0.024046705347515
0.0304259699276791 0.250206480894209 -0.0528103492696541 -0.0265508149442401
0.0146388769194753 0.27421410717385 -0.0620639962593493 -0.270666098474057
0.0293031093528957 0.0572365319117243 0.277662994909588 -0.224138431077793
-0.299384427077654 0.0820973607386977 0.275445450572615 0.137688432584391
-0.696292084256704 -0.273706353525103 0.493484691122556 0.371523331361787
-0.669111954961847 -0.39744338610849 1.10223659820374 0.816686108119472
-0.682771188464882 -0.701094519185642 1.13447234742887 0.974438049957442
-0.720104074757627 -1.04829763526844 1.28014574620279 0.943035963773775
-0.899459010429783 -1.07957278526393 1.06962116540891 1.30194467938519
-0.437053000351984 -0.915277785897462 0.576364332675268 0.829893540859272
0.664044558877222 -1.11311035694613 0.512553505105009 0.793341382196471
1.24812938915664 -0.987577891149479 -0.345877605263569 0.398514268029572
1.96259671332621 -0.311369988237535 -0.897913982859541 -0.185583625409404
1.70473195976879 0.18277332324574 -0.96916542261917 -1.24501239036096
1.62893794971487 0.68251562818607 -1.23426095539424 -1.27725968444618
0.708886913648892 1.22570251516221 -1.02736536438013 -1.32496450121228
-0.021242145158991 1.48386259365914 -1.16763371232634 -1.46130742430749
-0.335834042793795 1.35750177143539 -1.11737150172798 -0.639501200835429
-0.429531917599655 1.13599814355958 -0.679660205617753 -0.581018541953592
-0.605813016733498 0.559151966193121 -0.207521279088659 -0.172549483730129
-0.707868849806034 0.147310018818472 0.215846641494827 0.283226497433201
-1.08898552331867 -0.0278056118426548 0.855706272620789 0.469053495032148
-1.21404741793292 -0.626006434204884 1.32829964518084 1.08411527178103
-1.61563500155643 -0.94455811543884 1.65969613597901 1.53178947814913
-1.19771095294389 -1.25406351916582 2.35857352633784 1.53938306337519
