-0.63033407248436 -1.41364910789386 1.27488363218761
0.737397551714228 -1.32899914250561 0.018938769447365
1.40597624336732 -0.920436417754665 -1.25478520745995
0.199476847974026 0.810322528304363 -1.51546080436441
-0.906817316115904 1.14251562981593 -1.07920258127364
-1.80529356137654 0.522187738067203 0.106486189013094
-1.03061113716787 -0.832505168125847 0.935859091959903
0.190134329232363 -1.3694191181017 0.754780294527394
1.02615079745269 -0.987781052356484 -0.41743497930736
0.969604819433915 -0.482387486287782 -1.45688334315941
-0.286198614579258 1.26245143771592 -1.10567189407083
-1.48763524844098 1.22428079403929 -0.375533667553374
-1.57197814279563 -0.17073281424424 0.756252632703777
-0.582427876946737 -1.29888450018052 1.46439808251613
0.70412334806202 -1.45468470100317 0.0812122938573652
1.49911938505669 -0.93139836369652 -0.945580362279492
0.143930903746915 0.65728987223874 -1.43874673671043
-0.611881482319222 1.28162930186702 -1.01605217722259
-1.6485433734693 0.704529568961255 0.609081336047036
-1.08898973200676 -0.928856458792825 1.08947034014074
0.161657353661663 -1.23311417439708 0.79333261415496
1.09491367350657 -1.03412027482847 -0.548036694871069
0.989306318080768 0.0849400172041844 -1.44426288474645
-0.263058605897371 1.1933107272186 -0.912334291348833
-1.02959855116175 1.00919532860008 -0.244144583061576
-0.808800154713065 -0.293286489913471 0.918629888348762
-0.11850598519121 -1.00296340700644 0.955971245791491
0.930789785168967 -0.876540864885835 -0.107493350036988
0.837281296717526 0.211529883009342 -0.810535461933581
-0.208914911395754 0.481602822986413 -0.909300534139969
-0.843701606880846 0.943669133093954 -0.0494274497923659
-0.843169945123951 0.0405443322439452 0.691775587734642
-0.114875930649352 -0.808882328698347 1.09804821996047
1.00704635536689 -0.807367439153613 -0.0690216916445232
1.07245445858978 0.0851920248464847 -1.20478118489439
-0.102291581843764 1.00909434331242 -0.772458401767325
-0.762766750150645 0.818756861249857 -0.155655578741201
-0.863626387984605 -0.0309815551725253 1.10014028690722
-0.164046526412042 -0.9798537688133 0.979718008554855
0.936363689522118 -0.856638280858133 0.00791033218393671
1.03663654727153 0.143291465259732 -0.976609880031142
-0.144454615169941 1.19368183392281 -0.800488256079059
-0.987510750006891 0.824407623727549 0.172604478124252
-1.10899811236337 -0.234076636847056 1.35919961219086
0.413392480371365 -0.841108903518918 1.02084780230842
1.66933669889991 -0.820775162657005 -0.310423351721307
0.845383567086164 0.538114401226195 -0.876321476763253
-0.520641288542917 1.61003800186622 -0.496112872335908
-1.08755127871687 0.414255839341396 1.6031258742454
-0.121125855672885 -0.672609169328876 1.54941914496246
1.55349640146837 -0.957122424624981 0.178339080311851
1.28583540876072 0.173127523281811 -1.07910852204186
-0.357032063952106 1.84122686550498 -0.929338085669223
-1.34820578803352 1.36326044362291 0.498245541259891
-0.853952126169445 -0.202119982191366 1.58727633716259
0.591310826751639 -1.09155473704079 1.01046390778059
1.83885635180598 -0.98989106658794 -0.448201545687405
1.05935547025035 0.679535246826179 -1.24898591536527
-0.579659166891969 2.1075844522315 -1.00245547837214
-1.61161180241683 0.982845662367336 0.878446566521985
-0.61641965683646 -1.00337227809647 1.98956607363749
0.85504197049879 -1.28308742787766 0.970529553890943
2.0259923305588 -0.404697512489976 -1.14109666441701
0.752955175836643 1.40993390201202 -1.4276064738301
-0.99832946714087 1.83555383441777 -0.589671923910076
-1.54124482518825 0.0310572041696934 1.06661009715063
-0.545542406539738 -1.18691928345278 1.58271744973032
0.789416088391544 -1.35079029063646 0.360294670705403
1.64361863798657 -0.761631875995946 -0.994350790214383
0.6972893287341 0.942659201744435 -1.56232272318151
-0.803798755713248 1.74904311228504 -0.773891103722013
-1.66852132389555 0.771086543897635 0.509033929896753
-1.14523046191303 -0.667963591286197 1.76408278486184
0.499684918473962 -1.72539504669041 0.864946636814476
1.59072168703683 -1.00434190151823 -0.664504688095493
0.806762276447372 0.371295105818118 -1.31350783812249
-0.681699745499977 1.66850744789548 -0.912762165904705
-1.37425210441266 0.974414840171203 0.736942744635879
-0.580243383146526 -0.563650891958567 1.66635532906937
0.849822355315285 -1.16337943130609 1.18934116947959
1.47696042584106 -0.717062339330414 -0.535166647877869
0.654311516827611 0.915594979395713 -1.13238876626359
-0.765846228249778 1.40175905481525 -0.356561492618517
-1.18586759399205 0.532924985719011 1.14831281952553
0.0158132144528441 -0.643802280148083 1.81774149817523
1.03108029477547 -0.912598042058201 0.0721527392235934
1.50844034667804 -0.50920360639552 -0.785075964332042
0.0655336170335165 1.01634360483084 -1.25370742089696
-1.0768954104918 1.20736738652642 -0.129800160690411
-1.20356017951416 0.220859225906751 1.06850238375708
-0.317605366610186 -1.1478213997316 1.20085539924898
1.10426224688473 -1.08815916476086 -0.0978436228411561
0.925166378030902 0.0240989686097431 -0.828568236803735
-0.129230095086766 1.0697192680794 -1.05407104624062
-0.983488600880508 1.17535146461398 0.086568842839487
-1.14804211716864 0.127931891120567 0.978985491928766
-0.186895548734837 -0.942981101140401 1.19639787870662
1.09163137788017 -1.16400992744189 -0.0643550558266853
1.07206388917156 0.0289433689954799 -1.07410820038458
-0.208375372117587 1.26475129480494 -1.07258445356278
