-1.48101990385269 -1.36415754126559 1.9198104355517 1.92176003874203
-1.04106692197643 -1.81631626766018 1.82302247518111 1.96592888427472
-0.312243695238327 -1.71318384353616 1.07039416309415 1.51920625845002
0.78583300690782 -1.56572290409 0.012948133939965 0.79488771295287
2.3735564543998 -1.21091291274449 -0.838139816446207 -0.0955269994208436
2.8346213665193 -0.51551148561515 -0.965754334199184 -1.34561873967733
2.00791264941831 0.671436556071309 -1.32409169246078 -1.71507067761542
0.680741620478538 1.59811311929703 -0.959999555276508 -2.00097060724306
-0.0392568975835284 2.07563585606222 -1.08029731308091 -1.75981820822897
-0.343759192843575 1.65642490504852 -0.917376952297565 -1.22312524951142
-0.614436721474078 1.34810992874631 -1.05702024430074 -0.41198857194453
-0.533763375011282 0.906872506212463 -0.99234288724867 -0.11681822827253
-0.0537536588335061 0.713181941094276 -0.903479947008596 -0.263416749920131
0.234146467286334 0.580772646270911 -0.32711186793706 -0.224371948961728
0.282995881909516 0.535574703803462 -0.880434986592462 -0.332539768251068
0.248023955719582 0.687948676258446 -0.912658718388131 -0.277895905692409
0.428794045766674 0.63104952697902 -0.911110416991057 -0.697662751776516
0.349727509535215 0.866614179943234 -1.02644057376494 -0.929674855763881
0.393954289864206 0.758086537582006 -0.693032535629796 -0.572206097552034
0.0520741675931004 0.826397332723127 -0.57903928067043 -0.577329585157939
0.030492700169587 0.891217897404159 -0.511278435087916 -0.472688365479249
-0.214369384248976 0.702606958601942 -0.542835381800715 -0.168421596385203
-0.193732116149296 0.489295612608804 -0.291708674512196 -0.023499074715921
-0.449213560836648 0.306588368854556 0.133286594590355 -0.160123717802046
-0.677854510020758 -0.167459160441639 0.520175083944688 0.271915410509422
-0.965777121049234 -0.214343121755338 0.857158178384268 0.888870917110724
-0.851598861493296 -0.529345457821994 1.12532072811295 0.890494857555709
-1.10345579603675 -0.934976129593213 1.16318159370255 1.06446383845663
-0.436371033002649 -0.983200304893606 1.19469060637247 1.31124320810322
-0.430306844063894 -1.08250265184346 0.631460071920565 0.765285314696536
0.239232230478207 -1.01361054152407 -0.0584505450110181 0.802607275590327
0.95907092860811 -0.758222694404915 -0.195042922636091 0.0457278345227324
1.73695636770299 -0.211769064930391 -0.910882395831874 -0.411171894173695
1.5762486289806 0.480113567160757 -1.21354890239763 -1.07768742159657
0.790767364998211 0.982989787087428 -0.851292321711169 -1.2798797467267
0.287155001472727 1.21910035338895 -1.14203753028689 -1.84757049242405
-0.446862180318865 1.31245531160204 -1.26965305356039 -1.28192192459638
-0.398062353838522 1.364205291474 -0.607498348098638 -0.780821057665034
-0.787234309238238 1.09102365440104 -0.543040449338875 -0.593501970089366
-0.612936502580316 0.601405756652678 0.0518222396038676 -0.325060951020108
-0.567438250317817 0.349916065785581 0.238063172993881 0.589524206439567
-0.982609014430503 -0.248466437702455 0.721199341742232 0.337990946681094
-0.751351512048461 -0.555076601885256 1.2647923684746 0.621321099060261
-1.2501846987045 -0.641643745216975 1.58150458955622 1.02318624769601
-1.56347943835686 -0.837035580458425 1.86173728834592 1.52789905797415
-0.998402065057369 -1.24351177274196 1.66463387054689 1.23791674344665
-0.786431581328286 -1.29497121360232 1.37400954573055 1.52583371192544
-0.270061817730054 -1.33161428846517 1.05031622879715 1.25837821997413
0.631827690370002 -1.43863155114403 0.0766670561525389 0.906722039481318
1.86628806483474 -0.966207958916254 -0.784104989050059 0.162988762557616
2.2664172767292 -0.401947271985518 -0.841097054804093 -1.00345616653974
1.72170282629293 0.630667625045823 -0.973350299764588 -1.50706484618564
0.84604932108611 1.33697597936877 -0.93688431435188 -1.7637320969132
0.31891015022948 1.56389137232294 -1.1562716324138 -1.67708641934555
-0.769124808207639 1.61265871522479 -1.03571519860566 -1.3414439119121
-0.536430436205226 1.33322147621581 -1.01390066641719 -0.392784482839463
-0.583474394426297 0.98881197646424 -0.649126045330857 -0.436900446129941
-0.322569287764729 0.750897840580506 -0.584714932405986 0.0493362714315065
-0.0892573898068329 0.388653720773244 -0.330271081146627 -0.0505446347637048
-0.140526154323468 0.191874906344233 -0.0939497159212317 0.336381163383911
-0.405534533983702 0.251137426498934 0.0410211615383062 0.25034104509685
-0.0768482373051322 0.219591980071477 -0.222039914454799 -0.0877540697332143
0.0125897882013362 0.065388593838389 -0.409495037875148 -0.115573429482326
0.0493635626095828 0.0394598180996867 -0.217278536976002 0.205498443757985
0.154494945767096 0.257176884528766 -0.0368423679678759 -0.218599684022817
0.35902376832594 0.132657457492464 -0.342637998798881 -0.309437289064246
0.0573017154433603 0.392511081189975 -0.519290282951224 -0.502686569087113
-0.130478721375279 0.435300798731168 -0.243356439287177 -0.494348065240205
-0.070445164937183 0.365315079757342 -0.0830563575097858 0.0549965898081271
-0.282439541556182 0.228834511726319 0.0884586548078992 -0.0800233218400815
-0.672096387263656 0.164074011145153 0.356603075624841 0.0295042219557737
-0.329746979316762 -0.0415049811636847 0.663453933375587 0.302971622183926
-0.844423907255756 -0.352951460137109 0.973462200994086 0.421092719946123
-0.604995065349203 -0.559481467642613 1.37157622847518 0.847931002436651
-0.76524767527435 -0.843164131475324 1.35681211470241 0.965004741772851
-0.571321459509962 -0.84723614436491 1.14254490992778 1.10085476510486
-0.61414655692498 -1.0668499176072 1.14345845978617 1.24356181620878
-0.0564636404451823 -1.10681042029111 0.725487769157317 1.00784366486172
0.644765665536583 -0.930867821812328 0.164435577093768 0.500901844505602
1.3800433106283 -0.753556031051191 -0.462022113277686 0.088293330922134
1.73508970804353 -0.035457302376435 -0.617279015036653 -0.783990167347606
1.53914687786926 0.715045633005966 -1.12198736111498 -1.38527903895747
0.558567164390509 0.988295718711827 -1.10608478149456 -1.24450504482145
0.00704658358440005 1.33269101541915 -1.0550610708126 -1.23478408326589
-0.176699691201036 1.45111453094768 -1.01180620362952 -0.97271644431055
-0.181083994898295 1.12341153060137 -0.886276324773555 -0.761348553127625
-0.422078445931824 0.937876845459461 -0.520737060896126 -0.53651288847739
-0.571462155737419 0.796384202683471 -0.261887307215507 -0.262868184995091
-0.578398921292306 0.261448118755101 0.441912542752052 0.231526572578858
-1.00620338892011 -0.124798842357889 0.693242121549561 0.357439804663647
-1.11470870008813 -0.486536510972649 1.48845052035635 0.757835404241099
-1.22172558616609 -0.79526026955702 1.62674054130002 0.953249576922319
-1.55700091322326 -1.08867201252978 2.10299808172185 1.84917537236466
-1.33614245726829 -1.39674704226597 2.43517710543697 1.7302294903238
-1.25694246534622 -1.86898685049961 2.27915708960047 2.03742373717435
-0.937678861680001 -1.97961302175482 1.8288548752487 1.49974791856344
-0.0624813907281557 -1.94635551027999 0.988522334747891 1.59606065343506
1.1617623011723 -1.93029931688863 -0.173042116031844 0.797160191538848
3.07360697570399 -1.19260932386719 -0.88671416508969 -0.763831757616415
2.76890829674987 -0.214407008984302 -1.16668259696379 -1.7548597977011
