-0.385384677650038 -1.98173833730452 1.16637225939471 1.74698225510638
0.781626855442085 -1.67692141653455 0.281757866000789 1.07943919911694
2.29737514982198 -1.11171873928361 -0.728946515797017 -0.10054357942194
3.22363607126577 -0.504670289264296 -0.846428250897017 -1.27391563252372
1.85220983208462 0.603049829575137 -1.03384886275968 -1.96543234421771
0.373280885259266 1.53315272368641 -0.962624987767274 -2.08019132255629
-0.38374243483379 1.85065479859734 -1.34517661640892 -1.76891025631537
-0.54542036486514 1.73426350925768 -1.11114452946878 -1.0319827190778
-0.894669702183095 1.33979440842041 -1.02268741743152 -0.303426819575739
-0.43337541676183 0.896762233817478 -1.05776565300614 0.0368938493622895
-0.0884262012127855 0.650834313364238 -0.754627665348167 -0.201358844895791
0.287826771570494 0.434775897835544 -0.681592910563368 -0.0560575996251311
0.20199863367413 0.624676140921646 -0.766515089817918 -0.16946218808861
0.292566061080688 0.681945387142559 -0.813710204871447 -0.193485524513028
0.510233858839738 0.663149082210769 -0.886627784846128 -0.177634517510957
0.616625952835394 0.629569755509698 -0.662846019810642 -0.439898993199819
0.360848825093851 0.927735896122324 -0.918041029367512 -0.829843490781832
0.153217955217693 0.945936359368188 -0.603765045542263 -0.794343509948109
-0.238395976627721 0.602673695971568 -0.472979873686225 -0.225760848924706
-0.400079309859404 0.760281019806532 -0.0886705230925797 -0.00134531104822421
-0.630523623285467 0.42927656198516 -0.127338761412683 -0.0126975494378319
-0.674467665887557 0.16423430887492 0.043634681226237 0.285454649862483
-0.888358723348581 -0.222015031267883 0.748979440271965 0.403223624681169
-1.05471035655337 -0.0951580835622756 0.85874166854637 0.498385507604742
-1.08182589493248 -0.476499984302632 1.22967742860965 0.708555861257723
-0.820203878400173 -0.788286792970041 1.44687658220122 1.02220606488956
-0.977900376651263 -1.16422103150279 1.1679602766091 1.1536283097302
-0.3431869855427 -1.13059165282189 0.980407488568369 1.19927361081859
0.586218029643859 -1.10213939972894 0.430618913130529 0.583904071111194
0.787531929315927 -0.856436688727806 -0.406389515564203 0.114540907529726
1.60909629110242 -0.295340754650232 -0.852678051425669 -0.652876362910663
1.61768287769994 0.302167902565222 -0.940233678716181 -1.40324076521455
0.7576119313424 0.809519844035915 -1.00334881381164 -1.15286390003336
0.415020194003054 1.32994419277234 -1.26776971173453 -1.25790789379523
-0.242316698160098 1.47846619440691 -0.800232967953026 -1.24760934850564
-0.387318568299812 1.22301863978733 -0.670113830951734 -0.955809616686405
-0.734622433269753 0.790708449480828 -0.473715834431716 -0.337974658402727
-0.56169866724194 0.628973584561376 0.135895544385884 -0.113750911606038
-0.867133657537804 0.00474893718347325 0.246529121449849 0.321078313213595
-0.986907975915472 -0.121941468308702 0.79922813199944 0.507260839249532
-0.929572173216493 -0.448493775507311 1.27587956716195 1.03094205640672
-1.08242688347074 -0.716462298166419 1.76020078443971 1.00777291392089
-0.966922529735173 -1.06183149690605 2.24525042778869 1.42997455212765
-1.27007855036195 -1.32615962651929 1.90397911431439 1.41764892220777
-0.751447713512863 -1.56047151897591 1.57544917040788 1.38157746222302
-0.338309183776771 -1.48506109107387 0.845714818370097 1.21721029485443
0.852335191501038 -1.40538865319106 0.370862354799029 0.858914303992459
1.55159170690325 -1.01409813091812 -0.603533506154533 0.0367141079956926
2.35183000016597 -0.358222337317408 -1.1576391248813 -0.951156971614134
1.3461176386692 0.590647873509287 -1.26851648838685 -1.43174889976711
1.05158618250772 1.56620787641655 -1.10538864547493 -1.63055857558145
0.259838066338335 1.64591789436855 -1.07472430094807 -1.27925778522119
-0.47361478599678 1.73575162754546 -0.968206169511179 -1.0410095866905
-0.582673944595101 1.18002237934249 -0.699316927257442 -0.524182829864924
-0.741000964791335 0.893686718474593 -0.85098729096326 -0.0239130036344772
-0.523090316841065 0.477431557926693 -0.261308172539914 -0.190759901489768
-0.332434647640867 0.404225374293995 -0.170820319648283 0.0329620903435013
-0.132009158210607 -0.0126811701777232 -0.195673595286426 -0.0189716235876133
-0.0364905592913862 0.103523618632699 -0.232448760349537 0.06430472444257
-0.00865253409693825 0.0671644892940656 0.0414162554027034 0.0465504043540974
0.0138668185853022 0.0868825968206152 -0.252260215005169 -0.0407539137032507
-0.225257457658545 0.145344842935815 0.0154693142978458 0.0153813338980493
0.437491611145478 0.0137008304902699 0.0601151019905677 -0.15878091507437
0.254877173288589 -0.0226179015538127 -0.216996675815365 -0.280513861299958
0.0843822376229228 0.219679304988883 -0.411837485446198 -0.644979430268506
-0.0426526783952302 0.522753374661473 -0.170728043643438 -0.280721828864674
0.133134519053831 0.333027081788556 -0.197779765167129 -0.216953014822521
-0.416659702799433 0.388592573017317 -0.0444247829072509 0.325492416869223
-0.554655744978832 0.0191028221397852 0.356986952188307 0.368986444527415
-0.765986860883126 -0.153085840599959 0.903846223291475 0.520429754944579
-0.655910001881989 -0.292195925386761 1.00377952587237 0.70057189724582
-0.66999929967866 -0.80438904403708 1.13641024791187 0.916108516223541
-0.950731492505247 -0.91753555408688 1.29762714564859 0.761379638609084
-0.633854089546743 -0.786454425741307 1.3677533224304 1.19203743631771
-0.479452960961658 -1.11526862369603 1.09980747702006 1.19362485917525
-0.264138336931644 -1.08316724592908 0.762189813442924 0.883348385697078
0.496890699194947 -0.995091460507054 0.11235141011835 1.00531587957665
1.07423274287947 -0.894829515650434 -0.256497811061832 0.205265183461118
1.4402308498949 -0.289504247454918 -0.859931381741604 -0.836775995907601
1.50531136888218 0.589229036258543 -1.09107249709213 -1.03795309888538
0.750029231530271 0.993170646299982 -1.10281018915084 -1.53479560016577
0.158943951149624 1.21065704425344 -1.18166031050208 -1.22874590645605
-0.135267299014056 1.14011220745178 -0.78970222567485 -0.798995630216936
-0.592155362422252 1.15585589640279 -0.674073332513526 -0.788988506077214
-0.417851293784942 0.995955236671884 -0.379919828485533 -0.319006110353706
-0.563748329768703 0.505774584490592 -0.214294105615313 -0.0579518699595511
-0.518618207920712 0.405900717302099 0.371880763970929 0.28187025553707
-1.15594573371225 -0.126071715084479 1.24177079929224 0.445180136877834
-1.33804248186338 -0.64461230505006 1.4585575596408 1.09166394825912
-1.12298158020306 -0.85259713835496 1.89087558084283 1.32113812533646
-1.54866018377762 -1.22913132174633 2.1942579889501 1.64933028319515
-1.5444072994441 -1.59741152508676 1.97833090694365 1.91000985444841
-1.26778515360927 -1.86036204970201 2.36583302766703 2.1243193879466
-1.00302649638933 -1.93098043558673 1.8544105533439 2.00079205934962
-0.496581839612184 -1.99767431171553 1.02267542842956 1.62852690953061
1.17316150334683 -1.64139860681111 -0.108102971474429 1.01950506882723
2.77324903992371 -1.43671154402641 -0.840198616075558 -0.228666078818393
2.54748817375052 -0.270860881180088 -1.22989913778426 -1.56285242575162
1.87352774904246 0.789766464051963 -1.07337373908244 -2.04661946084699
0.299038861631454 1.63810305087993 -1.06641447624773 -1.84173933851569
