-0.731494069660547 1.49855055417452 -1.16020390355568
-1.64924569894755 0.566389684474099 0.991265031567509
-0.67227866589634 -1.01208690710244 1.60263312986299
0.911965847533561 -1.25200504801381 0.692408524557545
1.33516514418437 -1.13873091544636 -0.853437493571494
0.320769625191558 0.796833984759027 -1.44131239974966
-1.29890560076742 1.44817482350698 -0.447741558801621
-1.8223420979495 0.0113126120924958 1.05640876094686
-0.381225601090043 -1.03615019744537 1.28337011060987
0.613620376118404 -1.34521587991692 0.192268211589523
1.07046155269957 -1.13891970551447 -1.00827185704125
0.266965589192791 0.789165692775251 -1.82682193701478
-1.18122216765734 1.37431855646738 -0.852771603113593
-1.618218649611 0.435504426915374 0.0783528487078246
-0.993640327154476 -0.791198121661066 0.998495768009951
0.327543685845864 -1.61830507547055 0.533257819886717
1.4713858341159 -1.08547480878114 -0.962407405475631
0.608319806893904 0.129165753585497 -1.88968584915668
-0.891375191894405 1.29914853474324 -1.20284284503553
-1.1218215461012 0.731082095523962 0.0179561609027614
-1.00705398978257 -0.921704025719355 1.30398933017478
0.191500224683793 -1.55574627307108 0.557933223769172
1.11080930184168 -0.746200719465021 -0.518718327162038
0.0575214565289109 0.515510937566716 -1.25361874075246
-0.887964780858361 1.01455048306517 -0.516144291154815
-1.1686370514494 0.285648571501463 0.793103370041646
-0.417307575543101 -0.866538795789537 1.37951859246886
0.965307143697429 -1.05169737543299 -0.183748729331869
1.13097699033865 -0.473889157613807 -0.710573874836635
-0.0265753364136347 0.761333963282227 -1.15004518048907
-0.983446028175819 1.15635612710456 -0.489417949449367
-1.09703749228164 0.0213651185955277 0.820508072687918
-0.346550291922482 -1.27222437999075 0.948826365858262
0.984451185050257 -1.28350475186752 -0.0583395060702637
0.816512211629974 -0.485474721480748 -0.965129309567545
-0.0289062513507243 0.841233542784787 -1.02447551837516
-1.045540632152 0.93466856020155 -0.47358709012956
-1.19293957551967 -0.156674687992724 1.01086919283573
-0.226607760487276 -1.04106505767338 1.28414822671279
1.10820075011672 -0.998215503063364 -0.37310807493452
1.02486390887502 -0.184167229624742 -1.01788127283194
-0.600138029596049 0.958070933859714 -1.11322689666408
-1.11237889123654 1.05082738479864 -0.145822538130427
-1.00155856648275 -0.63026716532175 1.31739466058478
0.103981694266229 -1.07830998423881 0.807046008169662
0.926820658889258 -1.02081848647014 -0.447560846386618
0.447891189389041 0.331422721690194 -1.35640375993063
-0.803614509504029 1.2440996580728 -0.895315276204047
-1.59347386381456 0.71811337929146 0.245752170908608
-0.980203818080589 -1.0193389968851 1.36808745209611
0.665131104500244 -1.33887023301925 0.431226551024007
1.35503104683416 -0.841023588656389 -0.957290998776731
0.660700605469574 0.29997485223239 -1.42125792514063
-0.965309426368136 1.36297711304338 -1.0381029660292
-1.50751506693545 0.540366541902233 0.633545939935185
-0.916000744672365 -0.959204157485984 1.57662535190879
0.861554630190354 -1.31137968895468 0.512949804551111
1.24088721382845 -0.493005409278543 -1.02033899072729
0.216101783735572 1.07904093467038 -1.11029143248108
-1.09756382599469 1.17420141879977 -0.332107466508708
-1.16556946524687 -0.209366866875695 1.07740891167996
-0.305635044249858 -1.26410173217965 1.09953379626141
1.02976661834562 -0.702885466021075 -0.145579594484691
0.995426481849092 0.268318273533961 -0.955795047049359
-0.134810322544307 1.38882677999766 -0.850265147895963
-1.15811673257802 0.617019933173063 0.669979580926904
-0.430237566378927 -0.826685958449278 1.39846022083328
1.10192318716374 -1.0940982167898 0.21859742776107
1.42413263844037 -0.182493394562355 -0.79184181314955
0.16776238571531 1.13650876810841 -0.889809844155035
-0.851433239824816 1.11202147825732 0.0142408650734045
-0.631167530060706 -0.220917175082579 1.68151410498371
0.404276403632724 -1.00561871962789 0.794093426759461
1.96151685440438 -0.624558567042296 -0.624788853132292
0.710446368012405 1.02532531928906 -1.4680898078394
-0.823457912413958 1.67913062078985 -0.19844492920921
-0.830216815186185 0.178354836573102 1.29748093704195
0.509327309105239 -0.941676228615959 1.07379776469357
1.55492759225299 -0.709717389005353 -0.166634254694857
1.17160194696384 0.802478994276322 -1.13848774207432
-0.400361935912779 1.55434528654986 -0.562907150591681
-1.09137900607062 0.217353583670297 1.17952968432862
0.138728813689741 -0.730695641989273 1.18407783093308
1.72704785056573 -0.654189668792285 -0.00208509834797222
1.00467899693821 1.0208718290255 -1.17259672990528
-0.450903758855573 2.26804181433073 -0.483460990691846
-0.927264465564709 0.832304238185447 1.61228772306303
0.00139116385947513 -1.23349750499269 1.60343102221981
1.66413476403994 -0.847608737434623 -0.116561163946692
1.06965395151544 0.893483843590991 -0.993542102995016
-0.424565679001359 2.17585296487694 -0.372195022375375
-1.25628802778323 0.592113987121768 1.31526168793924
-0.000819364729562945 -0.601283321447141 1.60885591497192
1.64891244340961 -1.15579964434488 0.0536093841281257
1.50331909377181 0.376907722220132 -1.04971402658983
-0.287129117773022 1.73868073268121 -0.654126005109682
-1.05195470805156 1.01464286837029 0.963549138078189
-0.0760043527573687 -0.622120138474927 1.97552530558348
1.42640376771526 -0.823170100483657 0.530684815445982
1.65558897730291 0.335898684556487 -0.934931084256469
