1.24769246159425 -0.891010807279877 -0.640230726252974
0.612124241928369 0.0674382324929701 -1.0910048203905
-0.781637678551676 1.56450970747244 -0.714174637711543
-1.11153814001983 0.868632530941004 -0.0120261607470716
-1.01600848981181 -0.367903415830401 0.856254067945249
0.144767986785568 -1.13232740436936 0.869447194914708
0.778430169844256 -1.3105369041363 -0.297073033659595
1.03569887796844 -0.350097240489197 -1.0695787538351
-0.488975616536605 0.87005933293928 -1.45452130094524
-1.4074634766776 1.456537223214 -0.50296320243136
-1.36275395121559 -0.228376056972116 1.01861637674158
-0.628647092915229 -1.21162602623052 0.967869298714576
0.606837234049392 -1.20383152310938 0.0905324832064018
1.30230347699079 -0.994290039897667 -1.21221559175403
0.421804422849203 0.264913469875698 -1.25554063068518
-0.984786294130528 0.914446950737974 -0.98002837388009
-1.39316856792336 0.349832268421214 0.458613954574536
-1.27979458568665 -0.867687431391851 0.920535621057785
0.0990104096841997 -1.2617992751551 0.691284822812815
1.12624430028082 -1.09515932515764 -0.644732964287805
0.937969047645836 -0.305365943539107 -1.39543265091937
-0.351697529836627 1.28052502655296 -1.24350203693392
-1.27589683444442 1.17524165669251 -0.219485645987488
-1.38212927437914 -0.537792624363285 1.17406187053177
-0.670859535131393 -1.00912635968627 1.47468878136288
0.743136224690807 -1.57083748261313 0.196505070335212
1.38119298735667 -0.738906196675237 -1.18591028075034
0.226770614636136 0.12045982562783 -1.67098786848443
-0.831955895450477 1.17487077614503 -1.04848438863861
-1.35285717292211 0.648729422775552 0.140711205367307
-0.628530951656981 -0.26133720134995 1.24578531744136
0.189419643602784 -1.17798556117366 0.63283778402601
1.04083748776332 -1.23943704138547 -0.643507460826224
0.806093449601161 -0.27329473444015 -1.04481551425677
-0.487259668474379 0.968921831798771 -0.86908785796908
-1.19409603783975 0.942475693590859 0.260037629974568
-0.863584339606382 -0.12799701238013 1.16529178789329
-0.0369681579988855 -1.14550097939371 0.715913551970043
0.901140187610598 -0.911040827385669 -0.0628025719487367
0.690193398044559 -0.203033970842158 -0.877363170607844
-0.363975769469035 0.716134315723214 -0.6686846431848
-0.70184401311418 0.722808152997846 -0.0758090258253293
-0.909652712116102 0.109657063198537 0.979193368367102
0.0127239603345628 -0.808126743784709 0.859352165271471
1.01900902042151 -0.356769064267201 0.290033499392862
1.23572196114734 -0.0275215770660732 -1.05068321818454
-0.223717634889115 1.19221432039486 -0.698867237252923
-0.717497339292094 0.99516502589342 -0.0496169419640974
-0.895783115525594 -0.282914324081711 1.27024631894458
0.184305979181268 -0.974100303894792 0.987871688510186
1.34133848946776 -0.878358232702166 -0.0880990978432294
1.17826168899566 -0.0333503792628378 -0.945828849636065
-0.59023886833275 1.35820038237466 -0.867404838455193
-1.11143982178787 1.18296425630299 0.252535434700082
-0.736325161985351 -0.179014487817941 1.41823260349548
0.619508792567742 -0.910365862010969 0.944407721034768
1.42673758829852 -0.510225694574632 -0.20968516347251
0.837360805824678 0.905031306154227 -1.34797528492543
-0.773666379037337 1.4595133183231 -0.292980732490049
-1.14231379698635 0.053172893404931 1.35884057192812
0.37982723327771 -0.99526172598721 1.63191953726861
1.61896691863155 -1.21008473871287 -0.0112388252004595
1.62583089113942 0.287734403718261 -0.713677963661979
-0.190257788697063 1.36563293340806 -0.825222415299855
-1.0389251984329 1.21868256536445 0.462083605517018
-0.849043301081377 -0.437047633077704 1.86678414720163
0.200287744697437 -1.00971605788513 1.56005297029193
2.1042501568951 -0.940046523153833 -0.493309431357319
1.15063048080012 0.977690297540959 -1.30224071573616
-0.578211736693326 2.05634403601773 -0.930235052756889
-1.48875227708766 0.948783734045605 0.868817227253137
-0.96895344665538 -0.730331319523733 2.19808761459015
1.09313724612773 -1.52699743667581 1.06105052599776
1.80184939872561 -0.647143856916668 -0.821033929810802
0.519707956785251 1.44067514545087 -1.31175388898467
-1.01764061734623 1.91718582383703 -0.434843261429306
-1.4013112457114 0.268940171575138 1.02958311581522
-0.397033340829389 -1.18145109864182 1.60109143904684
1.04201875117663 -1.52127937249988 0.306299871862481
1.46500163641091 -0.737358446250936 -1.22561674758427
0.782625257544175 0.905998743327178 -1.37770454594256
-1.03052532361427 1.7067570727711 -0.729015714130693
-1.75251129370435 0.819893856061257 0.573726015600175
-0.872514235696751 -0.525892485012765 1.83586532410643
0.493907552918977 -1.47366211477369 1.01989259819146
1.72161955464393 -1.11414601715757 -0.707164850201856
0.982963987423266 0.516480270999245 -1.54585410918734
-0.756049150114504 1.60433545096592 -0.793226245293629
-0.928098754521091 0.915865562011528 0.668168642596676
-1.04904900642532 -0.580656350962976 1.63677995412522
0.7738067954043 -1.28538796168336 0.668149172875716
1.74788652909487 -0.609607071974408 -0.657879575710526
0.580578363337681 0.956761084869089 -0.94881753193973
-0.700089678177168 1.68299174545556 -0.382188023925389
-0.942190873100633 0.30547555327708 1.22340700712647
-0.361901085586963 -0.992427091998344 1.71820575925401
1.02900843595494 -0.872637532905405 0.551383815388275
1.15045955414028 -0.121385239347505 -0.731043382912767
0.306233813914416 1.34174553943764 -1.12585024526491
-0.697110910989558 1.2891391556724 -0.222027401155371
