0.522600196514782 -1.07035008582099
1.55394900594438 -0.399492457075183
1.48944753045048 0.653983186519842
0.0294530561699634 1.66233987088951
-0.795642268294646 1.20116063700428
-0.944868032218327 0.332460922070051
-0.977298452484674 -0.266722702823871
-0.85238729336684 -0.767435725273397
-0.399010002014667 -0.784090651385085
0.0127354501617 -1.02660519403886
1.00808581320491 -0.853712448623211
1.76296613390677 -0.0132467558954853
0.910842573237136 1.31589982412877
-0.503484007986988 1.64415078675517
-0.82731877235288 0.883655864445882
-1.01072650139752 0.0821919400905221
-0.922020025643043 -0.757613135429957
-0.64165876902398 -0.954300911592058
-0.220837459940866 -1.06460913795936
0.644980777690536 -1.14918476571872
1.84778141297997 -0.424048273827902
1.60721819504123 0.766858816312425
-0.0756537659867385 1.83109863578776
-0.637793145252845 1.13403144653012
-0.928768111012646 0.212026747882962
-0.901787736650872 -0.334921635567551
-0.907469623341607 -0.879594269241574
-0.512179699385821 -1.07496303294715
0.219809291269199 -0.970762640459421
1.37895924268068 -0.842978516456307
1.82827783002568 0.21344891912062
0.401787951258712 1.68645716070294
-0.66896168165844 1.59333071039446
-0.94865248331229 0.682028556855563
-0.990179588662806 -0.0897439880990441
-1.14835509911094 -0.745559247589583
-0.779866740333108 -0.868030647690748
-0.267480703460362 -1.06903638682154
0.614046253479156 -1.1101478161891
1.70027159744602 -0.378483938506787
1.49630219836295 0.763650066166295
0.0325805942906904 1.5884367342722
-0.822091825936202 1.05894393086578
-1.05228067923894 0.151196605215741
-0.969483927460438 -0.255058072551155
-0.806885245413325 -0.91368563004893
-0.452629853660357 -1.08386868390135
0.167069266607572 -1.17594564613724
1.33068310936477 -0.719306588524043
1.98112912242073 0.0219020267755566
0.762109566309322 1.62224007413393
-0.619668509714954 1.74674291548806
-1.02912860734352 0.804347811349219
-1.10181566890577 -0.138051211957894
-1.1640286635173 -0.632493560419741
-0.720683497080703 -0.989786699221193
-0.295848853324646 -1.10362945238821
0.451392321560437 -1.03528341719715
1.75977184721021 -0.606348903007409
1.79660109361939 0.831159618936456
0.114830386996055 1.93735823615508
-0.908768211110446 1.25693861423853
-1.07968428656764 0.316959045026149
-0.963434822689239 -0.359367466275816
-0.871260026381344 -0.753761372898002
-0.594259373727022 -1.06071074433361
0.00515734489484186 -1.10425799431618
1.075293514823 -0.941069900277023
1.83516344566084 -0.157464794300079
0.981665752527573 1.51848906636595
-0.415103156073274 1.6368420743095
-0.865446147425412 0.742162605883978
-0.911920367214534 0.0800638019275343
-0.917057869890824 -0.630618327230792
-0.789423792342923 -0.878751102802876
-0.202410108615365 -1.17634864115313
0.462197590572946 -1.10310683780373
1.65999824091599 -0.697327157440533
1.87350361436661 0.73011247959198
0.0856653466444793 1.74513736336753
-0.714240717982102 1.50589849039536
-0.96179320021126 0.406258277607249
-0.886548563064177 -0.289534002674136
-0.915858421355326 -0.754934441814844
-0.562861457369143 -1.1766483794083
-0.110286425656375 -1.06294293313121
1.01880579189828 -0.898214366918699
1.93951477201313 -0.106152192922121
0.893692372296311 1.15462375569729
-0.17427264613898 1.63811220545511
-0.796068152818343 0.928918916994363
-0.867137065378537 -0.0166656313962093
-0.958632753717477 -0.58006117476163
-0.751953637263998 -0.779381463560018
-0.235395530295885 -1.13591430038309
0.707660496776476 -1.12666986271411
1.55836175951638 -0.388156111237535
1.41749803310269 0.83964996828974
0.0678347812217268 1.71525231792401
-0.656932647656001 1.09063040221741
