-0.897235295023184 -0.365255401619818
-0.73924363384075 -0.368576394086927
-0.307320829301555 -0.887811060995687
0.135390151728137 -1.00386967590205
1.10912188011467 -0.677721800861075
1.68999378534077 0.125493704655862
0.577566232670623 1.21387568238957
-0.62079324989321 1.40314522016739
-0.908969919710939 0.710712363375482
-1.06412858384689 -0.0451682369071592
-0.89001992450118 -0.468266942353871
-0.547357356238603 -0.971127575896907
-0.0400603302589661 -0.980705797678843
0.771490439975048 -0.926080400066404
1.57157837273088 -0.395169407920871
1.33343857603804 1.09353489181076
-0.0214802749178274 1.66758002249425
-0.874144215782892 0.928556335953461
-0.940524580734226 0.31859282734031
-0.993104183159085 -0.387000346656438
-0.723756543671708 -0.972849838989643
-0.488056646656224 -0.93889105633881
0.364003172779725 -0.764185296393147
1.39567124622288 -0.631659338367577
1.63664881883788 0.453700904185484
0.447927632222211 1.7040144552736
-0.544049203191421 1.43471697593362
-0.891790670836257 0.625724949530458
-1.07076134820854 -0.32560570639658
-0.918387896973351 -0.702717694750691
-0.488712136799803 -0.935826274358494
0.0377748301634818 -1.17903809686896
1.16486257859962 -0.741598056217165
1.84258010757036 -0.167461938931641
1.12981741113473 1.47448079446834
-0.344210498111687 1.80248050579708
-0.879807291556449 1.08414406443113
-0.806601248907473 0.011521336356772
-0.865304199865844 -0.502908810261591
-0.686800821770652 -0.891427449086154
-0.313180332616199 -1.06856460769995
0.609963037477685 -0.951712617762033
1.63028182070162 -0.598433049788679
1.65516354531334 0.794026662773453
0.120752014602914 1.95102312560732
-0.732005335321514 1.28136309632832
-0.939640442947824 0.466027621648137
-1.06738887375803 -0.271642853186901
-0.849283435680768 -0.829068188919478
-0.447236546377107 -1.00480881106033
0.126414010193442 -1.14081963688288
1.21744442691414 -0.890113594299513
2.10488934849451 0.134917200168586
0.840141754064705 1.64035775526875
-0.482893590253716 1.80493786543319
-0.817298452407547 0.806386804658577
-1.0479764132695 -0.00651919890278246
-0.774713509184254 -0.328455706201861
-0.725208932800668 -0.708058502468217
-0.275088070235239 -1.1818432184559
0.652325404171588 -0.857583256969556
1.79182593124289 -0.48455525615088
1.67769034150535 0.915048340240544
0.128092400592864 1.89896420475139
-0.782784237428778 1.26601210406801
-1.04411282750095 0.454504036613674
-0.960999251138979 -0.287679493627907
-0.900767911908981 -0.834070538322367
-0.622076417691228 -0.958491673272379
0.146767980369791 -1.25145339674666
1.26505958135921 -0.71564858230875
2.0439590209288 0.146071382031204
0.931548300005344 1.50881557371389
-0.563454547564677 1.66271616278067
-1.00108250670422 0.876174505173798
-1.02398813639835 0.0667594097844901
-0.898270819151591 -0.694347754876894
-0.800882037559033 -0.841122812920888
-0.187212515969211 -0.979758266404998
0.696604320067005 -1.08512160883696
1.86893343395069 -0.565921142489138
1.65553637063661 1.16160714946033
-0.0220886813164604 2.07134019683915
-0.814056185010707 1.24770226000003
-0.977189348848883 0.463183609404457
-1.02214934197812 -0.357757732059656
-0.77598423797228 -0.799717869932136
-0.50395209695836 -1.2340777282527
0.288656417364678 -1.15211052301926
1.38345025481656 -0.928951718483215
2.14658545417852 0.194900401331892
0.556885115035281 1.82999218598548
-0.580137761090515 1.74276530912869
-0.879104118799311 0.902464656511324
-0.993664209743525 -0.00607761633232764
-0.865696403965772 -0.446490777720061
-0.778399270206449 -0.884983351256852
-0.223695834316188 -1.12108769246451
0.712336093464132 -1.28689436848011
1.78711190425293 -0.355470909405674
