1.4766059486604 -0.500928388764649 -1.13283208959992
0.15912078557526 1.40540722404504 -1.50530475171122
-1.12339582910362 1.21015690275275 0.228360506704889
-1.01629477940443 -0.47856250049678 1.24719841586554
0.356982247072533 -1.34132304556129 0.682551482883755
1.49650959862061 -0.622659905709272 -1.21671420823148
-0.0304341853438027 1.16796538772548 -1.26079491950782
-1.07389186062741 1.33172495743764 -0.121182094098193
-1.10081890675512 -0.255502583788361 1.44417542403797
0.414025724063695 -1.33850106388285 0.604354360122777
1.59681255155184 -0.477156328969491 -0.983312318277381
0.660700993516904 1.27669701818673 -1.08335312747213
-1.21913003467463 1.29714774754644 -0.167333636607796
-1.10039486665902 -0.575221899080623 1.40695924373164
0.435315676283667 -1.36961786600037 0.693408584156441
1.48325467753171 -0.861685805248793 -0.93810156249338
0.523145458305465 0.903109564877743 -1.4927889434299
-1.01825455517387 1.00913590521873 -0.0554432840766321
-1.36503570248139 -0.500743069092411 0.848197223652453
0.523755020872961 -0.788782936120816 0.813452625922446
1.2319930438938 -0.913063235668421 -0.59805989506837
0.257168612695852 0.583323767199696 -1.27698138540365
-0.992227157712124 1.46033475308974 -0.178939622539077
-1.30444635104919 0.404943433699582 1.10032080163858
0.380314572351225 -0.869332549129377 0.953649722965185
1.13068456063638 -0.591412816642811 -0.467829374545162
0.479250838182929 0.707045870768294 -1.08343960466758
-0.821516504991255 1.43627910989114 0.26387240387853
-0.706263819844151 -0.689634494317275 1.43128098042536
0.59515288256235 -1.05558385354731 0.794760996264819
1.65095315612293 -0.330865867943587 -0.468714965520461
-0.41246691186972 1.45193632596928 -0.804197332961259
-1.24461625137703 0.936668246992061 0.255347097204085
-0.572320842417771 -0.461937386627859 1.38728602630181
0.693991889883626 -1.41222607278342 0.211716500789836
1.20911192054613 -0.0222015035371475 -0.62195403558669
-0.165362560918071 1.03306688973743 -1.05212307321474
-0.909136869354301 0.671391655236776 0.340814162652337
-0.53483489298597 -0.471423094311519 1.63735259251114
1.47351626650951 -0.883423133552236 0.216132693515258
1.3564945628495 0.507690871386179 -1.04478748789693
-0.529530384394863 1.58431663253497 -0.527484994042915
-1.12975754123409 0.543061629744596 1.43430586815122
0.409077352857596 -0.718284803622361 1.39720589613515
1.69110152668738 -0.966655538684546 -0.3454959906216
0.920111257915325 0.774112031296572 -1.42915609469247
-1.05405361715014 1.63977753906238 -0.683957987009714
-0.88467702755345 -0.34559795952444 1.82455366827963
0.553227065049674 -1.46691193893563 1.0511855623607
1.58426498583134 -1.14363396121645 -0.694211299294456
-0.122302842717444 0.879100304806971 -1.20596587479131
-1.11551100748665 1.13385529292233 -0.0209550046790382
-1.01990529915262 -0.0720586672437031 0.951391459949685
0.325450426646259 -1.71866340762207 0.793408483172303
1.40206366287687 -0.570373359716072 -0.824268652896369
0.219550345665587 0.936293046828088 -1.47936782464883
-1.07714492188081 1.36239063840917 -0.5012886080549
-1.39246604649602 0.0239184012296162 1.38335412218206
-0.00764703853897275 -1.20507864535501 1.25355417792231
1.66677297790531 -0.735621152632995 -0.796659606381616
0.4595443190613 1.2279541941777 -1.7424638517074
-1.10001002997479 1.46938995576723 -0.19719710916486
-0.885578118560204 -0.366472623279566 1.79340035228936
0.725323801795582 -1.40809950825945 1.09959252987276
1.52259314494423 -0.713097245236382 -0.872867487888504
0.271877853615893 1.07677726987508 -0.664453305265093
-1.01576099769805 1.40075068878055 -0.166320529819416
-1.10517822724852 -0.478433496145366 1.78703793470435
0.500873247432769 -1.36129319597138 0.929218259497856
1.50571863402077 -0.494175174601262 -0.817337107655525
-0.0455939539396934 1.08074628295929 -0.933180363480467
-1.00000622951192 1.41870807138316 0.315657863465918
-0.641316342703152 -0.0831833103954159 1.40419712387391
1.31193871511525 -1.0574263693622 0.375162264942401
1.45726036047384 -0.178377452412853 -0.805799492170242
0.14611609319333 1.34631753299262 -1.45386075568215
-1.1404395337985 1.26281735447165 0.180753102121162
-0.788449952527785 -0.806496463772343 1.50348131954683
0.784264570952943 -1.07918102085993 0.813787866187782
1.30651237470894 -0.535365473590439 -0.843187699270292
-0.301223887446194 1.3796195604555 -1.36562155406552
-1.41579747461927 0.947773253661971 0.163209726502927
-1.265248521968 -0.543478457251031 1.48558467064236
0.494493682880436 -1.61956832431827 0.827155574647111
1.49883556720138 -1.05322803313766 -0.973354666926462
0.352508917074804 0.564349679502891 -1.19311272598062
-1.07511500504601 1.55492664036647 -0.595980817304819
-1.17614993402951 0.0364209196483081 1.10206731030111
-0.549188928504713 -1.31102593097604 0.856685581519924
1.6386714301212 -1.46423508579065 -0.313875995655437
0.405943129783745 0.0752659328695598 -1.27977165220863
-0.890426839118709 1.11646122112251 -1.07733219697564
-1.73362509985966 0.185561356154018 0.461868513109298
-0.518257549284149 -0.931479889151379 1.21320834137382
0.612002308795223 -1.19931636606676 -0.514359236225477
0.551312860895818 -0.550976048575236 -1.1280886464789
-0.411016501857978 0.653714451347892 -0.966684721626335
-1.18880234894702 0.110640061563606 0.318099935151208
-0.743530456431056 -0.58882523554523 0.68117403269907
0.13228294063075 -1.00064203566664 0.00635617974768946
