0.293259744475652 1.60002589632473
-0.815194694478184 1.42186927036528
-0.96348344408268 0.582784795159955
-1.02584701639086 -0.558967666251722
-0.771187947409363 -0.725828566192902
-0.517987517236339 -1.23054297926725
0.0702150477477674 -1.0916813787818
1.10827314735258 -0.8422493078056
1.91608253782137 0.178280400788359
0.974511851694284 1.53427975032303
-0.275170622931655 1.51710183787291
-0.859563179459809 0.837044685890027
-0.954232071337746 -0.0809339121575243
-0.850232537597312 -0.58907382117371
-0.610928619862669 -0.8818539577749
-0.136085506628432 -1.14774523051443
0.800170017676737 -0.981246436801561
1.77316487739511 -0.491220157834664
1.64766068638011 0.763032524351288
0.113846807284286 1.58184437411876
-0.632427018126259 1.15577875349307
-0.951840688273302 0.301524979530621
-1.00467645162563 -0.259273183276175
-0.742805591220374 -0.883465270531651
-0.540259713805849 -0.896700688756224
0.154502477752538 -0.966114740913343
1.39857899805831 -0.747850551635001
1.83508800103 0.152668901909895
0.682485064288161 1.50919626850586
-0.472148198605541 1.50692231948082
-0.772453837864733 0.624871921737726
-0.894500329807827 -0.0508514315591797
-0.87748336773729 -0.62851807314711
-0.542312219806519 -0.98952671725924
-0.176456290622928 -1.14073572591576
0.970400195214984 -0.801129452284177
1.86306446082802 -0.455314395518255
1.31403037230225 1.00643630242569
-0.0555827166772624 1.64579106808199
-0.730698766721029 1.05140493557753
-1.03150840955274 0.217189680682667
-0.966519249983126 -0.49104137351785
-0.736352981605334 -0.854364219224622
-0.370556695015648 -1.22577838754282
0.44241549876581 -1.01969745814596
1.61115949443816 -0.521219834605009
1.76545906276956 0.735012622938733
0.374645573945808 1.64859770383925
-0.724562732531206 1.36160504866335
-0.973180917364813 0.530217389915539
-0.912237940318126 -0.287434252675515
-0.980935053731586 -0.833186635228311
-0.436850001932268 -1.26360571026502
0.316323285984762 -1.06127302536173
1.45547460341072 -0.839367374922465
1.97243375426897 0.000401277675308077
0.891913582782227 1.39688222166985
-0.328529396323431 1.58888034887545
-0.73954950403348 0.782157366241546
-1.1301469747604 -0.177736793928881
-0.80448410870391 -0.623646593362833
-0.818759498212835 -1.19550054897347
-0.0124792967539332 -1.0475018830853
0.97594172326765 -0.927153625080146
1.98708908036016 -0.381367588155795
1.59058688794711 1.02712117517142
0.0183273814063506 1.71419184640082
-0.985664459307727 1.1253326215102
-0.96230360799101 0.0571185174361017
-0.565769518570968 -0.581170185392637
-0.757429698880171 -0.999754162814192
-0.188433003172203 -0.848252287690225
0.598446101171328 -1.05990166427881
1.6574835565339 -0.628934175783876
1.79906461758362 0.650793339678356
0.270774701470518 1.65168136530369
-0.71088567807693 1.39365260091851
-1.07260008001221 0.47543730559034
-1.04564824415083 -0.200469939513289
-0.83714436679949 -0.619860589192684
-0.451124142525301 -1.22566428400686
0.130823134499706 -1.25972964742529
1.24071899416634 -0.909541964305442
2.09022092974915 0.226310484467196
0.732993614688075 1.50245355618584
-0.60280517686006 1.76209038879814
-0.720312982757239 0.919010674808645
-1.06601627262291 0.155277157863609
-0.934433833310252 -0.646948272953745
-0.789566274185451 -1.09851576524645
-0.140563856690009 -1.3158224534108
0.89460143935923 -1.06654631545063
1.67501961980362 -0.436490874524612
1.46359199509897 1.19386648204547
0.0660410403463197 1.58693935328087
-0.909507828476888 1.32888159667277
-0.866862738234349 0.36687562608246
-1.00847544934367 -0.328493380188289
-0.843080080890967 -0.881749638024921
-0.338045559129163 -1.07029218902302
