0.907492335908319 -0.0333286148094542 -0.104472893324069 -0.135500109036304
0.574834599558451 0.397884722264047 -0.4117680385618 -0.705316018707387
0.431331855004248 0.478723592714728 -0.682059193671095 -0.468154979227894
0.123519757527098 0.758682438681049 -0.330003274846314 -0.559521633444908
0.144496295875781 0.825666827567942 -0.322989942789714 -0.816175217454944
-0.133225856988889 0.565933292578031 -0.350507176019684 -0.428203157488636
-0.0355637522344305 0.518377458493665 -0.101639736028997 -0.30905324344971
-0.807475876944338 0.162604570345477 0.493208830619241 0.0791731870945718
-0.819556243306795 -0.148288724971826 0.692531694570779 0.0435031340119835
-0.990679076732936 -0.53869202984232 1.29927285343858 0.726242788080143
-1.36182989369035 -0.919356746665926 1.98136820301137 1.19591362100671
-1.52787163558967 -1.14415109247182 2.10622981075128 1.35648011801342
-1.38384174095556 -1.55903710236937 2.35185199125578 1.92686134832224
-1.28742695109343 -1.95778625984444 2.40730119548572 1.91530379361677
-0.982633536533312 -1.7519696323718 1.58400599418127 2.38882643658391
-0.5904109052107 -1.96992924792647 1.16816020334446 2.29178491427283
0.968134396569494 -1.92565510735553 -0.108137291864267 1.09360816741474
2.75557634595067 -1.52149647433243 -0.964331016341403 0.184957603347328
3.58610241297492 -0.711195626974754 -1.25686420884261 -1.27659391775044
2.32402164308012 0.573055453414997 -1.24943605150568 -2.00629326065394
0.813782644280963 1.63344298857233 -1.22598080848169 -2.01115865112106
0.502828774088597 1.87182691457145 -1.26849093218157 -1.97378370645645
-0.836190765816848 1.89033258099279 -1.04055077123097 -1.31128528894696
-0.500299566804517 1.18218493659811 -1.01391444564055 -0.387449251701009
-0.590717861187468 0.818818287694545 -1.16393860342786 0.00838380323652855
-0.0996812588873409 0.638054086008374 -0.762572183817224 -0.141693947580035
0.21983806444069 0.417102084830525 -0.956228042164476 -0.367560509311336
0.308291871482703 0.521235166911709 -0.636747438696588 -0.534368567842538
0.514312597377227 0.625020179308629 -0.653278933232166 -0.225094951462488
0.332166125654459 0.629033695716985 -0.905529129370931 -0.195160851065248
0.28047717924325 0.711895541405708 -0.712082636745916 -0.563181414206818
0.458894705829347 0.713041282913211 -0.674106313641277 -0.651464086513495
0.195092352581014 0.783734212714212 -0.609623878987809 -0.433048575043267
-0.334828344723361 0.540212667454619 -0.00154970618544971 -0.338636087274216
-0.270225125771006 0.490741356605556 -0.15461516992248 -0.00874961031132622
-0.364759277764157 0.304607755766892 -0.259220713842613 0.00738168442789485
-0.446272688111452 -0.0252723039146346 0.303404857431835 -0.131147602354146
-1.0795184457284 -0.0780025484130931 0.848191954384786 0.358259686792506
-0.683570635714535 -0.490058703655372 1.19880748033169 0.731654220820758
-0.717291585167671 -0.819155481466214 1.52260284508334 1.09894992619407
-1.10945569907727 -0.921791185055619 1.19713761365138 1.11124872880373
-0.805289541400935 -1.39979142778637 1.36058582512061 1.45378426561524
-0.512670660081979 -1.50493924738214 0.868835003512036 1.21465985052934
0.33443039446235 -1.29451651137547 0.231305736960077 0.890593849106578
1.16286349821103 -0.804593881606137 -0.253284888503002 0.0936780656122115
1.50326167557746 -0.367370136098449 -0.829401859775106 -0.456598068316755
1.59103593147881 0.360939508397403 -0.833393645511192 -1.12756315181358
0.991997601226 1.04106475952244 -1.44261567673022 -1.40427578435851
0.558912286890955 1.31559220257707 -1.08516624401273 -1.4293191031129
-0.299013821429856 1.45547018081956 -1.12154116665595 -1.18829281582952
-0.376114282931342 1.15658263360286 -0.762859182700059 -0.792061405679636
-0.258909458717128 0.817794821452825 -0.291152503349941 -0.508600126911864
-0.434233058730646 0.514684055808656 -0.0985850332949962 0.0600669650173721
-0.564340495578296 0.0892685045870184 0.420571002221016 0.422163383324737
-0.967768691621105 -0.197172297466311 1.1081129704062 0.533855574302396
-1.2126502153264 -0.666647378023632 1.33036106068629 0.863786314545116
-0.943366539937568 -0.898927484007223 1.78981394999022 1.08831264576686
-1.34643972448423 -0.925259350821745 1.80750854342362 1.80087812567865
-1.34497876303737 -1.26119554713558 2.0589858963577 1.64177760799153
-1.0433230542823 -1.68451960258625 1.40733715655712 1.67049609130048
-0.223520174198327 -1.61065570558267 1.09492228299394 1.47198238276975
0.835141156224469 -1.57777057719734 0.308950213800256 1.00178619846239
2.29176843367448 -1.19290665219644 -0.614664408340257 -0.0127155817643002
2.76504055722581 -0.55311986715876 -1.14595269489701 -1.31310338062387
2.1428048522682 0.697299421650849 -1.0971752748229 -1.73336079775469
1.07760876259804 1.26246588774552 -1.4591008697112 -1.77323862499915
0.0206480513677325 1.84869843177737 -1.21926160008587 -1.4659689673746
-0.223441413040721 1.54653645735646 -1.25451882684993 -1.06593948908638
-0.606088803796102 1.2518652322397 -0.867717695391304 -0.453603894622511
-0.455862474364605 1.08430756976825 -0.503031105227603 -0.0632498424812649
-0.270598481584776 0.652600916205194 -0.360205449866557 0.184512105604941
-0.258494281004065 0.376026960112842 -0.0781322164249238 0.0234028369441277
0.144731839077042 0.0119289037350944 -0.122993742837468 0.164313916702766
-0.143509897029057 0.108485869219941 -0.111480109157703 -0.279544134665091
0.214952089963984 -0.0907048048431853 0.0258545783169181 0.34020828319213
-0.0792014465157617 -0.117530820695833 0.0236913147578844 -0.190865456798211
0.235388665495862 -0.165232706858397 -0.143866272803613 0.117010933721652
-0.014341289125099 -0.180525881345602 -0.33341708637415 -0.0837749756611645
0.43863569208991 0.193711733428877 -0.108668804555234 -0.464639513316443
-0.00866113420311814 0.244972157096659 -0.351440036387284 -0.437836904211163
-0.282129913639986 0.225024600135639 -0.25484560131733 -0.0684889499478078
-0.174414773520022 0.40835961322321 -0.0143891638045719 -0.165675151321637
-0.560969068515133 0.178516420920369 0.259430514399221 0.0960449480909702
-0.42776035862338 -0.000312267299531035 0.729940331148462 0.439712412728887
-0.666004901454547 -0.194747452122001 0.684880237770734 0.44129630389962
-0.852036484120483 -0.454383126987884 0.970418204882752 0.730372882216373
-0.761358535480451 -0.896877266592434 0.993340394168618 0.718129970890784
-1.03638814451234 -0.861644745498872 1.30016286344223 0.731351028272219
-0.852709803715883 -1.34071634448397 1.30749026696572 1.16907067351998
-0.843479175349621 -1.40400769538407 1.14674756755384 1.20762074604101
-0.384165594107214 -1.25187071220169 0.705992910211106 1.1640190656392
0.311734790393091 -1.23396010443582 0.364973837522681 0.818656294136558
1.46012651527328 -0.79056567062142 -0.471516564811515 0.106362483034825
1.87331424044698 -0.294841927657061 -1.07123336555839 -0.74517761244346
1.47715371274723 0.714561779972814 -1.18516711703341 -1.39192163897924
0.966982837566818 1.34112063715403 -0.891267265136548 -1.66569377400824
-0.187844007834625 1.26953672104571 -1.19577218543691 -1.24885105689022
-0.281361441084373 1.56481879017608 -0.902394805909084 -0.910751452352686
-0.58099489511391 1.12270663048569 -0.670661744622607 -0.58013757594705
-0.601966018159685 0.8253205815496 -0.386775451448998 -0.178595497022321
