1.53179600698336 -0.465489708201592 -0.905645418305852
-0.0797426587650201 1.50726638773545 -1.19144604951241
-1.3619501018988 0.863631572960873 0.0764059542885465
-1.25043184182624 -0.322504019776365 1.67145112542331
0.892641487101434 -1.61046969326184 0.939861757739089
1.35105132381868 -0.572541808728563 -0.917608830045864
0.196709534071914 1.30679611336821 -1.25442248017109
-1.33277186437836 1.61588376723695 -0.0092628956271973
-1.15917210550102 -0.310987584217827 1.64120990371532
0.784909901810156 -1.36229205477179 0.844278163803384
1.60671078157125 -0.877235514248325 -0.692857959734187
0.556232895498203 1.35725823018343 -1.65743352606425
-1.44184158584226 1.51603448910161 -0.145009511141853
-1.20253359065169 -0.364127578751896 1.701826432553
0.928360652557717 -1.30512144374545 0.62961547368031
1.55305364486652 -0.48835159886341 -0.693718179956379
-0.00854365470227471 0.922424862595295 -1.13257530653025
-1.73161071855234 1.13653578439347 0.17374100131834
-0.607000600424513 -0.823734293207265 1.63729135986917
0.252576529601439 -1.60423091783682 0.267411262898571
0.982003775658201 -0.497319624312331 -0.989974849204191
-0.186292136460679 0.695757881916568 -1.24884385416541
-1.19164137310857 1.20727668710169 -0.0482154499652781
-1.01855037640387 -0.398787214692155 1.25945452123902
0.157260910682886 -1.48628117568673 0.468921956246667
1.45795635039064 -0.617252054330539 -0.915161263401525
-0.0723429042646601 1.06859000099583 -1.4451318552192
-1.17281093678864 1.36254931736394 -0.0853237389526406
-0.867002611459451 -0.414702194992657 1.45138634240948
-0.0069132527193453 -1.2986972314792 1.07580752704935
1.53474232716716 -0.629514081472209 -0.949491327923847
0.106601161021737 0.560479873338093 -1.49579217719304
-1.2181732734576 1.16277230103898 -0.681356584349189
-1.15416788750298 -0.442842716112125 0.935812816361918
0.0483882453988106 -0.951739141345107 0.693779119496244
0.999112509325521 -0.819617235996579 -0.358437569037966
0.501960317924313 0.434158371245663 -1.36215983649571
-0.83270082778858 0.954932986167671 -0.501964282479189
-1.02171267892642 -0.199832732597521 0.978189405194668
0.467351155183956 -1.26772052897299 0.774614540667615
1.27137639021818 -0.774075357167662 -0.526873213014185
0.401367636921631 0.786031507916208 -0.79899872774959
-0.804214663705321 1.24783919213262 0.0164180052552483
-0.431062492338786 -0.469971210690473 1.17103631602538
0.665573011717917 -0.951563549699136 0.920107727076549
1.49012417475991 -0.363784089854144 -0.792598054159082
-0.127354837457652 1.03217731303567 -1.01048361950746
-0.978972875328088 1.02858333449123 0.137072651389345
-1.07577634117245 -0.812554799416048 1.60448688614942
0.646685739526977 -1.30708191677703 0.459134849790659
1.21859053679505 -0.27843039005562 -0.926830300905658
-0.133523288556088 1.29084024238438 -1.00990981917016
-1.0317478106589 1.13653911293523 0.576331365920726
-0.706595292569438 -0.541903251395288 1.33699617587188
1.33854506766957 -1.10719627613626 0.295379655038929
1.32705484469848 0.524389859778611 -0.762573332592624
-0.607365966720171 1.52799291025725 -0.405887876920524
-1.32232625551119 0.562445604514562 1.2229200915614
-0.0365356553927733 -0.867384581577319 1.53798740208634
1.59402022869841 -0.974885352481465 -0.244000141092264
0.572451778078407 0.539509302392889 -1.20077982476567
-0.944552373914637 1.54775189109561 -0.117682133553915
-1.03806513493599 -0.234242655068183 1.30347351395241
0.159002495759905 -1.36482798190628 0.741543960599586
1.5352393812456 -0.554858459594644 -0.554256067533299
0.582606012926051 0.481845543607734 -1.50174420629129
-1.06657839229814 1.42134813928417 -0.269568366248794
-1.34735756315418 -0.12205913013266 1.30597267388255
0.156645528104159 -1.34074831671045 1.00101921802265
0.966252912213498 -1.01228088546752 -0.391276849646103
0.564921511895388 0.951863963617873 -1.20385312711929
-1.2028734324536 1.29933335978225 -0.72357198858098
-1.42437371586243 -0.0636914672848376 1.10716968860755
0.115149399970107 -1.02608147267149 1.15715719328901
1.64980942992036 -0.623962175123134 -0.724803733982395
0.657223214247789 1.24561081593929 -1.33968736130662
-1.22722073987068 1.39708929855539 -0.3144813623911
-0.834422139689605 -0.452805733905704 1.26653501102088
0.572894194717827 -1.08485670164562 0.94944832832049
1.36444342699118 -0.133624910546066 -1.0053767718373
0.151643267586166 1.01070437833753 -1.05553592123686
-0.989399578945917 0.989810163655687 0.00164973411034729
-1.1391126421844 -0.0897301083730284 1.37169408055687
0.721543395473354 -1.27813993157409 0.81051692990582
1.61250218821768 -0.501724908232029 -1.48069938433013
-0.0358942533242379 1.45958023746214 -1.34748382526597
-1.04907247444119 1.30012503133946 -0.086108890102212
-0.511955996373934 -0.473976684539439 1.36903689285569
0.663375707421608 -1.08755210898862 0.650805268330851
1.80898924073127 -0.340408396143473 -1.0659308023367
0.179403295618638 1.02762089289458 -1.08107836687622
-1.00889970535175 1.01156597386677 0.207877131808729
-0.655182305158278 -0.745252165620272 1.25203762685713
0.679464059720959 -1.05340805747553 0.743613055843427
1.21485872616391 -0.349267114081836 -0.929475953287309
-0.24621736866372 1.26106998150948 -1.37600056765852
-1.16496114157846 1.35283468849623 -0.132369329807988
-1.25226947676301 -1.09281972014948 1.56444386717444
0.497506526131865 -1.57520919285666 0.644322078906705
1.02310806102261 -0.92510016508382 -0.885493179418254
