0.0376734926919625 -1.01055467429478 1.42332580685926
1.17263801875536 -0.888096052224091 -0.612271053465231
0.816555244032413 0.484648946238991 -1.76716073351442
-1.08824713611187 1.36860915160364 -0.769428468655381
-1.3831934454705 0.242277623659588 1.22923374343756
-0.446240110653293 -1.12098123037684 1.19363818349067
1.59725929403721 -1.38899575655037 0.0455665292490132
0.707334210830151 0.693959418033838 -1.33046215621311
-1.16262249110403 1.81641230488178 -0.563012030271474
-1.55144739824231 0.0316966443010898 1.31517539895483
-0.00324506844704433 -1.48908169397979 1.43167373213818
1.80172436322425 -1.31319170543777 -0.774000845918892
0.968398830940434 0.531720167610643 -1.52354268873347
-0.726525126850253 1.36995943338531 -0.713428691281136
-1.47237109181352 0.17874441171059 1.04142685221736
-0.576854914383816 -1.2542126933732 1.22722365844158
1.1769484847388 -1.51617171270349 -0.186354146781101
1.31868290268479 0.230716383407562 -1.68081282405244
-1.01403886877807 1.56907242136026 -0.986703040578911
-1.66985379461201 1.43227085563085 0.655328359247899
-0.81923295268333 -1.05629893036637 1.68455371306647
1.41648959640543 -1.48525155327741 0.270017118883794
1.4769720242169 -0.403575695779757 -1.40523517615607
-0.131407733367331 1.41277617303098 -1.33608795839666
-1.00263087356491 1.20814948342232 0.571321614251904
-0.934127912569447 -0.566133072545375 1.60800121174547
0.819542842006166 -1.45266823101968 0.567609375856418
1.28034250096638 -0.318504556216975 -1.14616394906712
-0.116321655525719 1.34324781653253 -1.13633738354822
-1.36541512324607 1.19629414922879 -0.0444803538453307
-0.922613358480036 -0.640748542536296 1.49462096152343
0.574528647888747 -1.43479442498213 0.561197892225152
1.42340931907153 -0.546388820331656 -0.815641548425577
-0.270147240824521 1.31346124991419 -1.42498128157477
-1.03495127514639 1.3346614152659 -0.042307799246035
-1.0007877413109 -0.574905405258376 1.34456346923393
0.889352730355588 -1.15587811649697 0.83033264675439
1.65461002005461 -0.495120979995214 -0.815322218719738
0.395211317380005 1.75768182465888 -1.24121598067394
-1.16110730324251 0.902998771387683 0.158132074640425
-0.997861068231872 -0.55396917408063 1.49620943055805
0.822178079595497 -1.5758651852211 0.518603902037705
1.40291640347804 -0.6552156624915 -0.742439971188662
0.187014028051088 1.18755721043404 -1.24961770121245
-1.13380555731039 1.07441560629602 0.0502260857285099
-0.974410542724881 -0.123441399822712 1.21897120648774
0.613906898674627 -1.23348834760381 0.412431369024883
1.57537551265905 -0.756031567314499 -0.829351280066711
-0.282801712838144 1.0168561404669 -1.58096862050063
-0.911737293691211 1.07143780131941 0.164585335190939
-1.38250417398584 -0.542893080658805 1.30138268048241
0.441838456143129 -1.25826189803905 0.724011695511864
1.33859188249694 -0.486953373615602 -1.05807060681121
0.116307945389618 0.987156193401512 -1.22396407673243
-1.19705128493468 0.795773963559649 -0.321805029769225
-0.955227291153659 -0.570528565523108 1.32452953314183
0.263642108976212 -1.65337721170955 0.621399864464477
1.29752765665507 -0.531215779683474 -0.923944120740428
0.063156205494772 0.611343896213052 -1.27019016456696
-1.08515649792003 0.785894286656946 -0.434153012026706
-0.848085567929047 -0.357057482931945 0.852550938690098
0.10203339027901 -0.873443805012123 0.863029835498188
0.950216441832349 -0.776669875787242 -0.744147305854409
0.518263648755342 0.925982612929467 -1.046762941427
-0.863216099757512 1.35457553518354 -0.592065059689973
-0.911038818931374 -0.121217091694192 1.1415114081247
0.146740700685514 -0.801286828602807 1.29174349530664
1.18985668969343 -0.448187656921379 -0.241838593850749
0.297996580740441 0.93109340266033 -0.748746900108553
-0.902947671570041 1.29408012729733 0.278065562405155
-0.756868535455113 -0.295082456215952 1.02955409229092
0.996287315106531 -0.935892338321159 0.814414321930887
1.46211265867237 -0.32792466356644 -0.769733140554903
0.182941223035832 1.18743985323339 -0.383422632080509
-0.766024171559197 1.14219236070626 0.485149204733512
-0.698055593923873 -0.788048721656973 1.27012668587447
0.819514139994161 -1.0061823132686 0.167228001891877
1.26603380164954 -0.034713102698081 -0.904799358025821
-0.0453687127342655 1.00832381696661 -0.808124529230935
-1.0961050154262 1.14978251235946 0.449889809570913
-0.230020344374679 -0.827383011993296 1.47243969773355
0.729988887510976 -0.910445160574545 0.330625519746033
1.61110352106988 0.314001572048105 -1.16951896965664
-0.802547536963387 1.45798598314476 -0.396765411633299
-0.732107052106405 0.186501372650948 1.01059393746666
0.23153124584257 -0.704615019999762 1.24053345043685
1.56041005235407 -0.559653972147446 -0.242542539306318
0.669898190948803 0.683351617931034 -1.2607712558295
-0.986302988959283 1.36546391200927 -0.361474111615468
-0.716563946276335 -0.451374672498793 0.955047054632652
0.317662822487372 -1.11583338170698 1.03048428504166
1.67164200743236 -0.8684135231157 -0.650908917837586
-0.0237836318135769 0.621312679087333 -1.20728570604562
-1.00650027576123 1.31815057972798 -0.534679434218857
-1.09844157121626 -0.406145521375541 1.11443524419467
-0.0839287825794468 -1.04871849925835 0.83864726350122
1.17930068548906 -0.911215313080827 -0.638191738186025
0.231769522951123 0.844034879701177 -1.30582094704941
-1.38268183550802 1.06434474802713 -0.640484569061969
-1.06090635236166 -0.176111803338566 1.47617572008119
