-0.302620563792809 -1.08566664517545
0.734595921489615 -0.87329512874434
1.52738585855337 -0.597310159961688
1.41429778043291 0.878438053157746
-0.0125787856376251 1.43635697925782
-0.774977048768464 1.23917312267914
-1.05033291449127 0.432727705159462
-0.973183356257997 -0.416436631329396
-0.97445312566915 -0.70428272546243
-0.472828201946923 -1.08625906586237
0.195724252463926 -0.957922264552317
1.41257290420391 -0.907778979373039
1.73396987970239 0.112191559954385
0.586277304306122 1.43388057611285
-0.621728635935153 1.44979611906187
-1.00051506397534 0.883525867394915
-0.841250734902018 -0.0897112707552702
-0.897936186780687 -0.628648297987919
-0.564022868012836 -0.940452199076105
-0.0670000073848982 -1.32107362036353
0.897231404159508 -1.01965093884308
1.78703583874479 -0.171763239725652
0.948244348618163 1.22363777065131
-0.379037347214049 1.40855215164746
-0.773108894420516 1.15901277117347
-1.00192119249293 0.212138330247408
-1.0175805025024 -0.412694478373482
-0.774139702636239 -0.937500046274358
-0.397792144584728 -1.03892228869152
0.72086910496856 -0.857068892171002
1.77835118184221 -0.33160428791323
1.4212329611177 0.8392677572891
0.180650398831566 1.53415168203117
-0.681467262632249 1.22580606474841
-0.992796756300731 0.316780031917587
-1.02910230245355 -0.184195483364775
-0.848161698082179 -1.0538378368315
-0.489948780830535 -0.999424806277455
0.146911896631099 -1.11366947214133
1.24261637882932 -0.823954589676831
1.93909826118515 0.175605847702472
0.611141418078652 1.59948128784761
-0.471695083070362 1.47302069772917
-1.09075637603367 0.85362315781226
-1.07002976046084 -0.175713601489045
-1.05164470956624 -0.642084416769808
-0.722403569783591 -1.00155389414684
0.090474565878791 -1.02064724593317
0.899265879782189 -0.95830386040663
1.71441969991598 -0.342409889803284
1.21054863171894 1.16836421300925
-0.105452352419382 1.57414292082347
-0.865478445635514 0.90396168841274
-1.02202479077 0.215746986552209
-1.09135433608975 -0.619700798934381
-0.798424332427998 -0.851360196048758
-0.445940945787569 -0.998387300991631
0.559251365948407 -0.987650733054406
1.43040206977967 -0.660766678041647
1.7419309917269 0.249183153884005
0.463133304943035 1.62326544174903
-0.792546411131538 1.23328667347555
-1.00139667295412 0.534754691409516
-1.12439298032986 -0.163279547842855
-0.903513071782766 -0.658199295688825
-0.477616642858971 -0.991758638743474
0.246461462089996 -1.19254084161341
1.16727827688258 -0.804663390722865
1.76878695037902 0.248032759162457
0.575887186780382 1.58199978137356
-0.440131395638476 1.37979042591204
-0.992533935941201 0.768855292828439
-0.956238839201136 -0.137108254299933
-0.880754363176626 -0.646393309362921
-0.584004067815007 -1.12592038024389
-0.13733251921161 -1.2305753072548
0.865941603710127 -1.14007225105778
1.64855505472583 -0.405372600001835
1.47150751038447 1.16316557595878
-0.10440577585971 2.01656471122661
-0.888316047903471 1.01929302949263
-1.18002811699592 0.225067925051251
-1.11974882147478 -0.547017225566131
-0.733800107304604 -0.925821705221088
-0.446101929574413 -1.2005827285738
0.621169622878524 -1.11298208732041
1.57689066853154 -0.768775122783192
1.95523976432704 0.330516270565168
0.558017476497892 1.71593807011194
-0.68682282827865 1.46000562349256
-0.973959224431888 0.518378232095362
-1.07184339088005 -0.222123659256324
-0.889217698611789 -0.74240653395338
-0.573851938243264 -1.1568314302501
0.0493550545813297 -1.25518021051902
0.984542204427692 -0.906748891565685
1.90195122010542 -0.163195879673312
1.15779906321943 1.35839322270916
-0.461425589172535 2.03100723100033
-0.843345574851554 1.10236980219104
