0.219137527760455 -0.984945261688393
1.3294056074644 -0.572079742367371
1.86623938306624 0.323066706997229
0.323812557165992 1.5372293929315
-0.574622294002635 1.33064649332751
-0.813414602904532 0.498370718470709
-0.9163277474923 -0.36128707403656
-0.946086203745298 -0.682433577888884
-0.575801330445963 -1.06060522955513
-0.0351919653664558 -1.27312827563389
0.985233948601634 -0.883360411496054
1.85190130083729 -0.225574793967345
1.12393206145025 1.18690930725374
-0.437323022751431 1.75342802560577
-0.81911177798281 0.782570242386362
-1.05454011268528 0.0937495294243445
-1.03395858068581 -0.526134825440085
-0.591821533653157 -0.932597651081852
-0.274678433000407 -1.05436185904482
0.506519323669068 -1.0375577720769
1.51015067093401 -0.577028846484984
1.66617830504294 0.747928078689134
0.116834415766852 1.66763846588893
-0.779372324256552 1.19033263547649
-1.03860335067271 0.501185662134535
-0.983488449174834 -0.219439920418458
-0.736241246551316 -0.798181553904997
-0.618730138119734 -1.01848723860771
0.100035455897931 -1.00113312938587
1.16441568423514 -0.820327753240768
1.89476593349614 -0.0348104697960789
0.760007400180197 1.38267599603516
-0.461787308568036 1.63948624548742
-1.04679827977536 0.688009699620793
-0.965760674409481 0.0359128181641276
-0.808502387706982 -0.542289842513046
-0.616605462467318 -1.00797014722072
-0.297854049397987 -0.939906602396642
0.481934613819193 -0.964843835559165
1.68462986452449 -0.403458115842322
1.45190877783842 0.685975044202812
0.123637124405285 1.60745600794282
-0.742854557156426 1.20857041323986
-0.999011630722768 0.537741631097907
-0.986033456082408 -0.318301964799731
-0.778527033602007 -0.842855518053579
-0.555795170324795 -1.15215939457837
0.186583451146048 -1.1352967331457
1.15507514345296 -0.942812621261257
1.73034879863951 -0.0436087009283735
0.770970507193439 1.53167240164829
-0.410913016014735 1.56108569068677
-0.921631957712333 0.586176191907835
-0.859564033012178 0.0987158346815533
-0.891782958643991 -0.699165198239934
-0.607293030875284 -1.03888423237907
-0.316111073568063 -1.03967462822337
0.47886468715165 -1.0932806800022
1.66084995841918 -0.600650460391588
1.60302245705491 0.813930977073165
-0.058570445941977 1.93595255336397
-0.803302874640706 1.17741461632843
-1.03742856892747 0.344272191015709
-0.966795444022312 -0.393338719220521
-0.865817006032836 -0.886337030884277
-0.438898879299049 -1.09621295939079
0.236822397955085 -1.04878087641926
1.46655539725887 -0.811709871370967
1.9794517462347 0.131609204459426
0.503719286012045 1.59048242800717
-0.626628713332344 1.58693922471158
-1.03736100387166 0.763006618645926
-1.04826620043862 -0.243979007203368
-0.925170682232808 -0.562209754284887
-0.726112429662663 -1.03252513158004
-0.170068555938025 -1.21715476383099
0.51574645881869 -1.0573235972397
1.76958901346077 -0.556566493933465
1.51640132160691 0.775437080643045
-0.0370548124835024 1.87887355931422
-0.757417460260986 1.21221960241364
-0.931013744421579 0.431239683334249
-1.03461521848125 -0.254939301449225
-0.917183780631229 -0.846713102453417
-0.559889406589006 -1.08756916705636
-0.0121946351680892 -1.02911835770814
1.3229288675642 -0.855732037415024
2.08412428971547 0.12358428344827
0.70378568220164 1.70415136990978
-0.482098312118424 1.72010851950502
-0.962253336343209 0.709473520933703
-1.13809031390903 -0.0373314778545114
-1.0409513328354 -0.438202755985118
-0.805355721911193 -0.972336440055437
-0.178625931756476 -1.1216772308257
0.522210573550673 -1.09038968425374
1.75579403309483 -0.412502931164953
1.81247561204961 0.672973215698102
-0.0669406980894426 1.86743006397532
-0.811754935866454 1.26565280714883
