0.946946921941929 -1.30592496725191 -0.456615021231594
0.928835096862859 0.0497293551279563 -1.42229995308426
-0.471782814895101 1.12305706173241 -1.409714174756
-1.34141222922822 1.07196183245039 -0.298622228822576
-1.50760750049953 -0.342173716724808 0.969477939439518
-0.381265155997622 -1.42567300962298 1.00428959533703
0.729373320356862 -1.73680970505488 0.0453693634765817
1.24657432526488 -0.885067546475661 -1.13910078542484
0.196888776982754 0.32665766785025 -1.39567160671942
-0.650729370489516 1.02450953280912 -1.29977284070807
-1.46131888452953 0.662027977326455 0.16788271428956
-0.947665492991768 -0.635079776792167 0.912701562740568
0.266539426982612 -1.58613788555072 0.782234325977275
1.05908423422174 -0.796349279103164 -0.611853447525175
0.865948891097958 0.177134792525521 -1.46766869917999
-0.420712923318003 1.23789509259793 -1.16660720986154
-1.30140785602951 0.845935027874722 0.0140257927882258
-0.773536786553611 -0.166202335833209 0.852068503294302
-0.0330226461677456 -0.754607149037411 0.741661659218805
0.665429774913853 -0.888246794783924 -0.299354400905122
0.727665973145459 -0.137784348322483 -0.64731189385791
-0.290082636622755 0.813421754271195 -0.889331994363046
-0.800051420701585 0.855401018798338 -0.141389584868684
-0.761299279119805 -0.227667022053086 0.624189352377264
0.00586254381030486 -0.910196228564471 1.01153607989851
0.878689847810886 -1.08990903857334 -0.101900356601027
1.00354378868018 0.131075942549143 -1.25007382054803
-0.118400160448956 0.943656946156695 -1.0369323272695
-0.703528576308438 0.882107227548138 0.0100891880388446
-0.99610327654463 -0.482057889804513 1.00936103594278
0.318776848010999 -0.827542243072369 0.602402328129402
0.917116771943234 -0.855440792013977 -0.262649726676039
0.785849703066541 0.313790005607861 -1.1826324083023
-0.238190153514229 1.17504550873758 -1.04714775431851
-0.913084180999218 1.13335377838773 0.216585667264579
-0.971156118058956 -0.307080741190071 1.37108547195831
0.618667789173744 -1.09597915858048 1.01969292248318
1.37465213516835 -0.656385677526858 -0.72508195954355
0.922233483165224 0.41612914426231 -0.979101794504626
-0.697419392807247 1.37956637396532 -0.244407779435515
-0.967571489540281 0.529134047595797 1.23432436688229
-0.251711716950462 -0.678413990458386 1.46638594516387
1.13862641665898 -1.11567187247112 0.0167586928620159
1.29880605829662 0.0633011379462991 -0.583216510342454
-0.21606549482317 1.37494479399424 -0.971405041848504
-1.12042364787379 1.15791805822922 0.327387694651349
-1.01523329402949 -0.808227868803903 2.0749224205395
0.412808033772092 -1.38319780545492 1.15884023817483
2.0285770539336 -0.756521195011974 -0.666446490056167
1.32079734536967 0.562171349931623 -0.914262798989588
-0.568819644825443 2.03085574729268 -0.553256650061994
-1.6970565475788 0.981573251387178 1.16155586471558
-0.800532320323803 -0.854453675714429 1.9474324397049
1.11699828912854 -1.56774888796093 0.692591489371994
2.01931537309356 -0.844740301419466 -0.833234366642224
0.600144654956418 1.32105849900607 -1.22903881675897
-1.11272473931451 1.86307908310742 -0.625988171215268
-1.4641398037477 -0.0958780997611358 1.01930517031005
-0.52651833069396 -1.04568695524326 1.70819843186795
0.895354918605255 -1.6729712225278 0.162772394608001
1.75815496487964 -0.492761709714187 -0.872849832868605
0.447054045156668 0.726337298989964 -1.43193221554995
-0.920341545242443 1.53016621188605 -0.994207456266003
-1.68638106547755 0.619290644358109 0.531040807865884
-1.05667114426149 -1.01793162855442 1.83860414152276
0.438586186663027 -1.33906351508355 0.941701375722486
1.57170486320065 -0.793043425477077 -0.927691273066517
0.913588742261542 0.31561080968867 -1.3175247397573
-0.583900637230342 1.75135488057672 -0.906786831804908
-1.54487575098299 0.910452050164572 0.48609433418188
-0.431806597430094 -0.739987627436366 1.51682143694457
0.648405741814015 -1.51309958424702 0.905537887180876
1.74326339154126 -0.682056328307854 -0.833522003901169
0.858318360768759 0.74271072288374 -0.876827075287424
-0.889420749035385 1.51647121871804 -0.298362233647308
-1.14272417373725 0.50008050184599 0.99102776480221
-0.444073184308329 -0.706387993955316 1.67216422710099
1.31077272938263 -1.03169772064555 0.225700106936414
1.18432708174686 -0.249321402871457 -0.99316921287516
0.181343430264243 1.19393339485858 -1.14329200596181
-1.13630104457452 1.34984547945927 -0.068628190702692
-1.18338775704928 0.0358633733125918 1.21528883158297
-0.278326166287739 -0.923891171056488 1.23394585361299
1.16474247005635 -0.957005708425459 -0.142685392579193
1.15703295079899 -0.14992340188835 -0.820061165095065
0.0104161040695271 1.1820883045875 -1.37507068235914
-0.970493842771512 1.33503582942264 -0.0882249412598498
-1.07826653708277 -0.141858116092376 1.23549554331196
-0.20809255118207 -0.863927828913537 1.37441713447086
1.27344325308007 -0.916231825727177 -0.266126534477833
1.40879190545605 -0.0699019901106055 -0.835580308247762
-0.380375202656214 1.2890609125813 -1.14486399759852
-1.15411869112805 1.06903471243143 0.096367221316943
-1.06856827288191 -0.12994164818346 1.47279406884796
0.371817982585728 -1.2538366428803 1.30588451448667
1.32643925708964 -1.09677491989073 -0.214500421200522
1.21155608717636 0.472917332760529 -1.03081158629518
-0.796404288490806 1.86109983532057 -0.968244426909467
-1.29029147814909 1.03990285189004 0.33296306909533
-0.504472778919891 -0.883277004584815 1.70207617164309
