-0.928480106971156 -0.1560023325637 0.860791434640026 0.455720348854688
-0.95493509453154 -0.508168673468368 1.07644594563198 0.506766783743661
-0.728295649250349 -0.820178210933163 1.57151901753348 1.12943367578912
-0.949852701580574 -1.20847352716696 1.3993770717733 1.10727585652714
-0.9257738126484 -1.04623916220628 1.38250113757107 1.32732549759356
-0.600337001194028 -1.53074278359447 0.824666389090928 1.19552410863347
0.136761172030594 -1.38872814273203 0.571224960440538 0.809239127110041
1.27872156801859 -1.24204020663986 -0.653275413636237 -0.0216033262311684
2.01518785917562 -0.511366172330198 -0.969806028386305 -0.834501435330406
2.12372601942475 0.363307248705403 -1.18286655306565 -1.54434334994303
1.48240730830627 1.0737249064109 -1.20169127581373 -1.67291003221627
0.475473308073894 1.63692441193713 -1.14543663222142 -1.48066092820453
-0.0244806714694159 1.71999907225323 -0.99750637157714 -1.27658301625143
-0.134206947434745 1.47399831261294 -1.28649028026911 -0.924434796159989
-0.347331081772923 1.1758174665239 -0.933803955606526 -0.614923115112166
-0.463524774073936 0.883886906641383 -0.494961193860253 -0.196638972716045
-0.246064858602892 0.627308111385942 -0.133443226819166 0.073904182904371
-0.472931646976454 0.243820520110159 -0.149199981298401 -0.0204790971347066
-0.192483178032543 0.227718185663408 0.427291282488924 0.281158587746029
-0.511472871685895 -0.263736056373647 0.954820397984576 0.525183954737707
-0.43123334660969 -0.719369605197624 0.539269645523311 0.536436977617716
-0.494214455908952 -0.548524794832096 0.708597629258002 0.915887386145867
-0.457398492265802 -0.624284104063964 0.562684979959332 0.811494183674105
0.275896806916036 -0.69394366886527 0.13479866529428 0.757259696929341
0.765827219807553 -0.485358135918918 -0.174664373650019 0.0250587818042681
1.0870886750548 -0.25719313720428 -0.699149563244583 -0.182765393256288
1.2149848111844 0.00597298711189451 -0.899974864389837 -0.75673143512148
1.38308406333471 0.535990258810092 -0.897849197417637 -0.905102487174063
1.02648328570417 1.13503440894161 -1.09445263594442 -1.28018443351522
0.285578515413271 1.35865338130066 -1.15318338046151 -1.4606598105064
0.033043437106993 1.14670629423083 -0.830994471700615 -1.10030539980073
-0.056114149556805 1.3453084410559 -0.848728414198296 -0.531062783109107
-0.240661368015193 0.836579435660463 -0.589585542421213 -0.552606341776141
-0.552484114878115 0.582436532826642 -0.0224003861730508 -0.237078578038677
-0.485877365812919 0.0645229860133988 0.253486496506977 0.163516116937072
-0.721253714970846 0.0890985771119119 0.892633894074927 0.415194518072344
-0.492153486910857 -0.21703023654967 0.702149918869397 0.150225315346244
-0.865091776064614 -0.386621256435824 0.957891106103042 0.582950455040317
-0.342311495667362 -0.673188985943739 0.841434989328859 0.930840856041072
-0.459066473929372 -0.975627092911079 0.478470550676026 0.953241780213208
-0.293445899207236 -0.857717254662233 0.40680747129219 0.665233463156788
0.507391254536924 -0.808679751300828 0.0040002834838037 0.652526670079785
1.3129714866822 -0.324436246363912 -0.70001060727042 -0.268534366924555
2.08580359267263 0.231781282454427 -1.2876351118855 -0.980784876840699
1.24128261631734 0.673057532832548 -1.4999144828535 -1.45968739184689
0.690925409570629 0.941438566413382 -1.37806472808569 -1.33004178168921
0.599915320176156 1.35854116840489 -1.26640518577794 -1.55538720495739
0.0580220496785007 1.32775251183454 -1.05392026471245 -1.16545764501145
-0.390875588442395 1.11505488330478 -0.988723273819387 -0.361076976220897
-0.172896055595501 0.776310426268386 -0.268808655640362 -0.242187197647646
-0.543397561633362 0.59410949944582 0.396281887243894 0.262718066345517
-0.912778926956884 0.0325241730268455 0.685349477321136 0.2579755571822
-1.22743186172825 -0.306644287875258 1.18113907081151 0.640000266581793
-1.24561984314643 -0.606203784953914 1.4495678669233 0.93889215779963
-1.69190483239764 -1.31268000847734 1.82446537352737 1.3761062948117
-1.57516978033258 -1.43905082577791 2.22167419569232 2.00327055329949
-1.44486046784359 -1.71730407322851 1.65563543930374 1.68268847710643
-0.790714214493846 -1.80269206328427 1.66284863846575 1.97560157209647
-0.0454814586280996 -2.02277987736064 1.08195034946568 1.47653275262086
1.32933363558563 -1.63213773726036 -0.174678935760329 0.933460005631377
3.04759129789599 -1.23647074660249 -0.852986790804953 -0.36762794799583
3.30521740230964 -0.204929911919914 -1.28159509766668 -1.6673816232025
2.08661955792733 0.956327971350715 -1.16620418792497 -2.15846463106996
0.781531771588231 1.89793213152361 -1.51275545101648 -1.92857911539125
-0.00101367117767577 2.06840674038456 -1.36052668250459 -1.40925003765793
-0.194548575320781 1.75111804947412 -1.35665584608392 -1.12610372649743
-0.708919564155302 1.47273510467039 -1.0338653824119 -0.591459360452674
-0.419380806946252 0.653939666662485 -0.983954365897947 -0.400889062244868
0.117688833894923 0.682818820179047 -0.765389178009077 -0.197729460906675
-0.281765277242413 0.498935933982275 -0.501501528593547 -0.206469767957032
0.286731787314199 0.0880083285732056 -0.510435745376916 -0.132469114756403
0.0528480122297077 0.39554589152858 -0.216793068059431 -0.327062914237495
0.0399721032304609 0.460842556995842 -0.306006426859572 -0.705495326137688
-0.167645254961858 0.246776296001621 -0.230829327050473 -0.230891527153997
-0.5928738911768 0.185727571149398 0.0982200493214792 -0.145545525295947
-0.33833794899177 0.193504698301181 0.336824695134303 -0.134855292692603
-0.574534803248723 -0.0718044000913964 0.717629077556361 0.510261876402244
-0.549802464048704 -0.396098521383157 0.91528252864996 0.363168345571057
-0.695190446574097 -0.516225381341906 0.94356663098544 1.16628095462598
-0.630589851290408 -0.93040826328213 1.09390239829816 0.930827548946035
-0.661989505112746 -1.08131797010847 1.24254640064958 0.889734570601454
-0.473407524653704 -1.27971598467239 0.727071643280569 1.0774626685421
0.246557871301902 -0.974404882281871 0.251033179481163 0.705070177834448
1.33803792841434 -0.781489158075798 -0.193806615422746 0.212881898571333
1.79292283886489 -0.437821771972975 -0.843930182429091 -0.673502209044578
1.70275904323168 0.337345389367138 -0.814310536372382 -1.01999193538767
1.57952450578262 1.03767767856803 -1.04869873059657 -1.45687699486817
0.449625176400584 1.15527726083679 -0.97117694258743 -1.38251790246665
0.246660502372813 1.21981103964801 -1.33710557218685 -1.10322940882532
0.0971485538654724 1.29147508747632 -0.787918236185953 -1.03796214449866
-0.27565130243301 1.12543240803723 -0.639559640021398 -0.361916910245066
-0.364737578095419 0.765331498328315 -0.128376454083147 0.0406638217636279
-0.734434881277987 0.0798391321715254 0.15938416219909 0.211928723224074
-1.0898190544072 0.0629579278334307 0.79923179602754 0.659078941587449
-1.06131064835143 -0.478418970190567 1.30593378058497 0.791961088546969
-1.19705089868529 -0.830204728186402 1.81876631640167 1.00529009388621
-1.42249640324826 -1.1282952932731 1.58559973782675 1.58124574283068
-1.07241723133255 -1.4061103550316 1.77735421235935 1.88366058918369
-0.935261059541101 -1.62977029800178 1.43007203815735 1.79737565476588
-0.725560831901739 -1.73451683944498 0.909812762913288 1.37746738666639
