-0.789040095600391 0.223743046563027 0.262603043205227
-0.637460241391407 -0.347960272462453 0.517619107829324
0.264129352786148 -0.710982160026153 0.305123763786561
0.676950932738569 -0.714557576000637 -0.313530287744144
0.479607365267999 0.375236331644052 -1.01772895989053
-0.633708606843655 0.769857569720756 -0.426785995967281
-0.720492974214724 0.522615662068435 0.273024429870158
-0.810271877715725 -0.401587669835711 0.910646667503203
0.441209982331024 -1.01867321959913 0.554582384129967
1.24795766504084 -0.651722735111588 -0.393540013280212
0.666753450587455 0.692361939188519 -0.824434438224071
-0.779770696013035 1.06391907936745 -0.399297651480486
-0.672203640398509 0.771948337912628 0.414040743981337
-0.431249782087559 -0.0600650298241181 0.940876609723919
0.301321250272373 -0.616270157259627 0.446301848475024
1.09581580447953 -0.180701230189341 -0.388157905629407
0.505292087181188 0.440068288596642 -0.589166501729045
-0.360537114294699 1.16339296562028 -0.431856786998746
-0.966925960688269 0.714276563001563 0.405996006132219
-0.718427044917576 -0.0358489676533091 1.10748865399296
0.502088028955214 -0.872464057662011 0.547227237100942
0.867698952752462 -0.408499873442361 -0.445567960276702
0.637549492264413 0.303246310297765 -1.03206021841977
-0.354123058629089 1.17549257553026 -0.850621489082945
-0.825316386015228 0.362198355408698 0.343046464535445
-0.740054889118296 -0.550897574705821 0.985160005966204
0.301230492578714 -1.25189286670717 0.664020795444001
1.19019238708092 -0.836427390998676 -0.477084150953059
1.0304997979597 0.321191074456663 -1.12893982329845
-0.266553131618074 1.35263592678379 -1.05283902502935
-1.39499117152833 1.11368813510575 0.19281706853776
-1.13185370146123 -0.39068167482587 1.32384043451625
-0.271676943771637 -0.94337788378024 1.26399060493485
1.10399852500991 -0.925106919004015 -0.0247017342420308
0.994028182951725 -0.298666967551041 -1.40787438541656
-0.400595868979537 1.13817102810809 -1.4789310155512
-1.39152094602032 1.23906209618765 -0.452692568869625
-1.38250848631645 -0.128263380612414 1.22671434210195
-0.481225073453253 -1.48646448693387 1.5991451111751
0.867105369463772 -1.71430081782031 0.068274960347443
1.42824877670135 -0.890332470903732 -1.4002106608523
0.531040787929009 0.404809251181404 -1.51977612013008
-1.14214953586731 1.22224025114883 -1.00270793587342
-1.80102607047038 0.719616779110945 0.671840293505915
-1.27189598997792 -0.834653985857513 1.02175160676291
-0.128772016214488 -1.20747265563263 0.801478853408391
1.22368864265773 -1.28838173399355 -0.691735941921646
0.927066320094951 -0.200722134232915 -1.55233623706305
-0.179265401840395 1.4470905173372 -1.61635576590054
-1.68086130644835 1.09827583955475 -0.369894514339205
-1.61824223435223 -0.231427124801892 1.16383457280137
-1.03205788199307 -1.57745219507176 1.41820159853765
1.26953141495106 -1.73725982597295 0.297658101898009
1.36352344236738 -0.910442311365733 -1.18190935788899
0.317471999121508 0.639130900797062 -1.81522401098287
-0.787279378256038 1.33552084306079 -1.33957648364913
-1.75679207845615 0.660208180971015 -0.0110608801581114
-1.2011860967036 -0.601210390423149 1.0730698654146
0.3763747944804 -1.38909695937498 0.780747628248843
1.60520777638898 -1.15578416083385 -0.773458535562556
1.13629204563134 -0.137807263691388 -1.49774667271484
-0.178715184468546 1.37551447611566 -1.00899849944487
-0.90355845586789 1.23275002927279 0.115981235393512
-0.819941807583057 -0.238128616639526 0.966700195434167
0.171111331698866 -0.73799237946744 0.857931640712726
1.10012032063366 -0.980475349670198 -0.0989903311235161
0.891711569142028 -0.255485014342981 -1.24262300236113
-0.238144257913988 1.42063976486506 -1.11388418117104
-0.789968414898031 0.778260570029697 -0.180921283753136
-1.14789425138403 -0.112530274829378 1.17991648334259
0.0316196193487349 -0.998309618461499 1.3875673116282
1.36245777579815 -0.933656934245201 0.0101000194887785
0.914912106656397 -0.17122970209408 -0.998493328167119
0.172442017703615 1.40494471096611 -1.12302710629745
-0.994496644659485 0.868156881973388 0.0135535147043113
-1.09035375758271 -0.074982813323107 0.874012883607717
0.438682335612034 -1.04856126406067 1.23157605729307
1.69335589309307 -1.06755809260645 0.0460715099008095
1.54318616645528 0.130076655140544 -1.14709611277865
-0.298170267311376 1.53360120825071 -1.30747674581142
-1.23087168042332 1.48895367226611 0.0923738560113072
-0.926697148174357 -0.285356808321216 1.64583620557147
0.640916097122184 -1.05829495598545 1.36562707557902
1.846781632899 -1.17438697927419 -0.561618759097707
0.566620681255029 0.86722275708436 -0.884949687725247
-0.47121997091577 1.98119982427511 -0.233118209503909
-0.482254724257384 0.60492005777718 1.44817128650305
-0.0671810020823089 -0.817465427506569 1.58969614167845
1.63488681202216 -1.17026681771061 0.157682472101774
1.69428095173845 0.150229772922993 -1.13019667441508
-0.158868086521188 2.0112115086963 -1.14446989328472
-1.10164692586769 1.53912128302034 0.608489163116467
-0.611245884976282 -0.535284056698697 2.11889365008071
0.767648407089758 -1.32667839296705 1.35397953253337
2.24537292737156 -1.04422224411377 -0.319696965513363
1.24293280820993 1.02296309416178 -1.46724640451052
-0.90942695226561 2.23170514901703 -0.801483383388443
-1.60854463678638 1.27591073316415 1.20036254735247
-0.810874423944597 -0.758728153984278 2.26640380984949
1.28919558566535 -1.69032997725905 0.560045201716679
