-1.04000129890174 -0.58813461306411
-0.479865597827694 -0.961268619239811
-0.0428386687445879 -1.16123797378636
0.752468676007376 -0.990756729142089
1.89682088421883 -0.3341762028782
1.38483963594656 1.2437496989973
-0.292435321169088 1.84752556853281
-0.867655710919694 1.11571471728267
-0.943470788357042 0.184521778189462
-0.823920183823161 -0.399140897198176
-0.747723867947785 -0.945257720605946
-0.376436063713796 -1.19042466168019
0.388108564271233 -0.927690028989305
1.59823131007761 -0.847249207451815
1.99669038787578 0.433491211855844
0.313785554329229 1.76722129284565
-0.467443139369322 1.50987874490142
-0.941222511186067 0.679077330523025
-0.96321584445691 -0.162728498090369
-0.926566256247801 -0.828915559855791
-0.730007325541174 -0.892208040831655
-0.205097836435436 -0.96175330780841
0.839275588486782 -0.913740625356048
2.0095664504161 -0.218877234224375
1.24818930943426 1.47108661097249
-0.272723758678353 1.77313025736537
-0.831006954171218 1.05950739422479
-1.0539060183977 0.0950873081269874
-0.900219794943927 -0.520669424504327
-0.858269884763688 -0.798824106468515
-0.295822250593881 -1.09989620740088
0.62000807674296 -1.10674482179572
1.64278470131742 -0.627679075516299
1.75099738763564 0.690659073502633
0.239381514593542 2.01615933552417
-0.667800729676724 1.68770436208705
-0.876406889565483 0.652710074559474
-1.21350841251584 -0.287167509451643
-0.778413788795799 -0.634440738136261
-0.675014981309921 -0.924947339854211
-0.0611706912320096 -1.14270088220566
0.967833032842135 -1.05284443076671
2.06110281289225 -0.084749626418731
1.05904512488038 1.35530650669994
-0.326381718705768 1.81163611318883
-0.93748153899456 1.02541278104734
-1.1159225900485 -0.0543149672244695
-1.05753928870462 -0.49442061254659
-0.806268316821392 -0.928461377834464
-0.290748608952551 -1.05465480640299
0.545498664178398 -1.0672815863996
1.58546989478416 -0.673076866306956
1.66689522194389 0.656462216125189
0.202730243008606 1.87561029630393
-0.773930984673975 1.37214346186147
-1.00466729345974 0.625335919342228
-1.03036865200308 -0.178263297314533
-0.878087770611663 -0.667547632670696
-0.595993926874478 -0.968553726111017
0.0119227323759473 -1.12402582793515
1.00807380629553 -0.912769992318893
2.0089725046938 0.0879400848080481
0.837500718867965 1.55957936073163
-0.396947335118791 1.7522794480416
-1.00831117839224 0.855015853829457
-0.884143186929656 -0.121675008571344
-1.00127814559714 -0.531070334846585
-0.689938165936201 -0.802799628997282
-0.145233597111754 -1.20713442161723
0.525619052270974 -1.03051203681512
1.60204890023841 -0.489369363706698
1.48035022406263 0.69124444238163
0.0412168597186808 1.64907600848231
-0.708818669741749 1.34308680270128
-1.11946272267323 0.300144818898203
-0.981182031245133 -0.3179003501424
-0.92128344299449 -0.638684354741055
-0.306367656953701 -0.831548422963064
0.250865392067417 -0.897404840284444
1.3444681096152 -0.815039225811111
1.63333609961213 0.29816157296414
0.600285222927974 1.53969227615955
-0.643693275313716 1.40050184988214
-0.923184892414773 0.663633552464971
-0.983173254955511 -0.0560435292058342
-0.821177144003574 -0.6194347447221
-0.62364993179635 -1.0271363899823
0.00451646280093238 -0.912916769239498
0.88972995720063 -0.818861057819939
1.73312474757443 -0.108538788834021
1.06532471299734 1.28182846935991
-0.437401135902922 1.59065327467261
-0.963145458457287 0.851890245248777
-0.859110402082042 -0.0647619814358148
-0.867118023606168 -0.351230082662365
-0.622376276708492 -0.711104995131866
-0.254309666944262 -1.13878679161029
0.613246297472458 -1.003187442234
1.50608737253475 -0.393901939595447
1.38444864480501 0.802777162070451
