0.993456990983639 -1.06752674998918
1.99148441683351 -0.205795039731141
1.24070238881274 1.23735969099399
-0.388526976843492 1.70920716253548
-0.941980853933013 0.946998487909394
-1.08429657438174 -0.0692940952496016
-0.976443397635877 -0.657085652277757
-0.66329870505369 -1.01018915783532
-0.41823558238084 -1.08305417151438
0.483115181814421 -1.1071685409556
1.63608810434916 -0.680863440050563
1.8968942241699 0.575618707063611
0.312542056820534 1.93482387494443
-0.724680792858168 1.49273325086433
-0.988676911573377 0.465101055324067
-0.984058215727524 -0.464595331550978
-0.851461055676106 -0.816280589688802
-0.591367851869214 -1.19404828358891
0.0424505215504516 -1.16207157766974
1.03215236278241 -0.908718295508972
2.00657324706936 -0.346854266743506
0.962948715083238 1.22482599176491
-0.248576576845821 1.79957358775142
-0.81258688735944 1.05991673078081
-1.04370282716374 0.0820219120382424
-1.04005144301292 -0.578052429257484
-0.812539719080703 -1.04958213229602
-0.22162522309823 -1.02374063537085
0.612633485854025 -1.40846108293117
1.48338469930337 -0.76933725970455
1.77489701100921 0.541614551248394
0.262845103062126 1.72688487616698
-0.803420854432306 1.43135962160892
-1.00223259568531 0.513232893203234
-1.07428926150522 -0.144522939544354
-1.04324294853135 -0.641765516469808
-0.55072760785431 -1.01796731664482
0.0287248506285638 -1.22273880165685
1.02430252288005 -0.820775949289
2.0613629946195 -0.0258763753271185
0.84555488424129 1.51266832221682
-0.496414543360724 1.69334237381114
-0.958548335448112 0.817634999112129
-0.993585849553117 0.0303192945311962
-1.00114441786941 -0.567807797435999
-0.744144255526667 -1.03995866434234
-0.138288379910247 -1.00983027273477
0.444214212614019 -1.21445319429721
1.71302889040268 -0.441723790819118
1.4371982463087 0.774159953231068
0.0146457229450504 1.58751897593355
-0.788486174200438 1.1388456795561
-0.973382253268219 0.376698871465675
-0.897098090501802 -0.297905521580032
-0.873171446300057 -0.805749049375619
-0.474572346815013 -0.963176301853855
0.344824479518253 -1.09682279800102
1.37810899449026 -0.911368445341796
1.81948468439684 0.220482561697085
0.455701675459377 1.6433387420658
-0.575172076755623 1.34580494053099
-0.831953766019553 0.562770272709909
-1.02015754374601 -0.0730090274009125
-0.910412318603063 -0.565506099315179
-0.597154959922974 -0.947579675665404
0.0367317385158507 -1.01599305584464
1.05220886799662 -0.930007711838985
1.76267460124298 -0.066672422481553
1.00058222848762 1.17232590108987
-0.2639761001818 1.70007564078449
-0.965350897777939 0.852907452864978
-1.0260260986369 -0.0717152412963203
-0.900294959262643 -0.521163021181559
-0.681005260393312 -0.860869890026124
-0.0529036152206388 -1.12007368945862
0.517926076902221 -0.935681333214504
1.61788535664783 -0.684029202905401
1.49482562881738 0.814202680063222
0.169985194221974 1.65560909278148
-0.791588607000691 1.17908703219202
-0.899263442504009 0.326697790813013
-0.946185058624899 -0.278951194852622
-0.885899148095259 -0.844355651734518
-0.518745335643267 -1.06414879177012
0.351788822545671 -1.05588836745583
1.19135032986037 -0.761161891958782
1.66439314646368 0.139556205148209
0.583289087566697 1.45791744034977
-0.510666559890167 1.45766520541859
-0.889804982079168 0.697431624659908
-0.924091099301221 -0.147903051971162
-0.96305865775527 -0.7316249610531
-0.623120360427231 -1.0719674764039
-0.191110974366501 -1.16762701696072
0.912204275674561 -0.825879022965337
1.82942488626461 -0.248933898271372
1.0734077562518 1.13055827323156
-0.283412665864451 1.64467398070835
-0.751661601005203 0.996180411340837
-0.95012362112854 0.146157050148921
