-0.556789726819028 1.2121308403081 -0.733629257567659 -0.664209533392241
-0.378734486155113 0.773805725705388 -0.490844246679129 -0.460556163440755
-0.366301418033829 0.791042620185534 0.065807167305255 -0.14508090667016
-0.812316221114319 0.461498190219397 0.239348894132631 0.341655073653709
-0.929155628097062 -0.000358447292212712 1.3001093269292 0.664670941286829
-0.993632033985926 -0.611893867989625 1.35392527831683 0.901381196036858
-1.32192172016248 -0.90747456051979 1.84456598222186 1.33566305388612
-1.70603262753732 -1.36039380744317 1.97399636694946 1.66964355394928
-1.62666060097485 -1.70718902664741 2.30848708695733 1.82999150589376
-1.31072664824634 -1.80251776129646 2.10983219404771 2.31570091994412
-0.927838266663766 -1.95453820300376 1.60189003958385 1.82674999011399
-0.0661828966361022 -2.03305325009543 0.988532798738673 1.74578332086902
1.43873876834046 -1.70892136302789 -0.30841925945245 0.927602599588684
2.82869980966668 -1.40682405600375 -0.507993737251781 -0.752198277082157
3.4040243086716 -0.0909730668741129 -0.808902469835712 -1.84922906248661
1.77036221806899 0.845907591756368 -1.36020095422535 -2.16120803513394
0.552515778356154 1.52502535576087 -1.05753255525778 -1.72962626797168
-0.203472939367887 1.94624641624908 -0.873541025220159 -1.89568910893154
-0.613358617349724 1.81146650271091 -1.1203742515951 -1.28973946057828
-0.602757604435396 1.34270800623994 -0.988704684650774 -0.531005651090223
-0.20920186481417 0.960806456634037 -0.827975376252452 -0.46254959364305
-0.0213628177886255 0.533029995591673 -0.901908534059105 0.110599156829903
0.210734820714675 0.414914004556981 -0.711869967978207 -0.247506523288921
0.068597605059474 0.472830687632142 -0.594249183698834 -0.166393111738369
0.445388600638843 0.434469001186346 -0.706800857577059 -0.45954403669671
0.423122431679979 0.543450560441221 -0.369396698946364 0.00653954077705583
0.329908829752637 0.42519360274026 -0.179638700301497 -0.234082497924227
0.239753539617258 0.445955386722578 -0.381281902571337 -0.303028014421578
0.0868416424010887 0.415131637756522 -0.492062752198487 -0.180883998518749
-0.160573877485826 0.177343300454844 -0.459520048965458 -0.0240979684310009
-0.0582927597467395 0.297174364566644 -0.017010583973392 -0.0901407372946918
-0.418868825393883 0.267988952306261 0.20142444681765 -0.0548952817290506
-0.601363741394764 0.0578565613428619 0.817153584055775 0.270539842620298
-0.764995303213467 -0.251564047817933 0.84149540953271 0.766868249950469
-0.881149279311229 -0.486807993508668 1.10869964064464 0.628242281451457
-1.32500874017324 -0.784290955556178 1.16738306549318 1.05889618505782
-0.960089349960518 -1.01379949442735 1.27651193871771 1.17974269030161
-0.581861190235051 -1.11157811081856 1.34436799861912 1.2859229993237
-0.686971955617936 -1.23329744148483 0.913976573293603 1.29237865343285
0.473868415503131 -1.07130248100234 0.646842294667262 0.836213809561097
0.87838068963633 -0.865243999348719 -0.605418733254446 0.573299199787865
1.78755294277504 -0.710114013070295 -1.16759948511099 -0.689470648731007
1.67689774984418 0.346972789227252 -1.29245711852581 -0.81508910398719
1.37943245839681 1.11141497168683 -0.973204056682813 -1.57403834074417
0.422704659100959 1.18037967203068 -1.17800613909179 -1.23152526616183
-0.150316137550889 1.33849485396942 -1.17892345894006 -1.54192547488079
-0.333063081531133 1.36223079512439 -0.84507149437076 -0.889679358382353
-0.455073760808496 0.912094817004981 -0.833680409288912 -0.443974826939834
-0.314841550459713 0.689860035049153 -0.451820624588506 -0.111443781844412
-0.233498449161998 0.211037071172188 -0.208885178339677 0.0375394131224072
-0.515140509524608 0.191512408795561 -0.014648076608796 0.31473030788084
-0.516850712617859 -0.134125501332789 0.503826256746505 0.331096945949098
-0.418415074227337 -0.491702225213904 0.659235774620424 0.338315959144625
-0.719369884197939 -0.602047421417682 0.877925078306406 0.736893294684274
-0.542723596167428 -0.668800714160734 0.744423114940368 0.69467653917658
-0.234742780916091 -0.791651080402155 0.740083416869324 0.513832889317809
0.440132316878975 -0.923443231872612 0.274665770110934 0.602823386104074
0.285175059540998 -0.676776277090454 0.190346395245026 0.057491283846521
1.04565221610516 -0.303557114635504 -0.68586379490952 -0.0609001227995666
1.10965050840391 -0.04871221812 -0.921194238110855 -0.693968742970682
1.15270434218734 0.451742276310144 -0.819128554021872 -0.896623848459647
0.381703884599232 0.897255488799131 -0.830409625901868 -1.04060677349183
0.274644560238699 0.964153375355565 -1.06262609675434 -1.30591775849177
-0.053480804087637 1.05062243794389 -0.67801430180771 -0.768668175875645
0.369442252363836 0.997033250729515 -0.66827987721428 -0.640617347417172
-0.0433316651908881 0.723047880314123 -0.323908457046147 -0.470977843892067
-0.197233600721511 0.355866393752752 -0.211003172191044 -0.308100061238478
-0.41048439498472 0.296963411291168 0.0369100962059911 -0.0638214687969137
-0.504917650629471 -0.0647117945812919 0.620552823451916 0.0970841504740068
-0.754228076312919 -0.374230865813495 0.788465683546058 0.620678294736982
-0.750663385602778 -0.512789670652421 0.942726114801084 0.558362448955891
-0.479093889266406 -0.765359878276956 0.992332411467073 0.644444185777771
-0.347198806560208 -0.875338792375951 0.6965517487923 1.03512852292759
0.232840450068705 -1.03534778688506 0.774890603503888 0.693261341436294
0.43227355152955 -0.782759822601848 0.0745258196861733 0.629223392923622
1.10136218663524 -0.326514857424553 -0.596700842073731 -0.153968834828354
1.63032801734218 -0.0237628226817055 -0.855891165803834 -0.64001534362444
1.04192974219165 0.719756047143511 -0.966449266521758 -0.849680578515296
0.805978127795289 0.869224045280562 -1.03620931106199 -1.17741711916791
0.117099811915393 1.19102406790224 -1.08647082311257 -1.2285689244449
-0.0892564974898581 1.40190869662458 -1.08943919557799 -0.776138137859382
-0.363016889729686 1.02430804698364 -0.436345094281273 -0.3946011086092
-0.421401978758059 0.608279525980731 -0.282797119827582 0.0729987923281738
-0.762167739490655 0.509891525949136 0.156355726694244 0.41884837375676
-0.960876092521356 -0.0532377750805783 0.811708395818561 0.400066214354629
-0.889518215167188 -0.396558712263859 1.48527490144063 0.515769820535802
-1.09992345124801 -0.818855122678347 1.63948682474734 0.979019129340145
-1.32631579786717 -1.08242791901457 1.83569283359061 1.37483430189472
-1.42572949776412 -1.34253082240244 1.91009754537145 1.65624819600705
-0.95770720159276 -1.56904740090755 1.90839024759279 1.83501965193792
-1.16040732961971 -1.75685353894832 1.57516878722498 1.46732077501567
-0.0430534408249668 -1.86394738698622 0.822071410214659 1.31233409668313
1.05595346438163 -1.65663881325098 0.020623101632353 1.12740943659427
2.69991648432036 -1.08436363481151 -1.02278262448616 -0.283707389356442
2.92011347440553 -0.232171220326949 -1.17210820486726 -1.48253781723762
1.47899949579055 0.818087426344235 -1.15584338121479 -2.07076305357179
0.998789522762088 1.32773415986992 -1.202162217808 -1.6861650271737
-0.183282582654878 1.75612861035797 -1.18460956209974 -1.36954408538492
-0.541769547581718 1.65242371752563 -1.39668552500963 -0.744456541930316
-0.707499524135821 1.25497680985206 -0.860186694880914 -0.526958771949558
