0.289403914434212 -0.874687424863965 0.78182979376589
0.565155842625635 -0.917362584426801 -0.493953504092197
0.778014263336114 0.307426425570323 -0.924829916038204
-0.382641994785994 0.658406310778812 -0.41042653515035
-0.785248225123967 0.653321714402606 0.316016393823779
-0.70212229806652 0.0145450828980717 1.1858050959208
0.204530864746052 -0.989820155876957 0.580599932471496
1.00719734999297 -0.144045798171024 -0.132914738112272
0.870150027987159 0.424379778513327 -1.09591926584322
-0.418549783858714 0.69596377030722 -0.368575912567246
-0.443779443828031 0.613095780948941 0.821553996671225
-0.513252212448756 -0.31478162913761 1.17721053709532
0.887777001478917 -0.465383730687971 0.339577385018081
1.03936315036231 -0.308088178899521 -0.24802449406085
0.774706831386934 0.98165102543136 -0.563512842870851
-0.566999349291002 1.28923950804837 -0.613059064460941
-0.903621823090949 0.645790106643391 0.734897499160963
-0.870059936702047 -0.595276286088692 1.12951584834901
0.398305501493479 -0.987796107231691 0.380786539551718
0.913238766899493 -1.08876326581157 -0.746095007664321
0.442387860255331 0.560545696530438 -0.723536153788711
-0.548642453717259 0.993532795349169 -0.381207684966319
-0.970672886169027 0.396048127515126 0.237520131236787
-0.694229103383911 -0.715498289492666 1.30415638664743
0.310246836260115 -0.920982402173775 0.515159844112138
0.64622429882926 -0.68334517230459 -0.225546212358391
0.440227543627308 0.352648416594033 -1.12188100927591
-0.192427945387161 1.10052489456766 -0.467565152118702
-0.693984492255606 1.00533446228756 0.0474520610663159
-0.707203067535432 -0.382185119963975 1.32442467409491
0.702620108825689 -0.825835790449238 0.585044956715879
1.28898474503646 -0.373965680090843 -0.276637576954171
0.831885740021844 0.542588290447199 -1.1490739303877
-0.290807379017707 1.46843036357263 -0.663848863421236
-0.709351405849906 0.699157390684973 0.721438615482411
-0.470118461711583 -0.461726218200221 1.68276105098805
0.792150060900433 -1.0002137194422 0.43490367252136
1.73849467427634 -0.308141636996097 -0.364745732941955
0.730180397449362 0.6030012804689 -1.086449204593
-0.223584779936914 1.36474663942855 -0.362291375454858
-1.03742247863796 1.07955529763156 0.553005193176862
-0.750421091221946 -0.106624754154224 1.43238108995782
0.702005347827253 -0.917411043786911 1.06182686879452
1.26880079627743 -0.598911394755649 -0.797420158142566
0.54544404095698 0.565365412971187 -0.928391814904514
-0.395968256977573 1.17230852016834 -0.538923503672657
-0.832776541734796 0.71993957862123 0.458849444775919
-0.741627222466032 -0.661799255817396 1.31242976935471
0.720427038500779 -1.05715522219373 1.20458846739146
1.61404838338041 -1.19312254787915 -0.648981858971627
0.939018802356737 0.230135181412939 -1.50713908961988
-0.474625375642095 1.35622874277718 -1.29938853511786
-1.64600670845111 1.19742496597061 0.00896664805141716
-1.17771337198397 -0.506203288808705 1.37381700947979
-0.182735130143454 -1.44586727675948 0.775076633533787
1.28172739696738 -1.30042122659505 -0.195661981365147
1.30257049908771 0.0938852467499231 -1.59112565029162
-0.2785532983066 1.28603981452272 -1.44106125354061
-1.56124360263172 1.72900586211596 0.292965782703266
-1.60044152285469 -0.160543713329899 1.27435099666853
-0.678539783714842 -1.37275391622024 1.65810553237443
0.788996204183615 -1.88764951579113 0.409358566422165
1.56664959024525 -0.98743497267461 -1.34686030801788
0.287682211501183 0.691437566531991 -1.69634971370761
-1.15905366963725 1.6015912438738 -1.19081178541856
-1.27221720514881 0.903396723765762 0.392087888691198
-1.88988459535372 -1.05290374296017 1.45888793651243
0.118974544144153 -1.5328700822847 0.993449558938094
1.44061051798392 -1.38229902518829 -0.430025434774339
1.14480996950561 0.0437498470649123 -1.55509907191397
-0.254951035096451 1.63611935708081 -1.71242349945131
-2.12022465971411 1.61775306198679 -0.504175446659652
-1.72746511642454 -0.293524327179601 1.27499988567977
-0.631056009629763 -1.56410841150971 1.32205157362758
0.729594706518139 -1.82085291683481 0.255757543518474
1.66393848718901 -0.880920210906834 -1.3539186054005
0.839625702100414 0.700523375695166 -2.21844176109794
-1.11443759706028 1.84969149011172 -1.47746239452443
-1.76750743040333 0.874787419966462 0.338052869095223
-1.41275541078891 -0.522119404697987 1.36280663762167
0.218625126670873 -1.56962208576096 1.00828981976353
1.72357345347285 -1.18047856340135 -0.380005858765005
1.354093727499 -0.0438861239692403 -1.30156529773119
-0.127902260564598 1.73178646091201 -1.33388228712155
-1.20322635157586 1.19377829039588 -0.126602310156798
-1.27377746667589 0.137355804334081 1.51354258354465
0.215978297409631 -0.97273652063244 1.17606120629667
1.48499003259384 -0.921215741949103 0.358778536533281
1.15545145912676 -0.0390524490675289 -1.2224853541864
-0.423914021642839 1.46759728121277 -1.20157337857019
-1.03813971068736 1.17061196599113 0.341020819904633
-1.20297097813794 -0.0217653938659333 1.24199017674127
-0.236846499970575 -0.923587686911823 1.11126735336395
1.4675146023388 -1.22914500875713 -0.0443777348442292
1.71706539793567 0.00904157947769859 -1.03558507375354
-0.24809946879764 1.59570750461326 -1.25225149341294
-1.0004262526196 1.33777841732083 -0.0746195073883587
-0.91130271576409 -0.630248903685904 1.38233018897191
0.0959230388661917 -1.21754956155645 1.44908919259932
1.4221447277558 -1.01029039406982 -0.270135849137608
