1.11602907245782 -1.03102317295298
2.09780219221456 -0.25775034360428
0.822495421466834 1.29632514683484
-0.425152888742897 1.81063054584092
-0.77745337095537 0.875672224147406
-1.09315478437558 0.0861814409162826
-0.941518376781312 -0.50681556274056
-0.726981757555453 -0.938133029293369
-0.413639563426435 -1.19658632817374
0.400732723403273 -1.11825191802401
1.64301024118372 -0.59243139763005
1.83721904296409 0.634086767782007
0.0800206057089187 1.8680408462955
-0.832797082704781 1.42919904167327
-1.03224309955635 0.454826265572289
-1.03801850490454 -0.363265181661865
-0.842543611569829 -0.655457694203676
-0.451674443544021 -1.04861045431136
0.0490879970312448 -0.98342606717669
0.861775533490631 -1.04998237980726
1.85659045356279 -0.349813533067781
0.989129406895204 1.4429204267834
-0.353676707225032 1.53067546607931
-0.713507206965397 0.907807102069991
-0.894557886931327 0.106908943788268
-0.885906187271178 -0.522026036095158
-0.685542576760534 -0.801626881696556
-0.236636743663241 -1.22337536050952
0.482619997268012 -0.903872756547361
1.65374569525832 -0.600029295976234
1.28427492288184 0.773290276965917
-0.00886464550467899 1.66832517894947
-0.760736004011388 1.21358406333977
-0.907942259939024 0.280757877257512
-1.03837530098332 -0.342877391857328
-0.772528985982361 -1.00385113604076
-0.518542414576021 -1.11096696491465
0.0952072053897812 -1.14080275752298
1.31437959072277 -0.815582429716412
1.8398972742407 -0.175696377311038
0.774985367148353 1.44197585928174
-0.566798932118766 1.58957866557465
-0.934735803730474 0.636879953888732
-1.16252010224028 -0.0480651409537257
-0.851404272442136 -0.64290531452821
-0.767681585700488 -1.06330802275145
-0.305404120292582 -1.2505201075202
0.764216544812547 -1.10321500053191
1.9159290992343 -0.460095639224626
1.58302759420061 0.967876592180607
0.0371992315966404 1.73525983314877
-0.709044289092642 1.09591827209917
-0.906557745559174 0.240197217511804
-1.0022152966548 -0.399419078034405
-0.630870234340583 -0.787884120160632
-0.459447906553177 -1.07462571923951
0.193835959098496 -0.981527952695747
1.37138992139136 -0.702160757015891
1.9508015254465 0.299308377771383
0.449569737103171 1.57775270137345
-0.542200535122694 1.57637825416383
-1.06912843197593 0.604467142567106
-0.976267037648374 -0.178918863434155
-0.941212761546635 -0.555120814711156
-0.706701579313228 -0.970663836571458
-0.405211549245836 -1.04474193674895
0.642959323888073 -1.13565639058663
1.58170844800533 -0.406956646160095
1.36262265069969 1.0358799676374
-0.108037458827316 1.75965416970561
-0.911843894222996 0.879960141972599
-1.04371808099395 0.184850047049437
-0.931599939388547 -0.351681922830267
-0.730203034183753 -0.771846169675683
-0.450893967380392 -1.09644065658634
0.176604395680488 -0.898649152508267
1.30898144828558 -0.782466027329533
1.79558428221158 0.219735423305417
0.482037286161128 1.60839660478119
-0.601364601087715 1.36117180797695
-1.00623729789837 0.589967936201397
-0.851888801590057 -0.08986936062736
-0.935915001204353 -0.68638228230373
-0.582758111461057 -0.930392610113831
0.0414141628853433 -1.09268736715695
0.874503319964957 -1.04551190070436
1.86816655936652 -0.398338957997948
1.29439625228191 1.13093086256828
-0.180528386171247 1.78306182071819
-0.796467631848566 1.08070878513277
-1.04023347433601 0.150812645455226
-0.950565442377331 -0.51465111425144
-0.762775820438183 -0.794103938487524
-0.458539219003705 -1.0596301552769
0.368111218322049 -1.11213998151427
1.34081543035905 -0.870112065144908
1.97127702718409 0.199346611181842
0.714599205762725 1.74171664537653
-0.611286038277615 1.53327861717384
-1.04450057903196 0.628646884119607
