-0.423480486681118 -1.06882892531364
0.40082999531311 -0.980666351783902
1.41011709721764 -0.567976269766514
1.87095283629051 0.348829784320519
0.562307570388036 1.66698656115407
-0.658089806342776 1.4251216112777
-0.873197760040746 0.640149917025305
-1.02337394051904 -0.294771339419043
-0.943436809248963 -0.842419125848498
-0.508330279704943 -0.880191813807445
0.145836182913263 -0.982572959835703
0.955449901297358 -0.872453264035284
1.6553091548258 -0.224763362273088
0.961783429338254 1.15874758108601
-0.249762329599864 1.61121881739124
-0.929010732493834 0.910543676316066
-1.01929092386492 0.266973880825455
-1.01429217214301 -0.574020469169843
-0.666142694294984 -0.822862667595445
-0.287391352957429 -0.991064715003889
0.705604418577846 -0.919400578416992
1.59891853182254 -0.446660395970708
1.46891107800269 0.737281624318004
0.0672972963347261 1.6881019351921
-0.824298255436085 1.35033801907376
-1.09592016676063 0.522497419456288
-1.1763939281105 -0.333353119270853
-0.901171725255564 -0.748884601269661
-0.435784069090289 -1.0541512661657
0.0956375282984599 -1.02601642540047
1.3629739082751 -0.980823002227369
1.92830520832329 -0.0103107159822306
0.801376611858436 1.43379682117241
-0.374803248033538 1.58832330900577
-0.874157103359189 0.757673842863025
-1.13053966966443 0.023093590176898
-0.821923734069291 -0.51587795150671
-0.502204363024609 -0.781446474783198
-0.19169317117746 -1.10586457703486
0.605519375779899 -0.996600405747301
1.6307074040493 -0.44585438024894
1.51273925611395 0.767156228038681
0.0734167162269985 1.65273079589406
-0.721930921249414 1.14110667252583
-1.01656811197236 0.509579168204532
-1.08216260344843 -0.297700782822566
-0.987249440113337 -0.783996215131304
-0.495310566723829 -0.875151140079539
0.111698557060269 -1.24693251304822
1.18631795475741 -0.79628718941711
1.79993152961643 0.163987735171943
0.890064194204111 1.27031561621027
-0.446726917203252 1.57382248115576
-0.852639539296003 0.741719407237586
-0.953427578603078 0.105208253484964
-0.910598516808031 -0.454702373248893
-0.73090079619988 -0.814464205711216
-0.229259619404134 -1.06680281350277
0.629413262433054 -1.0040730704438
1.61391095328945 -0.488428781184517
1.42577463949626 0.790937854466345
-0.0684259448446952 1.76717543957852
-0.662131684983849 1.32745675193806
-1.02006018159952 0.346556915114161
-1.01773732977328 -0.310791968647271
-0.85147024923656 -0.849799525827149
-0.460099597634945 -1.18255639909484
0.137236848012461 -1.18639536185729
1.21591574199075 -0.958909673380157
2.03160566604046 0.288342855160231
0.506977248519109 1.61710529027673
-0.715881893766346 1.49578805706652
-0.914828696832149 0.630777031030176
-1.06140379501023 -0.0374018127129988
-1.1546032988775 -0.884422310587215
-0.847349287270066 -1.01165301037125
-0.311553515916125 -1.04909613285435
0.597405555895467 -0.972325034087298
1.59014186860415 -0.590257062713469
1.31295787330902 0.980022718268298
0.00691137372938288 1.87373093024035
-0.805374801707221 1.22221401093624
-0.891989901545126 0.333045613967601
-1.12364406542843 -0.307625662955994
-0.951611216456887 -0.701541589205184
-0.466717845047225 -1.02079084339864
0.00388232978755836 -1.34834493776777
1.27952675525642 -0.942013954084166
2.13341218995873 -0.0623058476701068
0.940340915390415 1.57752369292344
-0.622890621521989 1.7989916209511
-0.921523500281274 0.960574670687478
-0.969528156979411 0.0648148399455801
-0.991351985886881 -0.620070931875507
-0.797340299161689 -0.994754035490231
-0.184404154485115 -0.880352988697993
0.504214058491462 -1.15510182901757
1.78471398259068 -0.704158727113043
1.65561098174868 0.861020103051902
-0.00857262428745426 2.07566073769574
