-1.88285486548924 0.405195986255946 1.45490542103536
-0.325413353576226 -1.36374705171506 1.88615240528064
1.07120297424287 -1.70025121868159 -0.246911163917585
1.23879309285588 -0.118537451232236 -1.53334335463552
-0.635324424752359 1.67293376808136 -1.32869409551334
-1.79522173064804 0.567420980892127 1.0562029131695
-0.69694460828489 -1.4572906527079 1.63398536460625
1.39412635701656 -1.74941570540691 -0.0625925389653142
1.39128043258728 -0.311397877143334 -1.7197318560659
0.083476100156711 1.72451808631964 -0.892143587305393
-1.62998899129817 0.706972396141669 0.459725323270939
-0.852054816813848 -0.819752834892433 1.84647237477781
0.876688053639214 -1.27169728579461 0.0451836752728356
1.36854554126177 -0.38570924703442 -0.970329743305614
-0.135617285426853 1.06614512725975 -1.34323323702681
-1.2465493551207 1.15027546969624 0.0250763139227172
-0.585989778589531 -0.221054571620675 1.37447544769132
0.881979569655579 -1.20260649636669 0.68999228371442
1.42919594375866 -0.480469128593371 -1.14058185989085
-0.28586803172953 1.71801080585085 -1.29778949416429
-1.57703583535061 1.35029817207272 0.0370492679614869
-1.13735750148374 -0.510032667845488 1.97262849531296
0.872817319217207 -1.34094678418943 0.919705936981582
1.81036835522036 -0.588129092717694 -0.766228759062627
0.361528139726192 1.42166080763252 -1.45916851064029
-1.25867862608528 1.49261324048936 0.010772997614105
-0.991214836878829 -0.951882456010518 1.3965038938275
0.463793603153534 -1.07492258231912 0.350453610752788
1.27013061411439 -0.75264047421807 -0.953902706474631
-0.252913690567887 1.3386265332154 -1.37164921530347
-1.15795524152879 0.935841464572453 0.328456166802456
-1.22730885644916 -0.586153724835857 1.34994503919513
0.704098072360133 -1.00906777243961 0.459508493185437
1.23213880265961 -0.546924927907359 -1.0447772854901
0.145464526072307 0.844727153612717 -1.22639815451831
-1.24062408573028 1.0092697298989 -0.0566110277558832
-1.06953944176346 -0.222840641694311 1.06887217361362
0.413785979552253 -1.64245927116732 0.844666474755278
1.09318115816905 -0.680340259298006 -0.821700318259918
-0.069250695905015 0.929545664814703 -1.24644734198923
-1.35727101782988 1.45777855909767 -0.132194339120189
-0.689108871561692 -0.661556490171528 1.14409811363008
0.0110768157402854 -1.50787170439352 0.46789771154024
1.59044527854624 -0.654153510635666 -1.06640029060486
0.413454290120179 0.751912257904858 -1.32037832963756
-1.38520576451482 0.986880399745063 -0.238436941384217
-1.19662749738636 -0.371061477986322 0.537577128974352
0.358394746410932 -0.981380662674955 0.549832323296892
0.91849458976355 -0.456764957014482 -0.34248185812845
0.671851868684443 0.649347736953424 -1.40088711614387
-0.977843342911033 1.26517324587009 -0.0155530246716266
-1.02039613810984 -0.277286746668751 1.22599921542393
0.383013377972165 -0.880937421549302 0.793524945801358
1.30777266356896 -0.217171799422125 -0.0643243254719479
0.307870568456484 0.894509458652011 -1.1494727712174
-0.672522085945307 1.23408121509842 -0.2544801260528
-0.559895925336238 -0.0699974344778134 1.44016443992649
1.06716215427588 -0.930133883334947 0.682137625315916
1.38651596866535 -0.156712631642442 -0.808174059883045
-0.353079895388906 1.15113748775563 -0.94651405002202
-1.21751208274158 0.968358985397362 0.339253386856019
-0.349023080712659 -0.816198362708852 1.39739732365169
0.854564485122394 -1.19738806409879 0.228196960563028
0.877076552667251 -0.160534765397475 -0.643172415689425
-0.146422927659849 1.49743524592977 -1.01366119768727
-1.17593948029881 0.516444404651039 0.353606482802577
-0.423392505629472 -0.605317858589839 1.25391130617952
1.00590408171277 -0.99439620916091 0.298133959060789
1.37406881243584 0.123201214468344 -0.940082569518965
-0.312189907981176 1.41396445270075 -0.658622554205042
-1.19005824090149 0.653378882562781 0.932160740545335
0.203603376275723 -1.01231413736574 1.64478033988355
1.38318213659555 -1.06545512651124 -0.0976422018935094
0.929320539162597 0.599411202293692 -1.01409826845718
-0.768726736193355 1.57797485773065 -0.317105866502554
-1.04094348382795 -0.0467065768789125 1.39599075832865
0.250252200191683 -1.04967647385831 0.963098773207537
1.44927899765905 -1.17994574330982 -0.652559496513526
0.308495830973764 0.967807648703428 -1.02229903025046
-0.907938854810743 1.08200165237562 -0.229538571798107
-0.80095838102754 -0.631015652037458 1.02991330430553
0.382008896967939 -1.37289193772855 1.00496124275963
1.30767914732128 -0.754803798249099 -0.727949296210569
0.337204860536651 0.480705807778638 -1.57967856163677
-1.20657905319206 1.05637081498005 -0.548886011866653
-0.838765928542001 0.223727770160067 1.20855675525697
0.207930308714404 -0.944274439561507 0.824094502434345
1.32656229223286 -0.746736482135554 -0.367446238006552
0.534828012931102 1.09968023623634 -1.58396076747946
-1.01229970911799 1.37629209074569 -0.0888264522689555
-1.1054723203794 -0.19178371146264 1.25854619081287
0.649561211291198 -1.11259650231451 0.999581760687771
1.52912427280017 -0.780919076946353 -0.611326492871862
0.112287757056713 0.939260774762062 -1.24888880955589
-1.07346004861493 1.31357001761541 -0.0936865131187264
-0.930641420715815 -0.492194241549043 0.783153719941431
0.542761662361586 -1.08157108575327 0.827206887836424
1.64071358331486 -0.229556805612617 -0.919283525647693
0.139884716977033 0.843445603070843 -1.15681368965133
-1.09895993812312 1.16166853698829 -0.0574499583134842
