-0.875119572078193 -0.154968135965603 0.337985658298593 0.254747455967126
-0.937258389266728 -0.446464044149742 1.23369547163851 0.760892674498365
-0.938031728633592 -0.809065766431907 1.5068759193021 1.17586774475989
-1.01181318186261 -0.959590987010601 1.46042112877356 1.04422958429857
-0.873558038260609 -1.21431570411878 1.48859711689809 1.36600692931264
-0.336015805421592 -1.28457763760361 1.15374669225573 1.31695531923062
0.506422257111783 -1.08939716321051 0.343061644178359 0.988073575940226
1.65938975407042 -1.09534843407831 -0.326543078279218 0.448587157883379
2.12863539787915 -0.512095505356244 -1.00889254846204 -0.880406737610435
2.20500143801403 0.289326209816498 -1.24818462549394 -1.03398081507782
1.62790364328913 1.22287956868674 -1.3677441784865 -1.68197173618334
0.485161845867904 1.49252014603468 -1.28874572910085 -1.7229382562675
0.166203787207151 1.70667213783455 -0.974964743427098 -1.06268878495529
-0.234630391095861 1.36077124367137 -1.22572528356679 -0.833595430315706
-0.59842942067063 1.17426243765295 -0.948478145215673 -0.37444507176877
-0.108295294526602 0.769496081971279 -0.692455070095182 -0.200505049974165
-0.134888271983542 0.446526131356243 -0.3307467357979 -0.0474299434027275
-0.462495377575717 0.113626220366926 0.0667630630296159 0.128669891777226
-0.210659042807434 0.064182060518482 0.676933791263459 0.344895778395628
-0.464142383208481 -0.214414656932846 0.653246739668779 0.530025146023791
-0.507442628736222 -0.519995976767028 0.928042516964759 0.298180691334975
-0.448764792623601 -0.703769144546342 0.610138207224571 0.905658084285233
-0.158640464508316 -0.604833489166731 0.359229569881729 0.519590616209464
0.271639311768829 -0.722854199437507 0.306254042235471 0.530569124826598
0.487731736051995 -0.378051584209061 0.130716800350635 -0.120125843861593
0.895183438334597 -0.281242869802951 -0.384166481340258 0.0165363052312665
1.58823116760189 0.214464351766237 -0.818987821858987 -0.294133141343062
1.14199031938101 0.627966265170161 -1.1987206735429 -1.14522323822007
1.08117218856029 1.07245625197366 -0.930921039221653 -1.38111972283511
0.170017030633019 1.33150826420596 -1.07180791567382 -0.870309345385091
0.0856825587379174 1.38838079736404 -1.08089327933947 -0.97958504984293
-0.18513975488167 1.15479239648723 -0.801682903897135 -0.682163017852134
-0.377091809282288 0.976563017380648 -0.720028067158312 -0.450607918551348
-0.212593856827021 0.443900885418278 -0.231514237615655 -0.0882455495975237
-0.471900424383574 0.23884645620578 0.268962722553365 -0.0336239880094404
-0.746630241331985 0.0769122674537321 0.484417102065261 0.0813130413144315
-0.427147399727869 -0.404989873893032 0.738529473611419 0.516522655390623
-0.544299496732524 -0.719806036827165 0.799626946983855 0.741607829571904
-0.889818963615389 -0.973855756469139 0.784481585327056 0.8153213229045
-0.357722758556538 -1.08616794233777 1.04366979685057 1.16021772844449
-0.0117679579792854 -0.758244042010266 0.268556530999114 0.524279602869746
0.708866950172797 -0.63222114190226 -0.269695176308941 0.57752425547076
1.55793949287223 -0.474480404057943 -0.587380606551723 -0.317468436599164
1.55911075966544 -0.0379611162669234 -0.53785814479991 -0.677648315351459
1.41424669174418 0.784139627246518 -0.940523259048363 -1.26073831956867
0.758922850947505 1.07402847234039 -1.43585807705051 -1.53566678503858
0.744954868983558 1.39437899164657 -0.97959262285151 -1.57035008501897
0.121108637242856 1.47350442817244 -0.919004441932954 -0.95513573255858
-0.046184057317369 0.990310774582917 -0.744345177142584 -0.687485572031373
-0.41992188569923 0.911447719809981 -0.347160073824667 -0.664971299934434
-0.941193594345615 0.334542674117188 -0.0302228810396474 -0.143027135838921
-0.942206552020551 -0.0159813361778982 0.681456306280044 0.16767744551599
-1.2135147405235 -0.177366758691756 1.26126143238029 0.895155182881585
-1.46815887562118 -0.677833342666443 1.60636692092549 0.861955932390564
-1.45415098559576 -1.18541995730313 2.08138820944096 1.20125067893797
-1.24500801083556 -1.49381481207117 1.88011031954569 1.55996341365958
-1.15443080883244 -1.61693195481892 1.74110946561683 1.89530124437587
-1.02374724003538 -1.92423534856123 1.43030105652667 1.95471103387749
0.133192526187875 -1.7931007292046 0.677823505812115 1.58740075966563
1.48309096286845 -1.74190120120464 -0.402298956200624 1.07507495675397
3.03400538149049 -1.13092620925196 -1.14090636480841 -0.310037927738785
2.93457381428925 -0.237028077902894 -1.55459437991786 -1.58491615658627
1.7302497138586 0.908819791114474 -1.28696034543389 -2.07160523032125
0.576311250246584 1.6998829438544 -1.4558628619842 -2.05739412803748
-0.206893185844784 2.12772244770761 -1.3323212979109 -1.91865175405622
-0.57900929317575 1.947564505343 -1.30170179193504 -1.23858514670916
-0.703727676984291 1.31375761365298 -1.18463760395475 -0.926440731993364
-0.280291509197085 1.15287005541174 -0.759831413212623 -0.382426720017547
-0.27876041359309 0.78470040923357 -0.753762231859673 -0.208562165041744
0.114603723157454 0.311803189427916 -0.475467536729665 -0.0838862995652475
0.0637188834286992 0.191484257453586 -0.4465809655005 0.0261351409731844
0.19597652991955 0.365826202686848 -0.484045072725366 -0.426850759146247
0.231525737117555 0.132838694888845 -0.280036023395553 -0.0583049782161917
0.12415311199842 0.0559079974666216 -0.18465996393266 -0.47745846327633
-0.365156598732446 0.405563204815759 0.0467428986619969 -0.355453629946954
-0.55036385051779 0.20617374828134 0.496699404639646 -0.000440910895481289
-0.852399208448605 -0.0925755721838523 0.525899928358365 0.231958027810385
-0.836031017664224 -0.341494288517872 0.795347671244776 0.676896174186672
-0.389193879079019 -0.665338662876796 1.3088495104152 0.718754123022971
-0.796667043731391 -0.860499513554828 1.23088399160049 1.0023656055952
-0.615769829667761 -1.06482658120779 1.07910715894356 1.20039396597763
-0.435567084300613 -0.975089614169879 0.558437110632207 0.989849844401049
0.194330357704585 -1.09768276894213 0.191869729401495 0.706296338330696
1.15166421600315 -0.88574968294177 -0.255876522027767 0.327536462108488
1.74471824143997 -0.514614503402158 -0.954750982447155 -0.444998077205891
1.86317391476649 0.30132544100754 -1.04561482518238 -1.30222345066161
1.23175063524263 0.972697543222596 -1.16401697020768 -1.27998864448475
1.1016186278381 1.2549961437717 -1.01885527151099 -1.61941903083221
-0.069200461295156 1.39876081216985 -0.978220750598712 -1.08795634405903
-0.159628679495608 1.39724570753634 -1.13556527914434 -0.831844060037985
-0.411073052439533 1.2973291241932 -0.417165732144151 -0.603316698054672
-0.705760655663916 0.796945232774459 -0.303669658741773 -0.464336351020277
-0.998089238750971 0.0956965542888051 0.419473515244145 0.266677826836379
-0.696631865465288 -0.262446253433232 0.996030075077541 0.413260377281511
-1.36834020422724 -0.460705981786573 1.28440909740422 0.759827120215373
-1.55760992080175 -0.880920617769313 1.74214672940559 1.23646952410384
-1.01006015921572 -1.29016990406008 1.61679906630926 1.39342075286626
-1.15707773666066 -1.49289106978839 1.66201614966314 1.65105677468361
-1.3282587739435 -1.63282559357341 1.72211480255638 1.85538115320667
-0.489798217394913 -1.65723555093964 1.07964924319014 1.72964560529886
