1.69240922890512 -0.436798499877039
1.34190673272121 0.934647090746457
-0.00520696958893782 1.76747499782101
-0.863563451882897 1.01026756107185
-1.21287932827187 0.10781511158939
-0.912616698292057 -0.514005345541565
-0.64804483127497 -0.931282672868165
-0.36603735555324 -1.09221212006647
0.368144173837677 -1.10646991796764
1.56422764134599 -0.561778548849001
1.77459470049229 0.615243242632223
0.411331718249251 1.59243911146555
-0.657939529358051 1.51207699418255
-1.06880838363243 0.551923503831278
-1.03480348610838 -0.360886033282277
-0.845558507697518 -0.827412470845406
-0.412834630497897 -1.1492642017557
0.23769984505261 -1.08712899292949
1.28318645428832 -0.814192199693594
2.18668042433664 0.118370307094034
0.663264499415964 1.61202943191304
-0.333053137639835 1.80145824241615
-0.875453783389836 0.949225386774772
-1.19998501902297 0.0183421836342486
-0.943089181774281 -0.638899054625343
-0.578887458698137 -0.945204519995955
-0.287473923028426 -1.16915151183915
0.64406820138489 -1.02387890103102
1.7661865475186 -0.36325387630123
1.26907303008102 0.877999398093872
-0.150389725392209 1.65503056522505
-0.830197509974485 1.06774150275105
-0.83389064836184 0.317231439694552
-1.09853889743932 -0.535486600756008
-0.747775906110689 -0.966465337253075
-0.490106921096163 -1.06834569063481
0.445523586634132 -1.04136675152441
1.50029271222538 -0.598968336310888
1.81070801260249 0.453414809670702
0.272653111823821 1.64261890018374
-0.591352391055534 1.34681168560117
-0.961792204585426 0.31511005563856
-1.00574359499504 -0.286778665658837
-0.905099308506562 -0.795151520884034
-0.693953563279378 -1.10016612617205
0.0786797555854546 -1.10192311566124
1.01232653169228 -1.23751054522317
1.88355254621757 -0.170661539826225
0.880955103466619 1.33819345625972
-0.156645317555622 1.64599838774495
-0.962809745232828 0.88988773923327
-0.970064584480185 0.138791060078115
-0.86467306881007 -0.641175821728469
-0.680045825538135 -1.02239121263897
-0.337560272679656 -1.3406193661289
0.634795285565488 -1.07612085266903
1.67787283340896 -0.371297640488887
1.58377014908371 0.805071167385107
0.079795675605629 1.66381910674813
-0.795194520317234 1.14866397040444
-0.981791371562102 0.139451041375221
-1.00403359525675 -0.361603790093363
-0.736622454807969 -1.09902480247523
-0.341780962320594 -1.1175902624224
0.286100227428071 -1.02031581233015
1.50335577160429 -0.683569803271455
1.83230080842207 0.454829037735609
0.518356810796396 1.60351144889004
-0.643376574106263 1.31795584644126
-1.07451117078542 0.650285266427759
-1.02231063294148 -0.384245326667061
-0.966080902603799 -0.71425801836864
-0.65973303698811 -1.09888759173981
0.0196110105027639 -1.06292116820273
1.02682287817658 -1.02488823528479
2.03852202780083 -0.385491920194654
1.07899858279551 1.15981401168925
-0.0784084588577674 1.80357246777063
-0.623671856667825 1.16512045417573
-1.0965566745506 0.0474008038684871
-1.14248637746533 -0.473719683715973
-0.715764994517206 -0.749051181266472
-0.155214935802016 -1.12901599976627
0.693463690114898 -0.981730842858368
1.60978463933194 -0.488000608771085
1.60415407288428 0.820992026523535
0.263835395249591 1.73570921598603
-0.661787847099859 1.22706611651288
-0.837384699982891 0.37327517840714
-0.900952233627035 -0.533097611254571
-0.680163271185937 -0.867833778504219
-0.423886531383754 -0.981630138351616
0.216988528487267 -1.11285464067381
1.08491670155436 -0.760444709561249
1.67877208516292 -0.0917698055052629
0.672177413371018 1.53791034347685
-0.391131378074304 1.5025492151104
-0.811491954792324 0.733502846861448
-1.03750014984122 -0.0719472731562952
-0.883147398881242 -0.600500735673698
