0.831039932705769 -0.864423178876841 -0.602542131965508
0.895384369294482 -0.433600260507057 -1.59429121673046
-0.491449250283259 0.758849844789509 -1.28465165172804
-1.37735285350408 0.832310850950195 -0.353393364668354
-1.37028364573574 -0.172709904529485 0.82948028408454
-0.611008350857853 -1.24013577413075 1.40082111840841
0.757435676640409 -1.51472700598572 0.119527897503948
1.1326708642215 -0.737015863544043 -1.10942550923025
0.367150270617531 0.879300948326312 -1.41614068752454
-0.822175272142954 1.11687643865448 -0.941386667261226
-1.51036307154171 0.472886429859164 0.435390005566423
-1.231614471035 -0.740186684223745 0.831392181641636
0.19086498287096 -1.31167026619897 0.627547682950914
1.33789717763867 -1.20676402903411 -0.649546097150366
1.05526996213505 -0.0630096377021499 -1.42440769896503
-0.605166214518572 1.11528776617812 -1.162389913124
-1.16828464188532 0.988126086355317 -0.380401867363847
-1.40763839214371 -0.0140987069374322 0.911440711829379
-0.752205625083525 -1.43272629701936 1.16344875551619
1.04883115676996 -1.59556435452712 0.230181700548782
1.2674907892571 -0.659330392928395 -0.937519517201215
0.379917070544001 0.429750714641585 -1.14385802411458
-0.53215635250973 1.2509744916503 -1.05573064198242
-1.42736415309713 0.66576031061666 0.105512970158019
-1.12478747220402 -0.729890040828553 1.06808750047398
0.0705180161860839 -1.46526604992634 0.873341375785108
1.22877075200537 -1.11493900804759 -0.577377626928424
0.929293933904363 -0.157312137718017 -1.20196476180013
-0.307375144865282 1.09300747289946 -1.05467342400606
-1.14936555755008 0.792891355054263 0.135018998958872
-0.707594330106097 -0.239192302334851 1.01298906091658
0.0540877838925247 -1.12527533329414 0.77288202828115
0.953040492111182 -0.743158487814761 -0.0521709929122307
0.781563990148825 -0.0543840782866175 -0.922062330514024
-0.0500663072212822 0.822702563585463 -0.932125049702082
-0.982997695063919 0.691655534828369 0.17523586453619
-0.640976029145892 -0.243072118634967 1.12082454056543
0.114439501715577 -1.04574834749373 0.841598108483753
0.979557815926407 -0.96015762528917 0.0954637930707737
1.07091459555055 -0.021949635477153 -0.830987814120531
-0.100804426737909 1.37685775084935 -0.867334545358455
-1.03901406035866 1.07241906067164 -0.00142322787113792
-0.837969097369186 -0.136998130371534 0.955573951211767
-0.00277477084022589 -0.811380349595916 0.967493281380714
1.05119366513334 -0.984518116551562 -0.303439370488533
1.38760839075501 -0.107648421958481 -1.30396178063719
-0.249287289254873 1.29538032901686 -1.04801845654832
-1.26198502511296 0.981261027687862 0.355886831450506
-0.881645035654799 -0.507714640062207 1.40969777638703
0.430878379600242 -0.965460493963585 0.876791729117671
1.15118415026094 -0.481054978561385 -0.261817737868475
0.50633789213229 0.617508127619568 -0.776920908892234
-0.743839191657521 1.47525108449064 -0.267783231934029
-1.10150011858009 0.288966983516413 1.4515702743467
0.218290266300411 -0.854627019379236 1.53538539498911
1.28373934568908 -1.15089168688332 0.222275527426285
1.42415859174675 -0.061967335295586 -0.849983563915092
-0.367417673831282 1.45503082013758 -1.12721737801626
-1.36722237717879 1.34522292994942 0.727491307829261
-0.798895418415826 -0.162048319825356 1.74530422667365
0.689362107884201 -1.38460600822416 1.13586112128702
1.98388110897598 -0.696596268720399 -0.47292922029297
0.904456521543321 0.749988159315349 -1.30495750041386
-0.518199954844191 2.15551500636909 -0.462500898295755
-1.51222508971888 0.737235751011149 0.911765093758582
-0.740167707124404 -0.487115440904078 2.03497200647113
1.06223936049346 -1.17690585805627 1.02305279398861
2.17472330730251 -0.505036475720529 -0.942707574389599
0.480005914266189 1.16676162487957 -1.29935650312617
-1.13746002772721 1.77778330221954 -0.249095660179395
-1.21246088518245 0.49281748371934 1.01979485238402
-0.661255418632579 -0.961925501898313 1.65257454955687
0.885840071088458 -1.60300764470613 0.542416508718481
1.24714583531027 -0.800440653814016 -0.921607021525109
0.269935357407535 0.659610441093377 -1.87563863884745
-1.13309562944517 1.52320461029984 -1.03858617574371
-1.32390085538603 0.669866661431424 0.655804126379815
-1.19558348491358 -0.781206914162412 1.58994010595884
0.290857602016611 -1.5681255887108 0.849062990120427
2.00878294123227 -1.11207846217914 -0.701607412914717
1.02503857427871 0.607569126646884 -1.29507827342411
-0.699956215593203 1.89053847816461 -1.04838247507583
-1.11936606428288 0.740225516348923 0.562105313000043
-0.847482995249025 -0.538190306975114 2.0022677621352
0.832163661762846 -1.17362111639388 0.672871497233739
1.53097375425028 -0.481024324465563 -0.429133617726364
0.650493063667713 0.968788594442228 -0.856050950509824
-0.664218354831388 1.74848379232693 -0.320999730322974
-0.956426691085662 0.498441052746495 1.24645108423444
-0.206169334959908 -1.17089932445943 1.70517579035875
1.41581847938112 -0.827660727757895 0.299539401041202
1.44516090346175 -0.0566889295121241 -0.814616316300037
0.272892213863003 1.50733215115294 -1.14750505105501
-0.778874142819534 1.52718866189073 0.0395432012048084
-0.894408574686476 0.0295602242143371 1.26539546434237
-0.338830627233548 -1.07147651395099 1.25332460794422
1.07136623887959 -0.925134903497342 0.314140032847597
1.15694292712747 -0.23383702956731 -1.09964612909882
-0.182419240299947 1.21366856801147 -1.1574935741381
-1.15252915044435 1.18333687880244 0.099126730843867
