-0.804964460628598 -1.16884624159132 1.37448951313132 1.47436426454997
-0.276240951036537 -1.13064504209145 0.9358633220221 1.19845018573823
0.42341897665624 -1.15645946351617 0.580202284918105 0.773435873485293
1.26605547111231 -0.957220187645385 -0.294175067458206 0.242319870933518
1.77880568581537 -0.266943836421971 -1.04698423353233 -0.417603149549162
2.00608179355356 0.510201609799346 -1.38643378795134 -1.14014894825119
1.1337409278517 1.21734998857008 -1.43766813867101 -1.42012853757654
0.43191167278871 1.48497447882625 -0.954298514296414 -1.35412464027915
-0.333731982171433 1.4933546822007 -1.15897291409892 -1.38432182869789
-0.210927744116995 1.57558394187719 -0.949563850900837 -1.08072094283729
-0.218076066749683 1.18527899165678 -0.75861564538763 -0.335175585697558
-0.568663966294697 0.929701728313405 -0.422338246433236 -0.325166612319136
-0.393199572246407 0.299145648799426 -0.253597081633698 0.21448556016428
-0.83465758715743 0.207589880657444 0.260112271715395 0.303079798595302
-0.686293958265776 0.0346657932556986 0.429119928389675 0.206937790339893
-0.626865522963574 -0.330617855213024 0.604068937690388 0.547937252637681
-0.578303324308523 -0.393853312721071 0.937263441835504 0.688946564723121
-0.580736279465043 -0.753398450767116 0.88101991122404 0.87147992108673
-0.573058235153897 -0.964019666106295 0.719756328792052 0.662659059177402
0.0594871026824622 -0.583828556216133 0.0216983347072095 0.60257527925958
0.359319326202255 -0.452938682508145 -0.0522983793695696 0.49302296337143
1.02508174674374 -0.237434410192596 -0.385842799337467 0.0603615058222255
1.48482765895417 0.0697016829559241 -0.925483883749602 -0.74674211843562
1.24668959307312 0.659292461610897 -1.13207496540448 -0.870525848433818
0.609776215848857 1.25092381054293 -1.07281767931713 -1.45211586224094
0.220689394787102 1.37291916189696 -1.15986494728049 -1.11311436714216
-0.00802794127174375 1.36311944667649 -0.891544808950781 -1.04114707335076
-0.432438618199814 1.1686461121852 -0.564886181722075 -0.604452525113575
-0.299193980320069 0.887344730084975 -0.467975826784956 -0.296706509882622
-0.136105705469152 0.604554496550172 -0.325221674604553 -0.135517533841904
-0.285479506132627 0.223571064325209 0.248117502332221 0.173598819043107
-0.703698849435657 0.12996275313254 0.519677315851921 0.0760973207848094
-0.673838659010337 -0.328493968413916 0.874982572189972 0.233208365717563
-0.721361352204834 -0.53813857962456 0.868234890476842 0.833365161002952
-0.73307900395225 -0.829862047174607 0.84412833494803 0.767838221386375
-0.31022762201872 -0.993091607338117 0.846391913828437 0.926842480276001
-0.126728138039217 -0.931643935543137 0.4358234188976 0.892752636336734
0.368067158594184 -0.84071179510772 -0.00870688104802021 0.443677903452164
0.78018133192948 -0.503816329716416 -0.539072593801875 -0.361326181461147
1.67479211211341 0.168905194773863 -1.00179965135013 -0.728565543391377
1.36193904638923 0.624315790048621 -0.953722667554924 -1.29485501398608
0.799314936471899 1.04802536233032 -1.04049133145529 -1.2754833329843
0.317918429952378 1.47070697936412 -0.728147382759924 -1.44815229567266
-0.247928702861408 1.13631637473989 -0.92217850703581 -0.922492926432468
-0.370866936553004 1.23026293059783 -0.919340968130912 -0.738982938579908
-0.321914149638165 0.784501150523333 -0.24830865453401 -0.549552270997498
-0.685188829391478 0.500028775774998 0.0990157493650244 0.0151489282763731
-0.847104833752136 0.101782892828835 0.739855565548572 0.416070552161838
-0.922700773472768 -0.550592777791465 1.0751674190069 0.370046764720239
-0.945910706865146 -0.814048288263957 1.7898000741264 1.2199616211131
-1.26137463633219 -1.28641089541656 1.87974459331238 1.49414654479371
-1.88615106831906 -1.46655371624242 2.00324185411255 1.62502182218283
-1.32288969468425 -1.51020283236426 1.62066879523602 1.66532054618016
-0.805193434026195 -1.72947453991517 1.77549981818586 2.19175591125263
-0.460972780594766 -1.77714342965703 0.744069674765848 1.4216122004027
1.15377741454207 -1.76063029992126 -0.294411735422683 0.69858258689978
2.73936051802102 -1.11518396043752 -0.67881693061103 -0.447955578352087
2.78760427801468 -0.180070785394195 -1.38464500732271 -1.39858848950076
2.01342434981744 1.1230038643635 -1.1882835663541 -1.75251273719026
0.77697579323581 1.69946132787867 -1.41005014896088 -1.85720285105085
0.190119364069212 1.83335653727829 -1.22583318193292 -1.62664509547199
-0.614163741606374 2.01077807063039 -1.21426645527069 -1.39973608551864
-0.884473504015079 1.034031713298 -1.03657685551265 -0.66148448906322
-0.69389398817861 0.992356564207454 -0.882002789457863 -0.442028945781537
-0.363676308033579 0.638105776252864 -0.469682257978756 0.18984872637458
0.00498292553837235 0.58140673907987 -0.39895227516074 0.0167548380127699
0.026069380189812 0.173962420642831 -0.244213199123018 -0.271882463944996
0.120328080160392 0.294589566316838 -0.264906977312826 -0.195960360627307
-0.164720933666264 0.135552427088809 -0.0589285076925841 0.105748312490538
0.14008201104255 0.366761937721799 -0.0120006992796636 -0.345029984627338
-0.127072580727562 0.466925965921687 0.0992233526981575 0.204360905381717
-0.796235332180768 0.0577665973890031 0.288870110732579 -0.114315423909634
-0.650099845711367 -0.0723935325711303 0.86666860738012 0.393965780211641
-1.05917545325886 -0.521800083814235 0.884966978838398 0.688898244672758
-1.03028541347601 -0.71777261848054 1.21572527513293 0.945402062528694
-0.939333437190431 -0.77650913336385 1.52520649526022 1.28424858206483
-0.472839787279631 -0.971400736785389 1.29862257602552 1.12441144089334
-0.209636016053283 -1.23817940309168 1.13707834695338 0.988625914042508
-0.283403973226885 -0.979505960329922 0.390943841945071 0.831565473017584
0.93368510081087 -1.04608321148667 -0.196395869372651 0.526192529478186
1.57530201999498 -0.340057650775115 -0.880068815391372 -0.178172467726121
1.23316192906861 0.3630267183367 -0.815544714880812 -1.42347003189296
0.83293262180727 0.814796440246655 -0.879531690482102 -1.44437664053119
0.533232510633709 1.15735522976695 -1.15598297404617 -1.42154514922635
0.225258501410314 1.36973645542789 -1.25515199265323 -0.945063499939341
-0.233261821337089 1.39947839949138 -1.23099665797064 -1.07223089552094
-0.678791793520519 1.10848632216353 -0.59182459876291 -0.432959551569354
-0.612745273602767 0.809314695229189 -0.348230121520649 -0.335808040166912
-0.618548606067875 0.108873358703282 0.451715802207415 0.119575568240667
-0.805351535602904 -0.118548919522798 1.03605079077782 0.25986053952223
-1.44019220668468 -0.427866385727437 1.42656812433689 0.861576132323731
-1.41307334573893 -0.902089808841572 1.74344812531749 1.0418798878965
-1.16587315298451 -1.15348736218346 2.14640909354293 1.44676644728043
-1.51734796619254 -1.62144327442948 2.09754320741974 1.8551823863946
-1.07463371484805 -1.56979592924802 1.70126291214713 1.76502549592497
-0.478912586505083 -1.56097173074178 1.1921588259282 2.13234503677591
0.376189699674402 -1.51543119404382 0.378478277408238 1.03105386202082
1.69472386748992 -1.41079744186331 -0.438278109252077 0.00800250125061559
2.86495657663146 -0.386445214221512 -1.13763736730475 -1.20595814020061
1.9515723671202 0.61100004249969 -1.29331374707649 -1.61634543370019
