-0.835088513614587 -0.246592723090821 0.758469390776882 0.500379504576295
-1.23994033040421 -0.535702391116691 1.39688662425634 0.724156658157423
-1.42271212560495 -0.938967829634865 1.67774087635745 1.28743999539075
-1.41267267533361 -1.25590100337357 1.86392964199231 1.68514629867757
-1.44012384264251 -1.47337958958596 1.88486413106144 1.81059713149843
-1.14797622578086 -1.74470719479896 1.66191170784655 1.95661098176954
-0.11362618956937 -1.74580708623122 0.900342701085827 1.76839361260905
0.718655424726739 -1.780909247024 0.0662142422564208 1.04145348469672
2.61188233065046 -1.44337008880846 -0.865538560371253 -0.687243110983531
3.28359333402158 -0.411626420323176 -1.23865676481723 -1.58166720349725
2.22466185039734 0.652137429953477 -1.32137562274564 -1.85636705337772
0.990944179652748 1.71598086759539 -1.12670102258601 -2.02136196837539
-0.0292842821539742 1.7947576321434 -1.32833543340805 -1.51570779410288
-0.624236915332229 1.66851981504383 -1.1220088725883 -1.4764074935022
-0.341312412716929 1.19861536261856 -1.06466583771882 -0.447188984250207
-0.00509165614194558 1.04658046693249 -1.04841171342997 -0.0326335677242315
-0.0384160551376127 0.704120767526004 -1.22503132545264 -0.115830171928789
0.321499254370141 0.751168858523042 -1.01714689054617 -0.572897272048896
0.366971384181347 0.687089469477377 -0.726050202986661 -0.357553541509941
0.578769671539055 0.63233872439533 -1.05351015772299 -0.344769340882072
0.760546915646391 0.585770228791749 -0.602954663628968 -0.392084216415093
0.408334361127103 0.859842728838618 -0.817746841971758 -0.625793904209553
0.2965871603864 0.778206186645049 -0.85805365153229 -0.728165142076999
0.450155323068608 0.799271889691978 -0.941942941932707 -0.6385065498755
-0.0249727107248928 0.675168690787174 -0.627551039300888 -0.107225674545886
0.0545635513759139 0.664954691452972 -0.499842875884935 -0.206423493827994
-0.188831529038831 0.482287931375258 -0.495049998523044 -0.318370156709899
-0.207286449079065 0.288668734502623 -0.0150169666370037 0.0396866002921091
-0.574387917620622 0.0310620944023581 0.395511234844716 0.0574930874854693
-0.600542493710141 -0.381269921054342 0.810918908673474 0.441170655225115
-0.623055213068597 -0.702934936700865 1.14704148984293 0.402150453498665
-0.672804655888572 -0.882116802978266 1.26754768279743 0.735990144515213
-0.755096842025164 -1.23599880446779 0.98356975242801 0.933748336187236
-0.281277495414749 -1.0952046834007 0.714809214076673 0.783126801611142
0.509895418448636 -0.983964439417913 -0.0309105487781112 0.642714438261945
0.932597311965759 -0.823943350597787 -0.269216098230154 0.0525720013450447
1.83897664854804 -0.368776472471998 -1.0804055035426 -0.543681249320307
1.82828698388694 0.441045184144051 -0.838628222154158 -1.17803005887711
0.983117808268393 0.924884603558755 -0.814863466682303 -1.29030853429389
0.499392204800473 1.44420396832337 -0.844923576573027 -1.50200257758913
0.23597566268551 1.73331969173007 -0.993371928041072 -1.28304246555499
-0.326946243612037 1.21402368200561 -0.773081294341269 -0.791858135756864
-0.839651968179797 0.882995624115053 -0.565643585581796 -0.438083003898743
-0.548027306451949 0.619748030569877 -0.222963815448476 0.0790575072914514
-0.649154080678509 0.17483804856886 0.239139867090423 0.401418306762267
-0.827385973350939 -0.185471489328153 0.84708448805629 0.185168939186626
-1.00738893122655 -0.523051946153022 1.16789250218251 0.892700864979813
-1.2247539217226 -0.652421057268212 1.2086039934726 0.905174509964737
-1.12689355039002 -1.04769520285464 1.58686546234121 1.77595410562677
-0.969081843052279 -1.20544800075943 1.64211732356694 1.35013725675662
-0.882430540062761 -1.54166696978523 1.19362592614362 1.50986433213464
0.0356977352575993 -1.61907350580734 0.915790053796918 1.25958838053945
0.71489923440013 -1.45720334564927 -0.141329998981024 0.584279126908241
1.97793153608962 -1.08737066948039 -0.800125581289242 0.0645657412861097
2.47900388239043 -0.315185915484652 -0.923676372123858 -1.38524944159555
2.13877688595046 0.593623566598936 -0.90593559659356 -1.54372929413842
0.796419533792575 1.34244956768687 -1.30808704492467 -1.91689688737024
-0.0283918956561171 1.73712098081125 -1.19469686214589 -1.74606599711308
-0.408131041466551 1.60846974532629 -1.00377332381753 -1.36268688996159
-0.567571869565392 1.42735377208414 -1.03434588396218 -0.603302705112536
-0.45979638146348 0.943722703694291 -0.991342218700063 -0.252215563176255
-0.160879273252251 0.742405370630029 -0.444259407711133 -0.129741874538058
-0.177039255354361 0.444049903853345 -0.435823782190283 -0.00542391388650074
-0.0420328143826659 0.0267972448049023 -0.308237550651358 -0.0465743244953191
-0.045651531105352 0.00222095473177961 -0.0925393869426153 0.0796558619445671
0.247891812774731 0.337813372455812 -0.265084484502484 -0.269378380528642
0.0355024522398529 -0.0102869260795501 -0.25494925098583 -0.22608904308929
0.638503831539571 0.0209876172171632 -0.268412070650456 0.139646303440325
0.407433490249936 0.29922979671299 -0.0146946981887814 -0.179095704644658
0.0760204353923801 0.0162727816136899 -0.182703479515115 -0.142603640162581
0.144797266972765 0.209574464495858 -0.376882111914856 -0.352572108179153
0.145193807650014 0.44746539276622 -0.467664053228229 -0.273024924764996
0.207775421845642 0.486384631870353 -0.0294622373508604 -0.21908428968623
0.135998666651222 0.124285756991581 0.103595108835749 -0.142065049389071
-0.464109933744398 0.213897288387891 0.317996577826066 -0.0683166980914603
-0.355493789123292 -0.00422396141600929 0.444022621399869 0.27844203341106
-0.766712309136273 -0.368748569319184 0.726926646505598 0.510389050737362
-0.827364229988632 -0.771519558457927 1.04891415078198 0.720830974708786
-0.785723716582763 -0.824872357734386 1.02411394357993 0.860136875178867
-0.405616136305142 -0.978013881550346 1.33687411516598 1.09476959791427
-0.397020011897338 -1.01855846284999 0.91514668850271 0.910765897950041
-0.187674579616126 -0.911265478644006 0.626559429050948 0.952588633503071
0.753304377289196 -0.868438335108318 0.00825326615594933 0.718542305531118
1.62337672821252 -0.588096160573081 -0.449090699910918 0.0729840084422616
1.82102084786967 0.0331274416681576 -0.568776331200857 -1.00923937641222
2.04434807765358 0.572333622807118 -1.17485745130962 -1.48713782566041
0.757551631538083 1.19736890028078 -1.10529318337216 -1.40659197882907
0.289996591127226 1.47127744783565 -1.17287154122237 -1.07772457732572
0.336204583996144 1.31632477203735 -0.913184073154044 -0.84516627425095
-0.227990040150382 1.14204060698125 -0.76683318262321 -0.741363779046591
-0.127298571187482 0.910277017290619 -0.703286291321891 -0.70465680509943
-0.596523110523318 0.720913354699365 -0.270875110740076 -0.559788445947745
-0.912027466302313 0.351366172849286 0.34838605319688 -0.148056975582098
-0.875843728319461 -0.049079074561041 0.972629433087687 0.160492717822048
-1.08765697093898 -0.446632515387982 1.26793286194483 0.986733125927678
-1.24100501158864 -0.895485657338916 1.8814467461463 1.37131640456757
-1.64503305864146 -1.23539769875518 1.98048286236243 1.62291637106511
-1.50623116279549 -1.79682069090247 2.08218102791627 1.80065857603689
-1.3842345707711 -1.82503176768983 2.10934768067257 1.98505486234665
-1.03955226104128 -1.91252346887935 1.47300625630478 1.76038257545084
