-0.788537705335832 -0.973122511615294 1.23192970700177 1.1912502483525
-0.566988767990211 -1.07113291536348 1.28077197577716 1.15602144201759
-0.830063213478596 -1.07823496745443 0.667190984748861 1.02333586159841
0.126828681192956 -1.13960479727958 0.590798538683853 1.11103876997388
0.707736716657855 -1.16801182508517 0.106546508827724 0.52526862436201
1.63260718690876 -0.981725278643733 -0.781856021804687 0.0496786065226003
2.18614074581686 -0.210330600607212 -0.994970484706049 -0.991340775203073
1.66216398916199 0.619904714381729 -0.98351621989202 -1.39824553091772
0.793438561386673 1.24557949828306 -1.24698260376724 -1.19068655174417
0.467571801395973 1.4258749132009 -1.24824116230903 -1.13295281938966
0.360563179274242 1.55499301906263 -0.986552171153498 -1.30401187635777
-0.621733068067222 1.06378531791979 -1.05537815897688 -0.789767875862006
-0.376997993051686 0.920451439953714 -0.733217215685218 -0.586166928888241
-0.462185755956035 0.691025915263505 0.134606201549338 -0.150013283319279
-0.602057248493292 0.212535136141508 0.549259177688816 0.0469630664118885
-0.735536510577651 -0.203275256522102 0.86367130472379 0.411079359997948
-1.2619318476365 -0.607604757321418 1.47048660205634 0.852416080833501
-1.40526786441792 -0.935221900274187 1.86191025986081 1.52913552721284
-1.7246989630515 -1.61771039408345 2.18780343193225 1.81015260367047
-1.42343423273112 -1.79214101589468 2.13651005460018 1.79757668191147
-1.18823719171991 -1.98429467070532 2.16966563348693 1.97438800926239
-1.06847412704039 -1.88257228540053 2.01976786266666 1.98225649107942
-0.0783055039110166 -2.10091339158942 1.13569445191871 1.3861832350006
1.7380135398272 -1.83872564731014 -0.176455406819419 0.788931038838966
3.41563859114503 -1.36197224661209 -0.93313973625917 -0.412215413914401
3.28175931364881 -0.367518148096832 -1.21392619839406 -1.7682939870747
2.19457029080636 0.993996302695813 -1.13634459421453 -2.40820196104199
0.655812431202867 1.83861884067402 -1.14360714020387 -2.55135645390902
-0.331631669179194 2.12853717208122 -1.27416454152652 -1.76381116926953
-0.732154954822195 1.92671678503655 -1.32830744336402 -1.09021229558634
-0.842137754836923 1.44320691779173 -1.05673677329357 -0.901763194204638
-0.326479275661699 0.858705044402272 -1.15980843509614 -0.0738477938281797
-0.00711720947519962 0.516306937729078 -0.881398512668398 -0.0156634078490231
0.0164677300167214 0.464694332796687 -0.921419610213888 -0.269608087012446
0.454012562137553 0.510189282398801 -0.674386202188339 -0.424748829967943
0.576646612338014 0.326036530615956 -0.460392184012246 -0.135662259140255
0.329692966703398 0.63385472744198 -0.546890122773769 0.13407539596409
0.532294625935749 0.460543640153265 -0.220144478329319 -0.526192428103285
0.139747217744066 0.417925632448816 -0.556137283582086 -0.536166990181624
0.0332582575881498 0.263326005669204 -0.397662163102666 -0.347786058714642
-0.171937720554035 0.406679853463784 -0.0905127710350191 -0.46294382298879
-0.343312969194567 0.12119710128943 -0.194197996229651 -0.00523814813810302
-0.281605682682034 0.249704377968024 0.0319251605845238 0.000358772244448369
-0.507695502947406 0.0820244685525239 0.595242883396966 0.291364555596202
-1.23443384522495 -0.135986173118238 0.986693880933383 0.341374378705457
-1.04214451894364 -0.406966336592904 0.917860564680432 0.724781102745149
-1.05013653565025 -0.862408202126924 1.34485216840098 0.999781968447658
-0.567235434055152 -0.992608313075476 1.34009988771363 1.36910415920531
-0.811943017627242 -1.38806220833563 1.47075587797436 1.469172757169
-0.150403591276097 -1.52776121437288 0.881711421463827 1.57357230643181
0.263606890598422 -1.31589669548992 0.241888038886517 1.12776854224891
1.04782113019926 -0.975510883299581 -0.536266634632559 0.739957065582854
1.7878302776385 -0.666345675355519 -0.678472798550502 -0.518487189437657
1.72339323916234 0.151417128499379 -1.0976556116187 -1.56381377683237
1.00216786947077 0.868873517465854 -0.811318823025407 -1.2993663729568
0.394053725001956 1.44407910182199 -1.13093534115546 -1.19747893150308
0.124041486810174 1.35849997178099 -1.07045947224863 -1.10811271676909
-0.319881649692319 1.53896549645073 -0.919426648790766 -0.533611764205137
-0.74534805244521 1.00265305676133 -0.960846553325895 -0.184089119337871
-0.137391188679587 0.793163329698543 -0.242303183777843 -0.189283663810839
-0.198003928744575 0.447204243076765 -0.123022056107341 0.124892368774015
-0.516928407449069 0.237655644826322 0.250605042529565 0.191400565291158
-0.361227695450818 -0.234919432354779 0.508433424408631 0.368730365959722
-0.46735811401399 -0.345892352802942 0.924272949239034 0.406296658995607
-0.272365616423675 -0.568390117657464 0.783233642714032 0.719679545322492
-0.3965480254534 -0.679269140483864 0.814280838620642 0.970318836703952
-0.0683485661941837 -0.667911846475869 0.584716688858046 0.679316105339178
0.0837349187403296 -0.775668371090303 0.177426038858236 0.426394757266312
0.345957554667353 -0.461429267339331 -0.0862208106676009 0.417811928086898
0.763757915212873 -0.180415724040046 -0.807630509352565 0.0847172076557713
1.58575474691597 0.249094404847396 -0.822377952972992 -0.593646140467494
1.02979310473381 0.469258395945838 -0.941752154177908 -0.920311004071105
0.596062575227663 1.14880211012154 -1.07479874434135 -1.35107325824273
0.0479162263037664 1.21344194424491 -0.528689965674774 -1.39686035500157
-0.179013554986575 1.1784411804936 -0.857543419675944 -1.02452216164595
-0.102760185660352 0.992341379113453 -0.685761230554868 -0.567028889378199
-0.343019191498021 0.71143407180455 -0.394559176091916 -0.377267691585983
-0.359603348406444 0.508513501735195 -0.237325100047797 -0.00929783132734707
-0.731768765096473 0.10068663541303 0.0929157851708679 0.163120303884583
-0.564823842938944 -0.161340802825603 0.582921314148337 0.13571287057887
-0.364841585794391 -0.408523372463799 0.964501096016519 0.388850938806963
-0.972269440814025 -0.404333495618367 0.851656133167166 0.567204300072142
-0.930128333675061 -0.809837332242332 1.02667065398386 0.92804607905776
-0.39763885152148 -1.03279356357275 0.786121609009279 0.782512409385615
-0.0795905214670741 -1.02118586588446 0.827088558914721 0.923473484007462
0.362051740739709 -0.774666882606442 -0.0633857332168474 0.366179104894835
1.48448053033008 -0.278967482456151 -0.683021771776108 -0.212265566777095
1.5053512765014 0.0146799136962738 -0.74016289841336 -0.75961226722879
1.37042054002943 0.607030973929819 -0.930895180880037 -1.06532740034612
0.882431690080253 1.07117710486945 -1.20649425614214 -1.35688242411897
0.278658761071869 1.26670193608423 -1.06728271321891 -1.23658744219633
-0.209446906938082 1.33557302449762 -0.975500389427027 -1.00640885045589
-0.0757879100474467 0.922231583096045 -0.841112179150827 -0.605430005020881
-0.417397059536103 0.898964765313671 -0.260805169455771 -0.27185008465685
-0.850374558284429 0.321534160970329 0.24023661077978 0.258261536531887
-1.01785864377264 -0.0723080514709589 0.674027942132131 0.450779022436608
-1.16582912369513 -0.561621711366683 1.40363289226001 0.526694888930419
-1.33532864827453 -0.602008885023188 1.5873088165062 0.900188219078098
-1.31723637797642 -1.03850035418855 1.95134903538574 1.56554103302422
-1.55131342980527 -1.56319012038477 1.92333045781253 1.83240366850907
