-0.962111702505547 -0.482873130038316
-0.718823900039065 -0.832755971863996
-0.222254318175444 -1.03926429684332
0.410169933557993 -1.01137134498094
1.50721261587432 -0.546185230035808
1.56806892338889 0.651973266646565
0.238049903512101 1.72199595874856
-0.680537966706294 1.48539126307746
-0.836829927857095 0.586546512756193
-1.21434032441686 -0.250415989346519
-0.803254528841638 -0.753439367484149
-0.482767021423891 -0.821774277464338
0.126027489662531 -1.19931433613261
1.27048739460837 -0.877972325989416
1.77174390875648 0.0148959483948142
0.857512382968188 1.44287335610895
-0.462554839854096 1.65957405260398
-0.754477604962331 1.00914494232211
-1.02364582219693 -0.0537236292452416
-0.896677591402151 -0.532408275409286
-0.731448041756212 -0.793413474808827
-0.187354468830052 -1.2478752928959
0.799688983107314 -0.883420810369821
1.89966460160158 -0.308007620298593
1.47398455035411 0.924275712159167
0.0346268325642049 1.76224820196679
-0.962514929244804 1.18446352702374
-1.01975457383361 0.215934244913382
-0.848146848838431 -0.46680750629777
-0.689152523692501 -0.930625140870111
-0.456418264055039 -1.00207477143622
0.549139511555882 -1.21956969909764
1.55621092089023 -0.62032659006064
1.50083185402363 0.610015135233628
0.247721076285932 1.76380344799708
-0.683555776813442 1.40878595846412
-1.03713683641696 0.475415249324297
-1.08565896490944 -0.316171403143871
-0.77304060064757 -0.890114224913966
-0.483271343347148 -0.911545107260083
0.0727887956199558 -1.33017180823223
1.25504266033315 -0.997194235083285
1.85317136563972 0.156450572590019
0.731714362138546 1.67658159773272
-0.484956969633319 1.682654091868
-0.927712145624849 0.878002715623342
-0.988349520267484 0.00076494248517511
-0.985458899163362 -0.711445427653378
-0.634969530461534 -1.01372961493437
-0.142868418883989 -0.944432383943271
0.804511043000297 -1.02971720468487
1.5857423666953 -0.279762235491116
1.31970279726503 0.96488991998514
0.0381188546979414 1.79342878500659
-0.834124991862341 1.18357676490467
-1.03176123948817 0.251251214963101
-1.04997275510431 -0.376397747823592
-0.824349547280369 -0.845207191504891
-0.356939201889137 -1.13501655400045
0.427403196957769 -1.1502239643942
1.67164971463078 -0.839012088326344
1.79709043561369 0.493109362175568
0.21964032899587 1.65054196378235
-0.745339205943193 1.53796342411861
-0.958384582987161 0.674567530443893
-1.09908781665977 -0.160326770227548
-0.911976677415758 -0.76374975000428
-0.52968376533422 -0.828724350011549
-0.136476210442172 -1.0011512311945
1.2427784165405 -0.869618161076237
2.04640904594763 -0.00491848733305331
1.07177558885178 1.37684572398503
-0.466869478807916 1.56598059317429
-0.901060171985422 1.1094062042437
-0.987413342662032 0.147114012486492
-0.932156415626424 -0.491471462243831
-0.663245300307473 -0.944713922482592
-0.483017767636074 -1.01383103065593
0.61396721407644 -0.963983356006113
1.52925354674036 -0.529552754636202
1.55652516656416 0.685706346270459
-0.0305986858598481 1.85448288707946
-0.845385413573172 1.11973055251344
-1.09031414089528 0.40957615981113
-0.960417686738802 -0.297317116660316
-0.72110017882109 -0.76925657060428
-0.438837481083617 -0.867562547384996
0.306853685795785 -1.10387863415008
1.30069846932691 -0.726844923943461
1.83903305334435 0.239755579543196
0.404290819588421 1.74501635670564
-0.536890155944308 1.74949657617499
-1.15320709130926 0.579220071189403
-1.00384472308198 -0.156450994557438
-0.9739355914666 -0.414599115421586
-0.664216692644656 -0.938035006370411
-0.0206193970346505 -1.28935963093356
1.07101107916022 -0.751794474789815
1.86924452146716 -0.148992528613669
1.09171250298278 1.23644236506357
