-0.382139200661428 1.57151632312138 -1.31616927102374
-1.60762798286958 0.969351782132032 0.172831684454634
-1.23269768633514 -0.758194597400973 1.39811967969979
0.612529898774114 -1.79241911281082 0.516969835367435
1.83542952068954 -0.328510205864413 -1.16999506949636
-0.062343277613242 1.11005474573758 -1.18746718014906
-1.19457989066485 1.35609611186804 0.0460969682268556
-0.981956607698243 -0.766507446643969 1.33230736124208
0.649518555240093 -1.30504049102591 0.576448145477733
1.73442509173885 -0.644271683352566 -0.770641726606814
0.323374022940682 1.38635902303791 -1.49375496311855
-1.21168581255078 1.42861520358935 -0.250566093005052
-1.03543862498399 -0.738974511771671 1.41206149412716
0.820980186632605 -1.7463959066086 0.891264832756388
1.91466313354508 -0.505597571944566 -1.18590612711663
0.0811256114588525 1.49775881501992 -1.1325146462324
-1.38167211737945 1.1744176115501 0.44627377951232
-0.928418650805888 -0.641949829328737 1.55787158985451
0.907609712146501 -1.47886994011369 0.719495930563089
1.09521043511804 -0.368232051755759 -1.04786432521347
0.119180567308752 1.10223128361058 -1.52801879308773
-1.37067168085043 1.21982556406861 0.593132301252325
-0.354082916560995 -0.588734733794991 1.48429624331029
0.704485782728865 -1.38544955294862 0.672217240638943
0.934156224176677 -0.493428384658693 -1.12335384071005
-0.124355508447529 1.28592081516834 -1.42876939510952
-1.28317913261166 1.08220454775105 -0.147906372457521
-1.38057045396859 -0.454812024721639 1.56507402625626
0.513488835459492 -1.45699801287461 0.596034835371589
0.75173907027857 -0.980021657408457 -0.808471740450556
-0.31192887321206 0.957559858161127 -1.48029869088311
-1.74608235981824 0.964638372167744 -0.393919756457442
-1.33531589660604 -0.398502764872539 1.16922444216223
0.468843082172687 -1.48862127547635 0.737825181376625
1.30174989233294 -0.620846030708516 -0.949111094605641
0.483196836159306 0.561789018990863 -1.72160725377851
-1.19500331796113 1.4372890128391 -0.285511294819451
-1.07021685059254 -0.308707773626998 0.921269116926817
0.0330101874805638 -0.906870192116043 0.917938803947423
1.40157082701087 -0.977458900931498 -0.735945232869421
0.554268770509822 0.474589541328201 -1.14176580313686
-0.89664886007522 1.47707493430937 -0.33678504735514
-1.13012689056523 -0.0812931974356132 0.874142239306991
0.448438490910621 -0.596592482887843 0.621675067603243
1.79241815827442 -0.710045301499667 -0.300558478451703
0.438680496084449 0.885971170763654 -1.01490188309373
-0.451848002555276 1.10684654182214 -0.0451621120704135
-0.609172773082958 -0.403004996624268 1.12773108101262
0.520645541423117 -1.12322668181491 0.504732187619665
1.1740118607082 -0.305091457235229 -0.611081650053341
0.0641953369322524 1.4006966887151 -0.838699491609358
-1.09885797402168 0.995071921623592 0.57718144997467
-0.394953904440585 -0.586085140128399 1.63395208906039
0.712170013342179 -1.19736841272625 0.504673522717273
0.959383392212134 -0.439032904007549 -0.893957363977909
-0.322347919978807 1.03487193880459 -1.0236061592723
-0.619680737870905 0.808069448602443 0.711765602840515
-0.374141852203719 -0.790473870717858 1.35880539540611
1.26031493477404 -1.11000418332889 0.121515511581618
1.13941325924852 0.326186361965249 -0.988159129272944
-0.483738484420381 1.60492086696416 -0.515336024320674
-1.28716284467552 0.238965770734171 1.31975866471053
0.145299827877441 -1.11650363694875 1.24815968767255
1.30975689467189 -0.670122766683316 -0.658119430167254
0.816324091981065 0.683040484990853 -0.777228547831276
-0.592154743892699 1.37994138195062 -0.417245753525741
-1.03483385279635 -0.176170959433077 1.37070699441563
0.578460496715529 -1.14598823588547 0.856243215076897
1.76671462442633 -0.856170820841374 -0.791049321036169
-0.256459423886414 0.538130137413956 -1.18300612533252
-1.08528429912882 0.777520779274729 -0.190865012658384
-0.853353393151587 -0.139662740122843 1.34518331893039
0.508271141315809 -1.22133204938083 1.13763618964548
1.36013284067518 -0.79508498056621 -0.48216944033345
0.615062562316129 0.553763365424299 -0.917346214888368
-1.28529050882316 1.39899617271257 -0.721369583203508
-1.49887301148482 -0.106423468665398 1.10936046833351
0.107923739366347 -1.25116616491759 1.18399110444807
1.0384562134427 -0.896229785744587 -0.719241382223786
0.422750336646375 0.719930113647629 -1.29984679546925
-1.07741485915762 1.28544913433069 0.208545495795334
-1.31242914301922 -0.180132387310191 1.70598372468271
0.541524105076125 -1.43671356699814 1.03696305999769
1.93941577261666 -0.431662272350763 -0.685264611208445
0.333331949551889 0.926745581667913 -1.1743723160678
-1.12828592826082 1.36791420142316 0.176837635688479
-0.929347065766114 -0.323270449075288 1.19212740205418
0.607149872089222 -1.15279172529401 0.796430659344252
1.38216092345534 -0.784200241272202 -1.02893631800484
-0.340342078469622 1.13072883330912 -1.13819193295155
-1.2400887620673 1.12335702317513 0.305727093841967
-1.11630273571328 -0.600715131543845 1.69021655227384
0.917395079419846 -1.24110639399841 0.366768092902474
1.37752191228762 -0.580472538426759 -0.986316257146979
0.218144733630924 1.17775643945192 -1.14855733862781
-1.15003677307484 1.10079377046573 0.0139388650871627
-0.511141590531364 -0.488904373599378 1.4695303437041
0.66211527852481 -1.03122536880174 0.413362088074581
1.18283250639151 0.157104780518058 -1.35639413334037
-0.310687374985496 1.3236178648245 -1.16707177250449
