0.825730804688732 1.91525921504072 -1.12432598584392 -2.27242097098333
-0.0688457569817735 1.85627469883321 -1.2922922334364 -2.15630656186528
-0.942314055134327 1.70439701296291 -1.55140444724044 -1.05541738630548
-0.552619705715554 1.365130675062 -1.18804252041074 -0.83799955375187
-0.484371473730991 1.18798126456323 -0.820910352209 -0.2919724983352
-0.0693500304768276 0.725246246639093 -0.803631599480235 -0.155028497507139
0.45946558277399 0.434549603936079 -0.777246449625818 -0.370097087398033
0.173435994963117 0.426797926653827 -0.733607871268826 -0.423882107120194
0.190977795173874 0.350031524714465 -0.289453412889929 -0.475535489690321
0.463753921880238 0.394222269820457 -0.385103413247288 -0.619775055112246
0.175525948148036 0.476497535194121 -0.415912761882704 -0.505661711086327
0.0358265556082511 0.359095725796956 -0.344557252399369 -0.343493398735934
-0.171225201319123 0.00274860917419911 -0.232816776274726 -0.358515657723007
-0.179981395250404 0.46696873918392 -0.459229854294515 -0.111477077497328
-0.257430326852149 0.32072155485176 -0.00759086970483592 -0.342919550386257
-0.606896750918183 0.437665583211956 0.485668844408498 -0.308690133908282
-0.5607100540691 0.172312303727368 0.684418038594276 0.0390281738141055
-1.06414377346148 -0.210654157619692 1.02374712519933 0.246490731378955
-1.03982384341812 -0.671157370224216 1.54090157592226 1.27268854175278
-0.93862315948771 -0.948920850100897 1.60776075004502 1.22303871214901
-0.925974998841122 -1.44549082662947 1.75344190508251 1.380989594436
-0.760541221101217 -1.47022074631868 1.55158820488621 1.60075512845561
-0.422236655639857 -1.61866310047753 1.33582736600972 1.59190370092324
0.355262386298303 -1.40259808966368 0.271897548907028 1.06871322965244
1.56210022161382 -1.20952253450235 -0.258996770485734 0.426682979615409
2.29801722999671 -0.483172145671835 -0.59395595923609 -0.770276606124445
2.16416138367439 0.0617521955895558 -1.18501390555615 -1.35104126263835
1.34289537504603 0.808008604293471 -1.11749207323567 -1.81425204477921
0.55996617927939 1.52849087743377 -1.30393263412045 -1.58424011492463
0.348504083232661 1.45576738708304 -1.03305300796009 -1.23023246948169
-0.233299000388742 1.51019020209025 -1.3370396267638 -0.602560870615891
-0.385522479954092 1.02785855467489 -0.887410523191262 -0.539119990398876
-0.449008957263015 0.570067759382213 -0.687147228219437 -0.124269422551108
-0.65508482704654 0.334162336463893 0.0861061235672582 -0.0865473076750386
-0.66211938853097 -0.0021580840223853 0.300415693997281 0.609018887589312
-0.306204251292543 -0.168018115179172 0.357297523599142 0.294986003008402
-0.755760958003874 -0.465015642587077 0.789622734403893 0.461229039416442
-0.5120261348891 -0.933666190427294 1.2417503786341 0.844404893634644
-0.473075061345279 -1.05945961415713 1.11318650866419 0.774450555439894
-0.392288736446085 -0.912010576951569 0.926300135599998 0.702257030580599
0.326006623788612 -0.914103923336149 0.181014227666498 0.528174754734838
0.599930930270445 -0.792186326941816 0.0887715499746857 0.529469047909069
1.02796952344337 -0.46891151664442 -0.529446722005344 -0.0442299363847001
1.42155120343039 0.0640652619426004 -0.751006842661337 -0.200435808185862
1.53739768717158 0.356643433749418 -0.823502440193822 -0.949907195381789
0.922787937745466 0.798320935835265 -1.33687935246405 -1.14408711740409
0.797363795704897 1.22357538234737 -1.20268549332053 -1.34178216025397
-0.127005783665718 1.14224639377025 -1.10749878787021 -0.872330481584027
-0.273845822969827 0.968240818131005 -0.691846571170913 -0.453557036456816
-0.472635721467636 0.614164233345926 -0.282044519584959 -0.382493016709588
-0.673394553377996 0.292346685908459 -0.0894362605081848 -0.0994320407322002
-0.313866057145681 -0.0385205561175693 0.262638524901661 0.228500363569226
-0.77805175675179 -0.0776346336210056 0.656791924951553 0.577570147605252
-0.542567491842181 -0.396133427531623 0.708183433345048 0.941849904213102
-1.0221764709304 -0.912144205452866 0.875361228426924 0.902664445466529
-0.92676701377137 -0.921676126579158 1.19212416396584 1.01209184989315
-0.540074644316781 -1.30492092665597 0.951929542841533 1.36830495728038
-0.206416230796405 -1.18919049544494 0.685322394511508 0.885579948171544
0.967790880655913 -0.899374552635993 -0.0624826424606973 0.55554906192448
1.58946429105367 -0.563262322901509 -0.652070184872845 0.213960077049195
2.03749072560899 0.0845782643731653 -1.04182883536146 -0.702015420947404
1.36327968697291 0.377916424476192 -0.980186829108522 -1.03214969707648
0.815415502443518 1.20342916000697 -0.889165566700731 -1.26306962236977
0.652808610864293 1.18033153462502 -1.05198509147561 -0.967425955421334
0.058521630307897 1.29173516284776 -0.984454484367706 -1.0524281388588
-0.499539339009722 1.15715111868298 -0.599271242601428 -0.45296342702365
-0.453889580716276 0.91231332370938 -0.375665150637697 -0.00579495770352082
-0.76756467435856 0.284901319580308 0.178939226258208 0.467344175401098
-1.0666255477562 -0.231582024851169 0.776441265161005 0.699718054235975
-1.45617455898227 -0.590788176165897 1.36814607856623 0.874819802931174
-1.91927889897883 -0.878412883964279 1.92514110972219 0.955983354613399
-1.3358741269984 -1.38112391203838 2.24247347454322 1.70355649414958
-1.58234135894562 -1.53910546740727 2.16961365547043 1.94073957471455
-1.10113890650589 -1.80909904433456 2.06958226366878 1.670098101832
-1.25418559505549 -2.08228790476265 1.79747387774642 2.31596015655591
0.12089279629942 -1.75680852781933 0.79019545283149 1.71714609028089
1.51103537611767 -1.77064384907838 -0.246458926726367 1.07288668578059
3.50645938338048 -1.15644891968288 -1.08177129036669 -0.363778999526432
3.39677071237569 -0.22651122526116 -0.978171196031674 -1.88920642013696
2.32953520936894 0.56849400563144 -1.33393741579102 -1.89175213501416
0.576078093146623 1.82857460526102 -1.0226149927336 -2.21810654143468
-0.0172720657553137 1.89500302928243 -1.3052145431737 -1.63066917987211
-0.410305648281677 1.70786623976578 -1.10676265305154 -1.0748301559602
-0.396623467209855 1.12622214790011 -1.08496498007317 -0.345660018030628
-0.662883246601117 0.603507394190394 -0.626219271199187 -0.148491720863207
-0.102641636698154 0.479699267705757 -0.920345878358745 0.371914217192969
-0.186790804649079 0.327722213842866 -0.300911396979004 0.0851897107284736
0.322074864880851 0.0957702946732315 -0.194445002181956 -0.0227972441713267
0.194239958517939 0.108556965218113 -0.339899328648945 -0.351588439119488
0.383860510037264 0.293945156331898 0.0173727144278791 -0.0796382367642769
-0.0230157715544701 0.168331336530956 0.0744089933109199 -0.255331226966846
-0.332717198095984 0.0806466265115953 0.338869028385539 -0.00240268597706032
-0.38110819428317 0.145429738190279 0.481218775423979 -0.220402137447012
-0.534428808846018 -0.0550195997376576 1.00007575669606 0.469038227223421
-1.19931534940025 -0.5111320746439 1.1774967792538 0.360127135094844
-0.862579519412525 -0.938288027123886 1.28831044776131 1.07077297616489
-0.662145676652659 -1.04661685458289 1.52406636595239 1.15449498618692
-0.325625637520815 -1.2653524661023 1.27845239994776 1.3948162067083
-0.380205339575137 -1.33312603001246 1.11048644538333 0.976070196904917
0.246201300473053 -1.22279283478022 0.542509863042161 0.609462074010351
