-0.994637848305075 0.275012523692545
-1.06084345362802 -0.505170099125517
-0.742476076114678 -0.833060419302718
-0.347329870348173 -1.11697490453377
0.497794569292087 -1.04307166382456
1.56388755413288 -0.735532878039771
1.97732101814139 0.722996477582504
0.331656504517757 1.83206798929497
-0.687839150408264 1.53521448874374
-0.98945380167756 0.492370112476674
-1.19373434890001 -0.15404751534246
-0.784313444004574 -0.763703982839588
-0.480660897160394 -1.12163077462293
0.280909910904116 -0.975081562462413
1.2566421684809 -0.951197501713237
1.68628089172231 0.226671654503718
0.973917366491515 1.53760260234901
-0.465993938353377 1.66934000040406
-0.931913726347655 0.848920750139117
-0.962727686289596 0.113587528354292
-1.09001996481839 -0.445545551863417
-0.66082504678198 -1.01781382572343
-0.240880960027427 -1.13400153330721
0.725720128268365 -1.00097832043097
1.57189577197839 -0.398670952565589
1.43419500239493 0.924057048478803
0.0430940923721022 1.67892190983082
-0.79720566048224 1.33086781792237
-0.945620078748247 0.596964749729462
-1.01223790781827 -0.394436610153231
-0.759576346481928 -0.715653397747006
-0.555237771935418 -0.854709421950825
0.258566128224262 -1.03863138099903
1.31609356891743 -0.733300922962196
1.88771856741298 0.199049399682757
0.579027165249731 1.63029158650623
-0.573941194568962 1.48075017307354
-0.880795319774712 0.622803396607251
-0.801884191072341 -0.00679694101602178
-0.943495981309391 -0.575681151076769
-0.524491116625227 -0.913043918835438
-0.0230304143739553 -1.11364848033205
0.751983143467977 -0.921210441874218
1.72693153057626 -0.367462420019635
1.17748005142351 1.19219144287642
-0.0309915741457516 1.6320299553932
-0.822906159732187 0.992033213334339
-1.01532310271263 0.268850329138466
-0.7125252546763 -0.271938925435449
-0.774896284626001 -0.842327133046315
-0.281873415028613 -1.12272299639824
0.377406823644165 -1.07750769008858
1.57726193855255 -0.526193591316127
1.53072248985192 0.556167528217118
0.200566735822779 1.72325411380184
-0.458134755394381 1.31990547774832
-0.951885556882905 0.538760786661629
-1.03080166358972 -0.197261393211179
-0.78757707032532 -0.821441593387224
-0.554343444416594 -0.848144838164412
0.240769547094944 -0.930600109865091
1.38661526482244 -0.6867690807138
1.81917690815632 -0.0110538405818854
0.928211200146304 1.67470379022283
-0.454587977808331 1.60461386598225
-0.997410307987746 0.755347632952729
-1.05657825993362 -0.0165238029363999
-1.01210885658674 -0.739881153709728
-0.672612137092352 -1.14858137005803
-0.176419254442586 -1.17004814550724
0.936520007290016 -0.986418970907242
1.7890550150373 -0.182238385097145
1.48854356650796 1.05936290935376
-0.0808791041136998 1.92269318810838
-0.814662733497018 1.20458305030541
-0.972233986401149 0.222821389737997
-1.01204278266783 -0.426471306766802
-0.807995940864257 -0.92797595137331
-0.165218453202891 -1.03151197210955
0.569909564193353 -0.916593888007629
1.64240804478648 -0.551804766521997
1.68213582491248 0.628473685080448
0.353792153466432 1.78612422277911
-0.680770207478681 1.46368002104427
-1.05204806184084 0.728377393772274
-1.09621908977809 -0.397738149286684
-0.745595585559186 -0.824157047817037
-0.482968490722089 -1.07308614331101
0.103665253584745 -1.12702476379736
1.33162215192398 -0.996441266057174
2.1933785267124 0.271918994976587
0.735552932271527 1.68033418525268
-0.582257316102756 1.78780462194797
-0.899734399037357 0.918682186631542
-1.0154559166054 0.177738868513556
-0.971732402765757 -0.691720633502892
-0.671426443919523 -0.835804555461141
-0.131673972004482 -1.11175007765317
0.700762108866624 -1.14395862860595
1.79586496668504 -0.361194319845224
