0.137025391325659 -0.959860199024211 0.290960205513819 0.566873262985859
0.960522285362076 -0.652028264487387 -0.239818277386824 0.329078684483151
0.710289674740675 -0.501122873647761 -0.224176614812756 -0.110266144420235
0.953567289284562 -0.00621751301687903 -0.867273715083218 -0.539233758986928
1.17611641364502 0.435154633248608 -0.910883654474815 -1.08213268817754
0.679215838064922 0.938574292573558 -1.25448157674379 -1.47108871072127
0.321600010843961 1.21785246479405 -0.947516607390007 -1.04379344340396
-0.194598223865604 1.12416776343373 -0.733668894261792 -0.992758178327123
-0.057614700635284 1.11059995708616 -0.60882420963786 -0.740526442554054
-0.530455655595565 0.54595264706856 -0.523691478506717 -0.0379907089058527
-0.498583353602743 0.614846048661733 -0.148884256654002 0.0332645675857819
-0.792926202985434 0.0158406096843857 0.419875614097464 0.423582451380397
-0.859763204903334 -0.049630501915168 0.857233911933286 0.281159287312957
-0.749519136663116 -0.43148602311188 0.991547273397498 0.593928220024288
-0.913491960368623 -0.686574630928557 1.14597658251034 0.622644207274047
-0.744065529171597 -0.785716982994238 0.759717419937342 1.0694236894484
-0.471031113916739 -0.855683704398759 0.866125550271647 1.05167888499923
-0.209354864691945 -0.986867362866504 0.49723815481606 0.956603972210416
0.505979796826101 -0.875828053953988 -0.011221037676845 0.476203629161568
1.41399025642718 -0.525189725946148 -0.644059520521644 -0.119747682848081
1.28173509825884 -0.176633938281819 -0.423029027738911 -0.756740404539211
1.28978843640918 0.367491053287784 -0.68252083992222 -0.928513559212891
0.729257402527551 1.03383691531325 -1.11872625517884 -1.22281221107112
0.380755063681484 1.09149721901304 -0.911538206283777 -1.13036300107501
-0.0755577994890758 1.2215607155483 -0.815422337262403 -1.07798330507829
-0.272681136304944 1.05614531498346 -0.606698884617933 -0.826294214788574
-0.634654878439415 0.90421688134645 -0.364494539773239 -0.397399996667351
-1.07036443475647 0.477873616354989 0.282307255670651 0.292440939265906
-0.922290137426978 -0.205387649318174 0.958524503363187 0.452005479851788
-1.47813111551319 -0.261430858130506 1.48119479484221 0.882116097079143
-1.43121127490027 -0.808847274963826 1.66691891863399 1.10858246263077
-1.27128936536156 -1.24015957553192 2.28939043341527 1.77762416112277
-1.52373910469131 -1.39724851695838 2.03560591342389 2.12095920695619
-1.16922699041384 -1.87544969492461 2.01901379907945 2.0521621187714
-0.846701005396052 -2.12590063976277 1.65480783786392 2.2981851775905
-0.0873454501966492 -1.96856231258048 1.03801446275821 2.03598820490061
1.14086227735867 -1.781283921019 -0.219906787185836 1.04091252736498
2.95889194899118 -1.22999451911655 -1.00833110997006 -0.306336261178008
3.44718441737552 -0.480270024183457 -1.286648017092 -1.53167222107367
1.89663534737538 0.950130287515361 -1.32717720259121 -1.81989377188912
0.666422847068387 1.67838932435672 -1.14709480841426 -1.88147486487369
0.31706346689238 1.89071699426893 -1.15304487982363 -1.73128864062415
-0.63459161905234 1.79624233309748 -1.18605905795914 -1.38167524969269
-0.406055978771925 1.32036316763065 -1.0171770202186 -0.282979819664019
-0.414762668449992 0.913309028022867 -0.755658709152625 -0.102974598091134
-0.0889672440069295 0.438757414463728 -0.454449005181823 0.123710740055152
0.116933396447899 0.602586456182985 -0.0783583623241454 0.10994410263505
0.0250750789287309 0.108395127173652 -0.0465772166543529 0.0951952124680678
-0.133912974364767 0.131188917459348 -0.202901719415912 -0.314390841958993
0.14040935540394 0.296568434011702 -0.200689882082769 0.103607744119303
-0.199683559913258 0.0760914956780622 0.103822855670726 -0.268637698537111
-0.432712414392077 0.237685935985414 0.282812430505959 -0.453258518327288
-0.343029497016736 -0.209426881158964 0.385768172514184 0.351331740167372
-0.796464130572526 -0.290838014608455 1.1115862047421 0.31945487610654
-0.703614296318339 -0.735053436478962 1.17907579125472 0.594758870726348
-1.10777989422039 -0.914215494189603 1.4300942722819 0.910500431394013
-0.833252031740837 -1.0872061444044 1.29848595395632 1.14056809241592
-0.818182597005243 -1.23496965098459 1.16826117364596 1.2596025067626
-0.0877856540098931 -1.2312817580233 0.924729282527817 1.21696573343453
0.367410907458132 -1.19406848529851 0.114872596072494 0.858549845362025
0.914021260611614 -1.13624941212466 -0.174881136689917 0.268674017336346
1.59330318370476 -0.470040995181012 -0.546206891325371 -0.212219528073074
1.96549045779744 0.258660185251283 -1.02112378724052 -0.88715746181727
1.11425777034965 0.788534054371646 -1.52130544239587 -1.55231199981503
0.302740229278764 1.22925144221593 -1.04232038974944 -1.27474143178639
0.025989431043076 1.45050845087537 -0.968766540144824 -0.933252387517014
-0.290951340354378 1.20634790930974 -0.703622275718371 -0.785087061186569
-0.12276004947853 0.661526694161565 -0.495938939077471 -0.40020696900027
-0.90856297991249 0.645814191502671 -0.200888463492413 0.331154193721448
-0.830598534865008 0.152254346236457 0.641300890455915 0.233894495534915
-0.968533141824924 -0.247952796298235 1.10059690954555 0.694220620969772
-1.15838679516466 -0.574045157188381 1.51439611838865 0.784891193724124
-1.24049306290392 -0.964683783109842 1.95379744255426 1.47306446768459
-1.69135621859541 -1.38611304751908 2.11565103948774 1.87299066311493
-1.56236028423139 -1.5019498681922 2.19811010346742 1.69807296272251
-1.1708364454319 -1.76099756104184 1.8478562075422 1.92398672256423
-0.651384699639039 -1.90003720504174 1.35461418814342 1.73844850575234
0.422513175787911 -1.61126346149722 0.375265409492843 1.12518753970854
1.80059278730438 -1.71541356384896 -0.461930092270978 -0.0614178286504148
2.65176615806162 -0.665878768272868 -1.05291314249968 -1.01749288211073
2.37601862334665 0.479671363886043 -1.06128188265599 -1.63063316960126
1.23659510348125 1.45368122805393 -1.29821601780572 -1.61629922935402
0.201491833251698 1.7860822015937 -1.34478224907574 -1.46013404634627
-0.339407748231267 1.43948349581741 -1.23949607720671 -1.04271061137384
-0.313332023314875 1.43949640819989 -1.02236725701875 -0.736208077085276
-0.299252636568864 1.02964367029438 -0.92212320598576 -0.362359964324223
-0.035656965122732 0.705886633989162 -1.00338939749924 -0.415138058558192
-0.246945204186871 0.656731598495152 -0.810060977357058 -0.187925629840565
0.26615638760346 0.317258116627715 -0.439867157618114 -0.227529066987986
0.251288161917996 0.438443738136846 -0.447065188087536 -0.4756031657171
0.260829470428504 0.517217374861597 -0.634770199206411 -0.594027891815856
0.257007457235868 0.48267418108603 -0.429094895920651 -0.392233890765976
0.137303268077587 0.438967266102408 -0.0485454144393857 -0.186825405929535
0.340695595045868 0.408815962544411 -0.496933306047031 -0.0970697179746871
-0.146563765640757 0.379769989569695 -0.0738535161721916 -0.0119549410494002
-0.343776270445998 0.259785282957545 -0.132504315737632 -0.113332145739954
-0.14245315341571 0.343454607930393 -0.0786264780818044 -0.155919876889037
-0.368232772326417 0.0347409562268984 0.326702007464608 -0.143766645226739
-0.412400701017007 0.0721107057829417 0.56947085211842 -0.278499576837076
-0.685156363228373 0.0262131412000326 0.54215581515311 0.110093087180339
