0.987460967194089 0.122590164714169 -1.1285336087869
-0.224696040646132 1.12915530169205 -0.982656621547951
-1.36440132233962 0.787743692174854 0.27173010673376
-0.992055450715323 -0.355508352338929 1.52350794100295
0.301205645600807 -1.61175165247942 0.923030199821472
1.7347062145262 -1.09294073609875 -0.737983059239343
0.805239247998068 0.531186765203105 -1.20390315621197
-0.74601327411125 1.64862573247475 -1.04384407420689
-1.29752569436035 0.7800152077606 0.759078732357635
-0.777396349362267 -1.01548158318833 1.89434262091715
0.635577321826829 -1.40999968192021 0.526115673650753
1.71128039634709 -0.828078733633798 -0.860747534002219
0.472747680415282 0.82146577743174 -1.56902886284815
-1.22167144716905 1.45006095709521 -0.580485984815833
-1.17114811447701 0.185413093299846 0.815743904659996
-0.539779295476552 -1.116862092486 0.999880291196856
0.583042980630504 -1.47563094983765 0.155858582123797
1.22190044357008 -0.93150816737302 -1.07379131319566
0.346218692556328 0.309237951742761 -1.56657988532271
-1.00496603063922 1.26823054644099 -1.14037628614844
-1.64526749897543 0.452822794422312 0.194417391913292
-1.24201632876876 -1.2821284479942 1.24872238391736
0.334570246247168 -1.29419685200837 0.52644002724114
1.25665833073732 -0.936242969969921 -0.876120271597159
0.73572699017857 0.43465175845506 -1.416287590494
-1.09188418993473 1.33013870166315 -1.03773500652993
-1.08403024747041 0.66502042914006 0.301343029358026
-0.902934378954779 -0.744398154560944 1.27201679778003
0.15914460484924 -1.0580448569619 0.585547962698711
1.46484994076514 -0.486778470870651 -0.859310764605456
0.49555363639277 0.442828064012752 -1.28581977427885
-0.730435776926811 1.36329151783923 -0.53588523473759
-1.33867733097758 0.242734461462087 0.790496134487417
-0.407007470011467 -1.07234850281043 1.25810148032015
0.584769915139754 -1.1330553056707 -0.00905196848668511
1.10380226650253 -0.473128597223219 -1.09154970128101
0.180964108266248 0.830808871059693 -1.29216850678487
-0.807661248708961 0.770599787216809 -0.471144324653098
-1.12780698360995 -0.087043424424924 0.714933001968825
-0.447768876247165 -1.09893335836167 0.867053438046715
0.985277432776128 -1.04763917647747 -0.0764766536477952
0.826066866190294 -0.472929584629348 -1.0457151327866
-0.20640944713181 0.672442270432541 -0.949168405690834
-0.968454902550187 0.636988638165176 -0.461064704975614
-1.36146525477401 -0.0403895504154814 0.977612384444074
-0.292416461702328 -1.01620222101815 1.00564781301118
1.16265018869352 -1.06806646318518 -0.340000433226894
0.881875183864405 -0.240880679654276 -1.20848226697896
-0.321244965308881 1.18297899026141 -1.01704146322935
-1.44782894784947 0.708650537669007 -0.0545583951114803
-1.01778073473083 -0.493538550231906 1.17159894112788
0.163846759896965 -1.15522862491815 0.949823285913422
1.34452461759785 -1.04586899600232 -0.252505525727011
0.67692472135627 0.475318270422068 -0.951106681199125
-0.832161264395899 1.23291254299133 -1.11328627183151
-1.59472165458336 0.706108820589313 0.397879289116429
-1.01924270899482 -1.07116766241082 1.41699289056095
0.81727658054316 -1.50930138849031 0.58374943237863
1.48029064741183 -1.02686656485945 -0.96467482071829
0.461831026163171 0.400015070316846 -1.34424411354709
-0.744832546568957 1.48399936233774 -1.01424854939169
-1.20210965318631 0.521129977078924 0.949356178360558
-0.91373205707122 -0.744303884266149 1.3681164528203
0.97161555659087 -1.30199918133628 0.555484513814343
1.45866789693218 -0.592453874267889 -0.94771605275352
0.295570361116201 0.72765933890059 -1.05134448622846
-0.976960932460076 1.34314642022355 -0.294540182100399
-1.24510803044076 0.168835272008241 1.20552866339529
0.0544095567354341 -1.01804705704779 1.26904188956596
1.27646005528053 -0.855927073074698 -0.324480292542075
1.00081384470763 0.236182515635507 -1.12090582621163
-0.39189371498641 1.37956110372987 -0.809286945679894
-1.08847700115041 0.752674408961665 0.693354240244761
-0.494442523385114 -0.808860887033633 1.4117692587189
1.17628676463994 -1.16663565518825 0.388640391238867
1.32107509350511 -0.146329767186988 -0.777264486736146
0.285303794286372 1.14418258864641 -0.885125726828879
-0.949834446665804 1.25046549250059 0.272233254441572
-0.767487450065338 -0.335492897805537 1.24521870603308
0.46893549495882 -1.31127000192928 0.995110971366512
1.93945869635213 -0.58882660041392 -0.439051922588494
0.918634326381871 0.834889802694588 -1.29908765835736
-0.793788978872041 1.67061720214183 -0.23627702046415
-0.771679832555398 0.284452070101216 1.31270724887981
-0.169802040835728 -0.851519522363763 1.52146763513206
1.58618197716644 -0.878042380355569 -0.1599785599322
1.13210296666195 0.874330433194287 -1.32257327583647
-0.336528605045434 1.71665758185308 -0.214503980000729
-0.717841243957013 0.716102658381776 1.10910734457858
0.0109319184521418 -1.08570675470847 1.39954475361097
1.83571333456317 -0.575741862317975 -0.0380588290947438
0.923461605494924 1.11285503223826 -0.863991891178014
-0.618280046011794 2.15136482846105 -0.491555469029018
-1.10735211889025 0.544358156318609 1.74448912401936
0.292616658245379 -1.00564558823332 1.55809674164876
1.909347464027 -0.716267877902598 -0.241703244617915
1.42308020835461 0.716684013894962 -0.961532942211916
-0.399421704341585 2.48001098845483 -0.463944277688645
-1.14242532198905 0.7746748590191 1.45883354978055
-0.137783288307196 -0.791659604987562 1.90873536351882
