-1.24047514148968 0.218546350965645
-1.10619176801658 -0.537978355831575
-0.762241477540651 -0.924632687631754
-0.226189452540782 -0.966332052785937
0.630755395795335 -1.05697500020048
1.57964693260602 -0.41829635091698
1.56723002187591 0.980179819588649
0.107552853939018 1.96498419337442
-0.854205155460157 1.2556511487244
-1.12992631535063 0.523290156956336
-1.09301141018317 -0.390942652697932
-0.836200974106535 -0.932413324920336
-0.373506677174586 -1.08656632873787
0.216360179295916 -1.08279022380639
1.61770042322755 -0.724540477046934
1.83105953887351 0.266275200652958
0.758414128695177 1.60090367416545
-0.682144510668083 1.53821985765619
-0.966271718396345 0.592797414954911
-0.897191072339016 -0.0316266285232316
-0.965548605278397 -0.629324692240112
-0.537878278990603 -0.834135775102275
0.0276385627801745 -1.22922571111546
1.07924977471255 -0.935786653649495
1.83788952297944 -0.135179643746273
1.10626557351824 1.43894524621156
-0.22704748323235 1.93382008438137
-0.851753826328298 1.00182533903273
-1.06817309386842 0.110734104942023
-0.907671997433961 -0.710337770085686
-0.707570871612913 -0.791415039403743
-0.208277600204869 -1.02282173359666
0.613307498578181 -1.00026975559199
1.56891942673715 -0.445403786560181
1.45105478024042 0.69896492560977
0.0580965794782778 1.72458865879437
-0.861408961518931 1.37904271040119
-1.05511398301763 0.413365311814021
-0.923035268167278 -0.327565001438677
-0.830374508087073 -0.803806050562507
-0.406714709190029 -1.09355547615173
0.353437188753671 -1.05831405671619
1.39012126949337 -0.622657310624904
1.82486951395882 0.323431131524137
0.504501310740739 1.64343415048225
-0.474761946504571 1.52309666769389
-1.02484259470871 0.822684441233811
-1.18260642984286 -0.055730443660335
-0.860720511667547 -0.721953996878146
-0.548787841277034 -1.10265798838759
-0.0272915235786008 -1.09055301355895
0.924081951386898 -0.934152701234288
1.84718485319278 -0.0126647220658119
1.18139109236311 1.25974568835957
-0.217611833449877 1.79953454496018
-0.787125510664665 1.04929147500521
-0.915308913278022 0.142116829297625
-0.815536230279945 -0.555925828104606
-0.686171966476666 -1.05212717431986
-0.23722399551182 -0.907043313261727
0.745938869076496 -1.11350868396228
1.62143705120135 -0.4710939039276
1.55419563603109 1.07027495394457
0.050760189394135 1.81079167997534
-0.720051587934469 1.1168609513301
-1.04114513485677 0.307129815291097
-0.956452686709942 -0.267548539065093
-0.782482825875311 -0.741984858658223
-0.273847962398299 -1.14093090980649
0.183601374923003 -1.09849456950736
1.18913952022616 -0.811828589266411
1.79947665875405 0.411750833461302
0.673738935455807 1.47242347371998
-0.418455487191709 1.69108159338784
-0.936504443071002 0.875315592739897
-1.07155919790253 0.0557249668414791
-0.933398839887175 -0.505689449444233
-0.522488879350882 -1.00159174254631
0.103642294361441 -1.13750565894533
1.07439650532349 -0.88521450250438
1.70399738026795 -0.0305769997798051
1.12323141540773 1.17797249306265
-0.190607743547532 1.62947329942755
-0.928465799788601 1.06614063947289
-1.04075329421935 0.214511016423898
-0.950174876363937 -0.457111593402663
-0.698874034103008 -0.971421033558893
-0.246529221625314 -0.994021523440148
0.519873880885519 -0.958603482061907
1.75099625313745 -0.638580706598763
1.49926358743698 0.857667471062037
0.0883362167676366 1.6865649480357
-0.627269603705258 1.4275760604681
-1.03998931237946 0.333923161359569
-1.06693073647407 -0.187001623471422
-0.946141305267717 -0.839294643431684
-0.494745380882109 -1.14505251407502
0.402306364182778 -1.23220639052162
1.33357362909793 -0.873106698727382
1.88834837581849 0.317418261072964
