-0.139808274609659 1.83180720661513 -1.31768190637214 -1.75275494768613
-0.596412767832183 1.59630378246996 -0.894995670349736 -1.33085909884828
-0.750748832219582 1.23501568775767 -0.99095759815642 -0.511247373890656
-0.0567048042600393 0.891896441004319 -0.923160267936814 0.294042389321057
-0.0203093236307293 0.67673126118169 -0.880476956576285 0.0357223550301445
0.196315636988643 0.320267682045296 -0.795411900327302 -0.336870358232339
0.619232556415305 0.553007368823352 -0.863415231266039 -0.331262996301135
0.825706430485104 0.451617409440669 -0.65743366369184 -0.468204371702106
0.331146874727668 0.636320761614927 -0.838562988473505 -0.56388261185955
0.533633539442956 0.636612140714194 -0.886367468544925 -0.639399954521115
0.58816880929943 0.59656532101973 -0.655958052375431 -0.432691062310677
0.348058258662465 0.661178167215052 -0.808738485020343 -0.648772983021191
-0.100567163182088 0.605012717924635 -0.267730153602192 -0.614852976749383
-0.423121734254246 0.558127226445403 -0.410857519661323 -0.133399696974986
-0.0711458664624247 0.330719848485494 -0.185737283107667 -0.152822804905053
-0.407741239367511 0.150039306259721 0.301789635408498 0.246375261867681
-0.313339927081666 -0.275141306346136 0.68598610559133 0.792742566962916
-0.79214275150063 -0.492477041458969 1.00940370763136 0.613812600216678
-0.59108715941324 -0.781342556567226 1.45417224017379 0.901467540021478
-1.08064477362085 -1.08986776474689 1.21693481608095 1.15107824337751
-0.96036011974692 -1.3142411919173 0.964429180824641 1.22443547779927
-0.260063132891885 -1.37312283823374 1.03892983309957 1.19642310302964
0.101617510659727 -1.08992585714694 0.259149750403822 0.560931780717001
1.10834999642528 -0.798832097082742 -0.192095943908236 0.380202231781566
2.14090260538745 -0.420618192382775 -0.708362321447568 -0.624496622539047
1.70383807529132 0.340395909497308 -0.92457092349296 -1.02321443435454
0.980909454295915 0.811969000729158 -1.01378965753472 -1.16577270418953
0.487903993202594 1.43632897134978 -0.868379378987278 -1.25038619067681
-0.0771490454082879 1.4444140858551 -0.845983938292688 -1.07841575151592
-0.307128111985388 1.00628800332316 -0.514708132253268 -0.7007835528709
-0.478288219898784 1.05353168650382 -0.297342368748424 -0.207976858269161
-0.881102574919103 0.368735598570167 -0.00924878584139966 -0.00555055115850545
-0.548481570620772 0.117682213510578 0.319005263491683 0.244958325687871
-0.874481841518318 -0.241377461950245 1.07439086852281 0.618741182206922
-1.49027347810851 -0.769438092384629 1.37094324037822 0.713903098969196
-0.963925600669139 -0.991055208170642 1.94432986932123 0.920736986361747
-1.35979109579164 -1.2276561829398 1.55700707743188 1.17070189642262
-1.09787258919596 -1.63600029536161 1.89250008179055 1.76989731433248
-1.14254890175606 -1.60510553592956 1.39025462612499 1.23861143499184
-0.27925435279872 -1.64124207578786 0.962523265115051 1.54900931087814
0.525860094539345 -1.5847915723916 0.251816971460215 1.06401768718493
1.96941143431981 -1.22516122552307 -0.660363538075864 0.0656364709092288
2.78691812292846 -0.368460508271123 -1.08256784296875 -0.97464892796713
2.06893520888405 0.593834600919966 -0.897486093917366 -1.69750206779591
1.03326766770802 1.26456070274467 -0.959116276284173 -1.74615850936222
-0.0221415665214952 1.50550661433224 -1.05395623472641 -1.31637813899228
-0.367864965064326 1.55589193957439 -1.18196259738993 -1.27541408988081
-0.568086546477798 1.01446288651939 -0.866296857011223 -0.291561095299937
-0.451955208726725 0.692707262924878 -0.759015633902941 0.0261566255763625
-0.155463250503077 0.646303288413069 -0.241105257486783 -0.0735530028457315
-0.128132070367473 0.185052039744639 -0.38321061603173 0.15490823791092
-0.0712758219860095 0.142436093725244 -0.0917342422737255 0.170219253820202
-0.241343893166486 0.0525835712330936 -0.0468281283156828 0.19970389971247
0.0245210797119582 -0.173133056006105 -0.0311948720118047 -0.130811560329644
0.267563572407714 -0.0443317038326813 -0.0540234422576816 0.104488050837618
0.0751709161269493 -0.121591768304869 0.0549881300480727 0.0457633713769414
0.0715176155476322 -0.0931031698205401 0.0698968731984398 -0.143352543275763
0.327376369634145 0.055105756257254 -0.0949471311771937 -0.176238408205576
0.0187055651351064 0.150050706793977 -0.301074158465447 -0.22060266489432
0.456730190054894 0.11801553499863 -0.0782242298962437 -0.00523222871093623
-0.0622647848717938 0.23651097832638 -0.116859909883896 0.106388703287184
-0.620296549636823 0.178724942908985 0.144037643796871 -0.0510805444827203
-0.428048135217058 0.0638058939438789 0.430607653895604 0.0259526637333472
-0.653945549375859 -0.233797272453391 0.79345197995472 0.568168388526933
-0.553978511368668 -0.54159240422014 1.23477140181815 0.772766389281017
-0.713478174641868 -0.551502275235964 1.30338186457418 0.902127989724127
-0.91073911907997 -1.02590261455268 1.23212875178426 1.29052992007533
-0.924040176959417 -1.00946927034996 1.2859514919849 1.08945070241225
-0.490768944091777 -1.17054849535005 1.14945798636419 1.31884511192656
-0.019874718715604 -1.26909983359867 0.586551823308672 1.01876017683224
0.534110063781432 -1.29610237463326 0.0103065165651878 0.55756700354571
1.42993822107643 -0.801504922392035 -0.369034016811214 0.215431652582654
1.76488442422387 -0.449880660290285 -0.847743724601306 -1.02754444881739
1.49629917601671 0.470226209488327 -0.923374037949917 -1.12122765278067
0.645505783141869 1.05875130483885 -1.18678359930862 -1.37535053366995
0.0138457494160001 1.17770252658412 -1.04619064353398 -1.16726029144046
0.0778490855409158 1.01462979854682 -0.900753074569035 -0.946884043318317
-0.198279059808499 1.21277003747411 -0.714602351963003 -0.676444443461387
-0.357959028001753 0.723044037408401 -0.474072477425533 -0.70990398781526
-0.431663437758181 0.538312514621019 -0.0950388572985809 -0.373856123910837
-0.744026679729245 0.2291891537183 0.583967740621306 0.255221467286567
-1.11689175647905 -0.393013004080084 0.938633634251107 0.831612262086008
-1.27067596734042 -0.626563405442795 1.69542802811451 0.904021084004287
-1.21977117254233 -0.949054000248009 2.12793666189774 1.43790848480449
-1.36896598356752 -1.24383625326985 2.21016919641156 1.83877577343058
-1.44830359753847 -1.70082941364467 2.60206545926709 1.9385762457455
-1.57287840568355 -1.85380883300901 2.22092551181292 2.44140810894717
-0.929292272464459 -2.00120459560978 2.00698071833775 1.9465625309111
0.00961985199617687 -1.95943849074601 1.13850381299344 1.88647307747701
1.35921845136261 -1.79292215567857 -0.0789606126465279 1.02156589397115
3.255463675318 -1.3813632104978 -0.65331655932783 -0.531505166080927
3.39355199491457 -0.359961727753331 -1.05721137220482 -1.59411674987312
2.03031118410491 0.807496390369481 -1.11476872226094 -2.1444736353221
0.846432780267753 1.5027693207248 -1.06015317237505 -1.99999948551483
-0.440213361819435 1.79681660341927 -0.942464510976784 -1.73390538829065
-0.596025721159054 1.63762559655025 -1.03505083109589 -1.17466748614887
-0.596450724042696 1.16259844124616 -1.15938112850731 -0.730502705817692
-0.240420738418301 0.889004893714981 -1.06138743663541 -0.496630289621949
-0.449725515406843 0.745575080269738 -0.834926271951159 -0.0394736759789394
-0.0190553581668162 0.236779394921765 -0.306562354362977 0.0970974645876974
