1.8572585777249 0.288188909165899
0.625488838005723 1.46922144698566
-0.447845743769675 1.35545841557015
-0.948047718450527 0.531335343631421
-0.906422424199838 -0.116339049929318
-0.764756804630641 -0.613979623977143
-0.634732804907744 -0.990497308624431
0.0169524771989068 -1.14689211234175
1.11003813343004 -1.09725945696407
1.93269961210989 -0.264547371893432
1.24420732602373 1.23863459322612
-0.261506592258235 1.64179517475033
-0.805225183400186 0.978805990612055
-0.934605562993893 0.158972438583786
-0.870867083910556 -0.547397353097451
-0.685378314964219 -0.964860253046157
-0.231892414558077 -0.96427124216486
0.61936214943225 -1.05305387288703
1.60059888708942 -0.378115857073736
1.39479772262909 0.643291921601941
0.0292029894805498 1.68320878396355
-0.882232346722812 1.35018265063741
-1.08404751198038 0.458207364470249
-0.877617215103681 -0.413693038643883
-0.818310356343921 -0.851091509392272
-0.311133531053503 -1.10633328630843
0.331264835918439 -1.16414686510801
1.40791145571292 -0.763332246164398
1.75000930667311 0.121783381339696
0.747286071364809 1.54093699844437
-0.469422722454377 1.39075038532465
-0.863674549067355 0.727216628053335
-1.04362211536162 -0.146523680746935
-0.762492132082963 -0.555354410703821
-0.630007229601182 -0.897444139876787
0.101594018351621 -1.16959111321569
1.01267330082567 -1.15593485589252
2.01421611388887 -0.127939530397545
1.05295202291396 1.25100900338159
-0.204466337957689 1.60684744611022
-0.869919799355934 1.0062445248524
-0.811737638000094 0.0857284276635783
-1.06950168167205 -0.813355164498094
-0.668065399525199 -0.946525719674685
-0.274131372508665 -1.21168365031186
0.556054096542065 -1.12301557752562
1.61333916653574 -0.400532490570499
1.79244568199006 0.728141631963779
0.165844185637788 1.65619551375231
-0.717749891514914 1.08260338449425
-1.12275489993379 0.374629738886726
-1.16749805507354 -0.288959330484241
-0.884504317124371 -0.87790510328625
-0.466778089623896 -1.02800933447808
0.348948164763764 -1.04183765240345
1.22271649714387 -0.759054814148357
1.91758687234995 0.129292116620538
0.81858926286422 1.65384154567334
-0.3917321963633 1.4645953116368
-0.870599308249942 0.89912755602568
-1.15753305519538 -0.171544942861879
-0.835523452769569 -0.725340845192855
-0.674912596806977 -0.932355691001463
-0.201215305056451 -1.29801985953213
0.775108554414332 -1.00008353159624
1.87177128975726 -0.0563807492194804
1.28787995325779 0.984705497882743
-0.0957297568698399 1.72943936168987
-0.811233587584194 1.2066607752782
-1.16016440957648 0.10564302228752
-0.80208630252797 -0.542409390596714
-0.840290699824496 -1.09386825209431
-0.300772876599239 -1.19748603345413
0.489178586195734 -1.11101484371058
1.63289810381015 -0.598296437634734
1.73833129378347 0.472910364369055
0.379624656563589 1.72099770694159
-0.619419154725792 1.37278246163601
-1.01416827648083 0.394033812247996
-0.870548749854777 -0.155584329282567
-0.846479698080057 -0.724636116906814
-0.406202291279663 -1.08597801031208
0.233519715864295 -1.20830149987118
1.2446571268136 -0.803755424169835
1.66557617590708 0.175871634432406
0.896530259376553 1.34902130248142
-0.47999069007626 1.6123243137782
-0.791571684712488 0.713177848714681
-1.03253171434536 0.034177614248909
-1.12213750970875 -0.764540924041468
-0.668642563223217 -1.05173126886031
-0.0939083459433526 -1.34841610536885
0.775944714334729 -1.15340161696924
1.82865251448351 -0.443270765607379
1.34585579733916 1.10866513848208
-0.0155323433560082 1.93775073018448
-0.920363419930781 1.1669582230942
-1.06025957057273 0.197867243745472
-1.11484984424532 -0.436926855334108
-0.76021926443787 -0.916413169467555
