0.227129730250907 -0.91775060583199 0.232003341835218 0.652171947352794
0.956411940900987 -0.525749624805789 -0.193942453702964 0.724546409161651
0.909364512243477 -0.326143054576282 -0.154905017587919 -0.120032515301528
1.38432640186323 0.067118738041546 -0.603369357045283 -0.586686301137674
1.29256640887271 0.49204611243866 -0.680366736402568 -1.22156136944962
0.48277202846291 1.07314729154449 -1.00168428154799 -1.12436948293496
0.245112718555112 1.17498894504186 -1.04875089814058 -1.18677628731303
-0.249227914462533 1.1006712329341 -0.730094169895069 -0.899653261204078
-0.0160906117854025 0.940602801250691 -0.728923975149331 -0.813905090017952
-0.493841910646331 0.603522631790413 -0.501783894465944 -0.364638537126894
-0.437740763555925 0.355610602868067 -0.117582947942989 -0.128208370046111
-0.393649983650187 0.0747807187444165 0.189567171797539 0.295061666570398
-0.608104898568153 -0.189642208035861 0.723780475636889 0.67257409234871
-0.857699668100874 -0.337118470818256 0.793885957219975 0.803803148090599
-0.980621489676191 -0.727214186443553 0.916809653105073 0.544310538995379
-0.937478385387937 -0.88236510227562 1.24354771562369 0.872160338520211
-0.387426372575576 -1.04235638955551 1.15923433065483 1.25786272439743
-0.526345940148555 -0.778497297299879 0.536232123092901 0.800729977383058
0.580342683532809 -0.655581868929459 0.36227259933565 0.669380214434494
1.36639096331594 -0.507840419834575 -0.752979254960896 -0.286867980081548
1.6365837033766 -0.0466290897263679 -0.630229477889994 -0.517928667730394
1.45604737931034 0.381462153123111 -0.877997120573647 -0.784241347889175
0.660438803945953 1.04532390641784 -0.860131461962462 -1.29834366968669
-0.00462344668664799 1.30593356448859 -1.15770761921531 -1.08502556573438
0.0854045829690034 1.28860556925368 -0.939702005810499 -0.926028893156893
-0.398107654870682 1.01746562035567 -0.638889383552125 -0.484273065507137
-0.627990767016336 0.854445994582821 -0.313196608665241 -0.468161904569238
-1.04104092568635 0.352217593432518 0.426897757004263 -0.0703697459042572
-0.922477311492376 -0.328152433576191 0.906961347270026 0.586081364834692
-1.16862765633163 -0.558723659996477 1.67669794462601 0.932270788256081
-1.40057849145494 -0.930219037668251 1.79784755564613 1.20307309789673
-1.10978549366625 -1.38588558205625 2.15543412288736 1.67082232357807
-1.23831061088766 -1.79234505739988 2.28278092646759 1.8667508180543
-1.46331902522488 -1.7180390730912 2.51332327200926 1.73844858091745
-0.840344091646931 -2.04821345484667 1.53611439651459 2.41341613930617
-0.313760423786921 -1.96731947788225 0.893026573102461 1.93024639830908
1.35416517996346 -1.97012021895868 -0.0205696000162415 1.14728220696563
3.14770821968773 -1.21632259026736 -0.847422166758934 -0.620251633099584
3.26477535924734 -0.347599319701466 -1.0531828302422 -1.49022454231569
1.91814960421945 0.584680995295556 -1.35136989208436 -1.81772774828274
0.482356069876053 1.54513122934948 -1.12836130761495 -1.80533878401132
-0.365929632165436 1.94278469940108 -1.22785417069934 -1.61741549461555
-0.25225354508138 1.78160219294072 -0.984821611875878 -1.40122881134479
-0.655541089095845 1.18347318327947 -1.0135328822492 -0.32587636979269
-0.501965745825967 0.978070965417402 -0.47663216528224 -0.144623224650415
-0.160574734983744 0.502491626794334 -0.370659611351515 -0.0348724208375641
-0.195399778150734 0.115632885950133 -0.33410920352202 0.0317464544030681
-0.377850950870905 0.290570896568909 -0.12031478483485 -0.0215727514846742
-0.0107479711447186 0.124191107599457 -0.163748157079246 -0.138788804238753
-0.151713573628397 0.243378479405013 -0.296764633322259 0.336084556097084
-0.0261566552489726 0.171266074077579 0.416073655612212 -0.0772764258734679
-0.472864646358861 -0.125597934464413 0.331088268959481 -0.0359089106884252
-0.479455861993021 0.17068727246309 0.22503711817534 -0.0772726177358135
-0.89073953641593 -0.152250478689503 0.78772178128351 0.601703584167375
-0.853897188782218 -0.533001728452216 1.12263323893438 0.529362815605287
-0.872394175955066 -0.842798971641755 1.32659389517841 0.899877452168206
-1.03133462561455 -0.802362524568965 1.33947935975328 1.1790525335362
-0.906309704204932 -1.32933604681954 1.43797974162844 1.44136837212356
-0.382034379572967 -1.14200298512141 0.794612632129139 0.998765437510195
0.111018311507306 -0.980396086871114 0.364760480652515 0.705009089335858
1.02030939780085 -0.970543878001905 -0.514846614036607 0.405732234294698
1.75034784507963 -0.462680749803313 -0.845094010688296 -0.502276256513282
1.65581628288988 0.233602399193529 -1.31514551402899 -1.00894593635424
1.3974549543274 0.979791014787498 -1.17598911106096 -1.20170682606143
0.0916013191108619 1.20199503677298 -1.05514707097693 -1.48326598562392
0.111636173333334 1.52641399022692 -1.12488271020852 -0.994087509827537
-0.375317666942979 1.04732389469853 -0.632434043414503 -0.892674810012014
-0.563105767268084 1.16967658974652 -0.624417936238851 -0.898860064891982
-0.7089981576107 0.466092184273582 0.0162322848444824 0.0539059066468626
-0.656838970755988 0.141281060813259 0.306369696022511 0.0859933033735445
-0.840394121352288 -0.373639508948732 1.1447103642059 0.213950204489376
-1.11386178769943 -0.665417933608138 1.56510490135711 0.700039007339026
-1.47305551333282 -1.17281191743207 1.8025448051947 1.4474765584121
-1.50144399639097 -1.32238551765309 2.17613848333459 1.69266159104528
-1.0270382835038 -1.80149730689476 2.12025762085271 2.19953862571603
-0.939628087235579 -1.76651969804518 1.57466449403666 1.77103716593254
-0.341477727790179 -1.86480735625672 1.20541055147529 1.78388934730187
0.650186864381568 -1.68863186534907 0.624951271175715 1.09675110756437
2.00737516888411 -1.53780442013812 -0.641226643191591 0.25139855536175
2.51493448054246 -0.646249778035283 -0.980893923685104 -0.917699520755069
2.43157713715239 0.417725782564287 -1.0361700886476 -1.79666502318667
0.704946067499497 1.39948937749988 -1.23110523476443 -1.76751338018928
0.45084189599186 1.43608052862847 -1.41247992358868 -1.63369134054237
-0.578927541818729 1.65313106959345 -1.04867716947378 -1.26273627850591
-0.43981118064942 1.3746080878753 -0.960774714051483 -0.861088825447794
-0.269422185713392 1.14416211957674 -0.807516587822341 -0.343304664264568
0.0337129553112973 0.818312979800853 -0.732416024358539 -0.219243526523107
0.142850482461779 0.707282731645368 -0.81315342816645 0.168438532668396
0.103883085483844 0.523745904785415 -0.654960636825699 -0.102124685385001
0.370674148337222 0.347229163149577 -0.729510352152043 -0.535826700009126
0.325661225615636 0.509351887616828 -0.70424434443278 -0.0947129519917186
0.167808369608845 0.311571301137613 -0.344199280763632 -0.246035539261457
0.115124356521757 0.533732207532504 -0.305938487204806 -0.134187623395728
0.196504141458124 0.666699700146757 -0.383253380098186 -0.0318954137615024
-0.171822299035797 0.354749689263271 -0.20815092114684 -0.148673022027437
-0.111149531672763 0.311362464381898 -0.285608620966167 -0.14207061528001
-0.0515327659453694 0.301768648255847 -0.0873071901539578 -0.319296569443476
-0.260669665010787 0.00894054045076592 0.268567070866198 -0.133198998537322
-0.483997003130794 -0.0134523125477355 0.16206958932777 0.0966675802225683
-0.891461068630872 0.0459917836524862 0.517705074761996 0.175789870866822
