-1.59785399479821 -1.89934714435102 2.48694061511911 2.32251494120844
-0.548196812651926 -2.00166271046573 1.54857879136978 2.199952074402
-0.169765875423422 -2.23060389749652 1.13348238059587 1.93675845482937
1.37604720332982 -1.94841997844145 -0.040490555582993 0.88617257697778
3.00418863602006 -1.44399433405048 -0.886691510647234 -0.301196675820712
3.28150114931807 -0.306090776670382 -0.84888451105236 -1.80943980725575
1.78314484061947 0.870422761982902 -0.906131245738979 -1.9087341440316
0.440722109511945 1.73763804187019 -1.17310711078548 -1.87019183186259
-0.194900923891117 1.96635178092214 -1.31664549009973 -1.58065583589726
-0.566247098510372 1.82521139704395 -1.21774751834283 -1.43112802615391
-0.479791039978347 1.17244982031496 -1.04655860321302 -0.688630095638256
-0.359723087389775 0.891649931993402 -1.03840319907051 -0.119554579100107
-0.473979780544318 0.516345347540855 -0.670214338745016 -0.221697371135166
0.13839418710812 0.537442616404767 -0.764552644227738 -0.307978604777364
0.0146276189518289 0.499743162580154 -0.633936051008413 -0.286186489986255
0.204215633829713 0.381473480075489 -0.344123591535572 -0.214939978874605
0.318165019677893 0.506796313844924 -0.659739113282771 -0.274207377871123
0.231753860463711 0.567069317401661 -0.224839063426489 -0.353691506466688
0.115449960023058 0.245220473089158 -0.449065996070653 -0.259357947677213
-0.080039197461567 0.255949447909311 -0.264657223735726 -0.23410611960476
-0.150440263120878 0.504558093913228 -0.206654308522606 -0.284950954271463
-0.0963870574476647 0.313275887169736 0.161440314483266 -0.348766693324678
-0.593765761105857 0.251843613191085 0.473642615655531 -0.251723580049843
-0.629182819980915 0.00334054563656051 0.799036833087054 0.486893399327558
-0.937475145362197 -0.402068344299046 1.01460486021293 0.773481000140241
-1.22101578549561 -0.548091596007139 1.43937103665864 0.745246289789173
-0.832501059217257 -0.89752821981748 1.81053876953019 0.973207850998073
-1.06368721956811 -1.27691573886322 1.93211256130158 1.10855215105717
-1.08306020798793 -1.31476687348361 1.52110777207563 1.53309427164232
-0.441286945742653 -1.47274423458936 1.20672419684455 1.44886472791892
0.139878031724157 -1.42556911418424 0.532718676110187 1.21185068915776
1.08852264361125 -0.953133794007275 -0.265943753700281 0.640959074638688
1.72605040589383 -0.679250247771692 -0.845639793577823 -0.181486493544328
1.72197627534754 0.227055716064287 -0.977912505467718 -1.10683295666593
0.906689684728573 0.957524501660283 -1.10341645731491 -1.64180360390708
0.23593670935368 1.35155987326944 -1.33551709906678 -1.30555865930432
-0.0461937838107727 1.55434849514615 -1.03814689408231 -0.892520644384009
-0.275074079434502 1.24493592828707 -0.913361434364215 -0.726997721051053
-0.351311204262002 0.951720710710865 -0.679583277735279 -0.404673138328056
-0.401221783197937 0.768072124107452 -0.397595154054163 -0.0720239159652875
-0.355962901071181 0.313559787500458 -0.39229233889561 0.129256611271253
-0.356582854023614 -0.0327961828998643 0.30243931928677 0.487066827651455
-0.504958227214392 -0.18842943202779 0.928893004040511 0.3824866595081
-0.347123027980404 -0.391097095645635 0.740897459647057 0.56568225364864
-0.690879336598913 -0.536359075046041 0.917143425059222 0.390636167981791
-0.68794849745537 -0.698473953389366 0.965072659781393 1.04921021373652
-0.586492149671742 -0.954439783594557 0.566150146143264 0.824591199016919
0.0895466794067781 -0.901975769758849 0.51424262346288 0.977696743717299
0.528622996342352 -0.746903918667885 -0.389293650688739 0.263961872568197
0.811551788553328 -0.419555746506946 -0.592955599528559 -0.134302104419832
1.33882952416226 0.113274219633594 -0.738180702119155 -0.438538825389206
0.927780219708717 0.579469081814826 -1.15978892261631 -0.50794616073653
0.755893350195867 0.89480426208004 -1.0656400717409 -1.01905447198456
-0.145812811577718 1.30862151185769 -0.857779939548916 -0.928627313128902
-0.156727156859386 1.16558963516088 -0.677993682156804 -0.560019413684171
-0.103806585813469 0.858754545220182 -0.645782594623015 -0.808358690044653
-0.432310023565975 0.732643201497682 -0.491021774002318 -0.130903007443867
-0.474405067423821 0.486859424421406 -0.214961867832541 -0.167309946275238
-0.68706404705298 0.152634342734683 0.40110754126551 0.277633958706771
-0.923507159010145 -0.137428126542269 0.811482080587421 0.653684785565226
-0.648212459308165 -0.347646403211973 0.879957471355639 0.921135281484354
-0.911721625690369 -0.618985898566009 1.13918789047374 0.947000160312553
-0.774778445368283 -0.950386849062465 1.17652804141483 0.969908169413725
-0.539822072865952 -1.00049631247875 0.802147176474176 1.08649118230723
-0.260104589248276 -1.01536239137402 0.931094942934228 0.649330059792931
0.726450014356108 -0.884068696091382 0.26845498588056 0.730752065637691
1.19461369591399 -0.512176167491697 -0.35964465420622 -0.204279764275893
1.57385477633091 -0.184891827952713 -0.76489771572829 -0.606566439322652
1.1851731151994 0.586226057456062 -0.989922780197113 -1.07426943741095
0.518453204487141 0.775413134877712 -0.960993403299946 -1.29882129072048
0.188950317417078 1.18901879649034 -0.790889148723121 -1.21009351336536
-0.340692806288153 1.11187495023674 -0.682684513326577 -0.718827321219144
-0.308003319980366 1.00447861346734 -0.478646327779316 -0.413037321241149
-0.693789016246575 0.62961692355393 -0.446953715578321 -0.105903731803016
-0.974766359480388 0.378682479727798 0.217973837664255 0.0413010453904179
-1.08505402498313 -0.0916520023120566 1.01321540429573 0.603144151151929
-1.27309099251495 -0.626709101200787 1.63367366204062 0.769133338580223
-1.45443122211656 -0.637301608379987 1.82772594021014 1.34917471538014
-1.45518741579949 -1.11751929732859 2.1358427540702 1.62481431020515
-1.34062520447453 -1.41640830170117 2.22542761433063 1.51911351790059
-1.24303868784698 -1.63618598723359 2.1946703901251 1.78781504228434
-0.852438154595439 -1.76267516839153 1.85601044030914 1.6332129619327
-0.358063294840865 -1.84534967661491 0.839543048932194 1.64987754481815
1.23780518269611 -1.49961375526223 0.0737538138097954 1.17251532322337
2.66438684384298 -1.31167915379944 -1.0599572964676 -0.263301353971274
3.06651444130548 -0.0124916456885887 -1.10251140828475 -1.28406606081495
2.32043096337381 0.657934670601182 -1.4868796945226 -1.91992364880879
0.782808248517515 1.3788776266669 -1.10731622855666 -2.18352410375407
-0.0189310439072481 1.81588713695473 -1.01031013433873 -1.76410582009248
-0.521342717967235 1.66748943495386 -0.959747219523915 -1.13350198268172
-0.58517402410869 1.10563750308987 -0.904817015536188 -0.604456199812249
-0.654553200208448 0.676089361701865 -0.719176240787479 -0.101015410307451
-0.0833305753041111 0.510352471639238 -0.642207046674731 -0.32881149855013
0.0240037283001895 0.209790019392146 -0.214107143846182 0.179836220608811
0.291881514323635 0.151176710651626 0.115107826525879 -0.118840375874521
-0.0223954728565766 0.208036846649043 -0.181022722231557 -0.345264566307455
0.0562186896668391 0.267414104672143 -0.360920825869911 -0.09687189108615
-0.341827252544584 0.225518782526192 0.0725945301754766 -0.117217265527252
-0.595968928335353 0.0434164101655776 0.37485964481444 -0.229955056047187
-0.627009585030061 -0.0218950968060024 0.713357725528566 -0.00726114683330169
