0.80505366692704 -0.864686183605903
1.7361871730244 -0.231405243329051
1.32017990859746 0.939816389816019
-0.103546653647498 1.80745015773187
-0.962745909956106 1.01387687381064
-1.03832256071995 0.157205522206854
-0.95906941231433 -0.4108081284518
-0.642018161892877 -1.0166245940972
-0.197619201519132 -1.10368382067903
0.490724407218132 -1.27086503730513
1.6491536864674 -0.776736291363001
1.5220008850921 0.597619515310745
0.31925692945187 1.66063469636471
-0.685280561345859 1.38983622940471
-1.07749826028344 0.645200665987782
-0.973533510641167 -0.223557362833661
-0.916058072436229 -0.966491239258568
-0.571692425109943 -1.08737137041887
0.31260514354622 -1.40678074029104
1.29036244126987 -0.78409971824602
1.90978921633668 -0.086918422409025
0.834341288856374 1.5715392333208
-0.58994824198971 1.71517247373443
-0.971984671385308 0.816130209203697
-1.09529213084264 -0.0725526510487963
-1.11088713460726 -0.476006057592733
-0.778076580610284 -0.846343002590846
-0.0595139996706878 -1.1112494689905
0.861602353010577 -1.02846600735298
1.73367248372359 -0.447330857551801
1.14491482247491 0.952225569344343
-0.0516548236441014 1.76756546505062
-0.95061998713466 1.05070245092839
-0.980063944704204 0.278566587833354
-1.09522999735434 -0.641029875369169
-0.779331696806698 -0.768566705269173
-0.397916630819608 -1.07791500259141
0.370978387489361 -0.839575873479337
1.49732133862292 -0.56356261217874
1.72505625856425 0.467275725678571
0.372654247145886 1.63637462824777
-0.648795300422604 1.38688141049308
-1.08322830980328 0.549424411051679
-1.04475566097846 -0.270967642918393
-0.883101813423526 -0.605322047058871
-0.573603874272743 -1.21095110957386
0.082287731940985 -1.01652579909576
1.13026420591312 -0.983485531005354
2.0013365100054 -0.254410215346404
0.998795345960706 1.33615145162181
-0.270068137008013 1.67411307433934
-0.88610712894804 0.877626490136152
-1.11259120920361 0.133814379301921
-1.00157480197097 -0.406927977428665
-0.737811177864598 -1.00186718163063
-0.138378508476704 -1.23452395675493
0.481417541111985 -0.989053377567204
1.70044159746988 -0.500156921260082
1.49818212521632 0.636000533097525
0.0509651757361688 1.68127000195537
-0.746876522917034 1.33737505527309
-1.08837129313766 0.244358024109487
-0.985922862443203 -0.475558096513435
-0.853050954624611 -0.87031331246835
-0.212346007073884 -1.15455511455495
0.304134223759947 -1.00509278622196
1.51153849948681 -0.7212067061445
1.79608432357222 0.160898800169396
0.589530330955452 1.66137939593886
-0.553247704926339 1.47779846245125
-0.914164694363629 0.529109458755186
-0.955882585165284 -0.123306423389045
-0.979286956421202 -0.858570459590279
-0.752382127058875 -1.09943975599526
-0.0494079485969428 -1.19341777424313
1.00253912091223 -1.08875388784864
1.88784182138896 -0.114539809553518
1.0698698386357 1.04735626808001
-0.328200106941648 1.67999172089071
-0.739760835164208 0.995140410806575
-1.03926518183017 0.00566053211494251
-0.935838421962837 -0.393592308552909
-0.779034800496613 -0.98157166818615
-0.198321621369145 -1.13005741523461
0.624542971649954 -1.04712288945651
1.55982438471967 -0.721853577744045
1.46863313302436 0.669885188289174
-0.0121600035235786 1.54921861571201
-0.678050692269026 1.28427451419019
-0.826878807872132 0.389487915621642
-0.900124455141067 -0.325763128521992
-0.799303965051253 -0.87691523399385
-0.459247844730596 -0.990359529188502
0.161466274285744 -1.20412863332384
1.17692050085144 -0.904190092907387
1.79847113640052 0.118759059648263
0.742282544167229 1.45493878536113
-0.36049063670983 1.59326860642777
-1.06034279975083 0.827884220217842
-0.957343653633707 0.087867449547092
