-0.495151368284388 0.770558612995384 -1.25976810781928
-1.0190888578207 0.681979632656121 -0.0842050959005721
-0.812882041496928 -0.135257730886056 0.78675741716993
-0.239654337157787 -1.05406374918569 0.748883599773815
0.757243511850434 -1.12553687949009 -0.0731947778469611
1.03280904846684 0.233907420322309 -0.761449966721661
-0.320983567123758 0.762673357596268 -0.97595715273417
-1.03080899897873 0.956669406961131 -0.152894107240682
-0.868274747272656 -0.0643731248206902 0.994723474893314
0.166684149085017 -0.972445372493268 0.608257492476359
1.03165414929489 -1.06184774133228 -0.457387869181668
0.797718476155694 0.138394163895922 -1.24256962062005
-0.152754217321289 1.18554398498032 -1.07921160323574
-1.29321428211032 0.692097046554437 0.295873901276382
-0.912939012759029 -0.330190155534092 1.17109335231618
0.28745503200987 -0.902303923328984 0.763065703935218
1.58709148855355 -0.545179714702507 -0.280776973792835
0.396582971260285 0.654596182298798 -1.4712030845705
-0.721565815088918 1.05933336575176 -0.345053203709035
-1.29224982939992 0.275504677222698 1.18997756703674
-0.233278089104862 -0.907157793456544 1.04891861876017
1.47246461270196 -1.16719446934241 0.0785688521006045
1.01456104009201 -0.0803438427086227 -1.18075479649188
-0.313086381122366 1.26026234987656 -0.877566629783447
-1.37961501087964 1.14541505025652 0.207301031998083
-1.0106080971744 -0.477372069813406 2.00944265854783
0.439676183172131 -1.38599770074694 0.969569669933844
1.70413472336798 -1.19975239147288 -0.802819538199695
1.08680242805806 0.506868118523704 -1.29114153017199
-0.56709164462566 1.93430866488174 -1.01821895556199
-1.67830786175029 0.702505710167775 0.815181991730814
-0.886702816414838 -0.97312449607675 2.04602876944886
0.826072155188643 -1.58092966207285 0.906711941130364
1.80946124400654 -0.79542761638271 -0.781997612089842
0.420751855946732 1.08660129514329 -1.39120012492835
-0.830199420471586 1.70186797869497 -0.719391650427503
-1.44664716764408 0.266449990122599 0.713090638497893
-0.628414819693454 -0.979837620703403 1.50116456679596
0.605306694489328 -1.71293315995939 0.211029232978404
1.39941244789164 -1.19614578377165 -1.02117071678915
0.688117355078736 0.610490960787463 -1.65704381392338
-1.1770314668103 1.39725651444403 -1.19496702169922
-1.77279303157666 0.779642583615087 0.38829458896021
-1.19113647489228 -0.760252910691257 1.19433965733812
0.251786883618601 -1.60478103119572 0.770576729914059
1.66170675542347 -1.17671376996624 -0.793741921151561
0.805420217523616 0.231687882741072 -1.53428832918667
-0.709042574379193 1.75998107093114 -1.16851318087273
-1.26185813322277 0.835424564166223 0.417149368116093
-0.935277779446375 -0.833629540110935 1.29985586790332
0.426466466283902 -1.55156202661605 0.907462772102828
1.35196275949048 -0.441748122675603 -0.806659166675739
0.575130682290914 0.552833964031111 -0.756279942024092
-0.645504121010194 1.32099873559634 -0.566339350477421
-0.991166488651657 0.685302383718483 0.901820594220778
-0.370740582295423 -0.634732869710719 1.5356230948707
0.929355737176076 -1.07185377306938 0.0886950546097526
1.40700229192281 -0.203573705010955 -1.03026019889586
0.111419267792997 0.847633567349333 -1.0448211674692
-0.746643174806388 1.21005925733644 -0.115875300805126
-0.941800159197745 -0.165115541148237 1.10777669798186
-0.10712819812025 -1.10386390751595 1.02227646065051
1.30572723055564 -1.11541156404727 -0.00146064981776937
0.897688858338622 -0.490001393934024 -1.04438810595388
-0.0641271739095544 0.643672983512823 -1.04954243290156
-0.96881844929548 0.972811457140747 0.064885982526516
-1.15643137818458 -0.0374626103695698 1.06808090823752
-0.150531637638948 -1.13651707273726 1.20316828484518
1.13065118846791 -1.23407236668875 -0.235788424224692
0.860174313888282 -0.0243648761815323 -1.07507147517947
-0.356897133442802 1.11977820536737 -1.19513127283983
-1.20549870791856 1.08588935170041 0.281172854564137
-0.899894765748157 -0.226402905620492 1.55353271094344
0.103550917705085 -0.992151183766824 1.43760764230141
1.52791600496106 -1.24641428821581 -0.492601689120314
0.923037384132957 0.160668191501692 -1.278131175807
-0.842917743168498 1.78709491771685 -1.11683299890566
-1.2796612855919 0.748621206967999 0.365056399823723
-0.931689452560198 -0.825270329890401 1.57329753485671
0.780188597991032 -1.39964244335624 0.709210017589803
1.6274025206059 -0.947215595589665 -0.879076666368778
0.559311720765183 0.842667928206098 -1.30359830735787
-0.951701713996424 1.67383150510334 -1.09403216738158
-1.4157622772749 0.474396381574191 0.720581441116664
-0.422051343620852 -0.758082386241391 1.63430301046691
1.0636950284473 -1.31686270286621 0.475788830713625
1.5226361484074 -0.591898504343849 -1.00321218170201
0.753510802728195 1.090668102375 -1.12264284294325
-0.782717611387977 1.75183814208866 -0.292274296901219
-1.13554555279903 0.149007844664065 0.966530247471323
-0.127982460664025 -0.832127684133092 1.51174511233602
1.39226635935608 -0.799104635095107 -0.0400605345800832
1.64319698117905 0.18691516554326 -1.21024581069554
-0.368410719347638 1.5174450911606 -0.624753600382988
-1.10729961149366 0.712533355240184 0.696815667892374
-0.16049788493548 -0.657116888167714 1.79326547265641
1.18513881620984 -1.09322442953312 0.718260025428964
1.65503912735938 -0.00025062315115059 -0.509486282670721
0.140871428868544 1.3134030631019 -0.526273016380091
-0.804176587077142 1.44074529333752 0.558512931872587
