-0.259387576033199 -1.13790260477456 0.989824913665569
1.02532842090455 -1.31834068916572 -0.0232878264890651
0.722977953650559 -0.438540684596959 -1.01751278731846
-0.315255754266719 0.749873072949783 -1.3890533065455
-1.10421790532623 0.800700226002235 -0.377959181441622
-1.55532464620373 -0.130208280764222 0.601950547952767
-0.496677218696093 -1.29235722552846 0.805866792942387
0.561170259362147 -1.424784670461 -0.292805560832
0.578404338702182 -0.301959136622833 -1.14486458708246
-0.37202556328463 0.686348157620829 -1.15574773512545
-1.22550368726051 0.891240694413541 -0.259947256675886
-1.24722414915381 -0.15877229668656 0.902445009621491
-0.402277077392127 -1.35298662749608 0.661247926678084
0.757893163399463 -1.20286947907802 -0.475782042147345
0.56805855470097 -0.190383312433424 -1.56583656676739
-0.597658621405168 1.05876690866011 -1.08298257147625
-1.43094477824478 0.620493438765071 -0.302900034784838
-1.08783175425171 -0.367575579003418 1.06786618833909
-0.187781995597856 -1.54385178708173 0.786744903567048
0.944787731254999 -1.33199379775303 -0.0294003190743191
0.611102805245449 0.395539100947407 -1.17349531582139
-1.10215727188112 1.24920124307225 -1.24364926182531
-1.71985567269763 0.228185264070688 0.122693132218976
-1.14909746051989 -1.2714284834342 1.31903478782374
0.427897373573862 -1.65668807249201 0.568102189754583
1.36635221347456 -1.13916206779302 -1.16103721497014
0.456526534791221 0.42587483171531 -1.57686172613971
-1.11463919618515 1.46956237404724 -0.99522586897831
-1.43979281256702 0.469434408461056 0.169313448434099
-0.824623831076144 -0.976656596010387 1.4362277221795
0.722967432372355 -1.27664547065083 0.408068218165439
1.35194473156139 -0.692206862696257 -1.05623439641828
0.527742747052338 0.794477534194862 -1.1937107845692
-1.0345312403732 1.10125212117779 -0.57853029343686
-1.26501047724814 -0.0756533913287345 0.938700400949295
-0.215956408038032 -0.937260708653925 1.16857745464311
1.0836790318002 -1.00110985401636 -0.422963624527532
1.10612265734038 -0.156433149607924 -1.52895498434134
-0.53642055413186 0.887608872644859 -0.710357718438286
-1.17674805920945 0.574381389406262 0.501324092739388
-0.738807111397557 -0.889916644868593 1.3243245099368
1.01515258287455 -1.56926788690295 0.312355062835588
1.20740385060844 -0.540126427260901 -0.983696071357841
0.01615480092497 1.31466752443761 -1.13964027281057
-1.40229244780912 0.906936259966139 0.152722817597334
-0.81713435015126 -0.278787690622348 1.42870608980152
0.207780895652755 -1.15387396902814 1.13976826033727
1.60558488515745 -0.627990534703896 -0.686810210247334
0.401719777222301 1.06903864790895 -0.887565813008198
-1.03065069900912 1.58257308432882 -0.364340471808904
-0.911536392146165 -0.34763908559441 1.20581260969104
0.105595718879149 -0.931045972568308 1.1522065275218
1.48167897727299 -0.44526478301102 -0.186782712022377
0.807238625804605 0.403742555054841 -1.48572599166417
-0.708689142450468 1.67465306417735 -0.624609773604423
-1.12351782209132 0.428734824002363 1.25309722197206
-0.16943312384152 -0.831895135633684 1.32786624804361
1.68617299455639 -1.0375710661389 -0.0245905182090178
1.33449141576286 0.711360785812305 -1.32387967367697
-0.725445206105502 1.78299204936478 -0.358638307006863
-1.11615525889634 0.092610142848838 1.76016790401161
-0.0419272289739717 -1.07549513517657 1.41422016770491
1.86829138533237 -1.02282852262988 -0.348922150220269
1.12349589479411 0.836272621108768 -1.47196899065971
-0.742852252371809 1.74012830363075 -0.574735223711233
-1.06353329341921 0.342789591148417 1.11564590883575
-0.418978851606009 -0.815804739311732 1.67279704765073
1.38716968487827 -0.934432204615425 0.0208689075268379
1.15289315353613 0.385895880304139 -1.48042240608577
-0.594117950055899 1.76104602220217 -0.908479537836567
-1.32568807182608 0.945351386391326 0.93284675441816
-0.278163569599327 -0.820695981291347 1.67753001721459
1.1596935908125 -1.11777726110993 0.231982701305007
1.52817871044111 -0.528008106897583 -0.890116132177842
-0.381799697368497 1.64898122753728 -1.19940649172701
-1.01160474822491 1.30512454656272 0.369524339744693
-0.810690489756372 -0.444173895099242 1.6158396427718
0.790762867192092 -0.923990802492932 0.548788222109443
1.78390385744345 -0.21953038518199 -0.764456563905883
0.331064403149828 1.47737518397786 -1.01619963986578
-1.08362799733751 1.28623627852216 0.593650849153954
-0.80745761741056 -0.214212644919811 1.57850972752087
0.999689050173438 -1.00455832466176 0.756171179201149
1.78925366833853 -0.199688461050974 -0.61630801242213
0.0555032179177334 1.57037534170977 -0.944581400286877
-0.97561272039053 1.56240924328279 0.263400589396306
-0.834347911508515 -0.211412713520752 1.74176541654599
0.913676660935444 -1.05339038153751 0.956351421461773
1.83587222923312 -0.255754775268402 -0.765165884931731
0.377859680697241 1.50085435054177 -1.04502273442359
-1.00661941935309 1.45064931899268 0.291603708480132
-0.740453968744554 0.0379565810815048 1.69106813957136
0.697514748493468 -0.805246237356397 0.496182269989575
1.15577389587989 -0.547571724278629 -0.525557752817033
-0.0265472984437129 1.1751801279652 -0.852725981677179
-0.674064207514382 1.23731737577123 0.140328507293545
-0.69495502018449 -0.19292169745923 1.46062517000687
0.740640801649991 -0.959192301358342 0.748410797435625
1.62369666673305 -0.378871333162839 -0.487568115684587
0.120782937497179 1.12051569606231 -1.10610866768547
