-0.896597720938392 0.771049029932859 -0.860786346795826 -0.0626122524426912
-0.212340496230498 0.545683823358936 -0.739507782956364 0.145691380464178
-0.282429587529746 0.29036325316207 -0.108847479433198 -0.0292741359643677
-0.0816620905921904 0.0981374544536538 -0.243337410957661 0.279670394534657
0.252440731740283 -0.0300311254716975 -0.0759578766333565 -0.13300529678884
0.17860860539867 -0.0105578440724459 0.0552201257836474 -0.0185528327265072
0.227832889999165 -0.0117614506468256 -0.212486005307738 -0.0206027970843923
0.0364278972987177 -0.0479123825018774 -0.314374684813688 0.20412732344914
0.34838136889891 0.010840603900813 -0.0439444467543596 -0.267097585257495
0.151571495398253 -0.0714156351825405 -0.207176995311723 -0.0403099719357179
0.677391195560872 0.241977140958948 -0.317940772685439 -0.602028936503333
-0.392035180698515 0.334032883657365 -0.636256836186593 -0.261845463277625
-0.0465550753756041 0.569335542802512 -0.248996253243653 -0.179429666678601
-0.387321035563656 0.0723396407327004 0.119697768857557 -0.360543206558341
-0.651467223320018 0.201925323426643 0.299390504122866 0.237681950681596
-0.472145335833414 -0.477557363689417 0.866637148947736 0.983869214432978
-0.76642034534466 -0.312495171849761 1.22806077975324 0.858899922454615
-0.677881064343098 -0.821460453883093 1.28317893332326 0.871864779156468
-0.721427535723918 -1.05668142429881 1.17999472001933 0.959886544443317
-0.980913187040496 -1.18600917491638 1.19822594027126 1.0401396393489
-0.727206716860201 -1.14611724476093 1.42789113189417 1.54086202070066
0.17890406069034 -1.27147926957907 0.720963918007678 1.30610228136449
0.874045379113332 -1.18704390503612 -0.0164814458985979 0.93685077287623
1.89374188347569 -0.928538061799477 -0.49423402190891 -0.00189047949334167
2.27620840375648 -0.201435861299368 -1.14128785572581 -1.13965373735085
1.71283093462405 0.568391716910886 -1.25975324206108 -1.09705928861468
0.815735864470246 1.20998172017638 -1.07261402346854 -1.21696025832323
0.166636919101562 1.33211038785874 -1.26214033489452 -1.5166646472541
0.0155747689466012 1.49574994634692 -1.08958507126232 -1.09758224308193
-0.346402916984422 1.33724034989642 -0.727833244881646 -0.80385022291521
-0.574666735622324 0.992821275418436 -0.891355582474768 -0.77832623610042
-0.778293530744404 0.693603758219336 0.0733047105549134 -0.379916772046296
-0.383208474735062 0.172729996827555 0.505893587366287 -0.420725358462042
-1.2574318140115 -0.162582403417311 1.1530777039684 0.656270069749479
-1.08888288268901 -0.449961111668077 1.73970035901016 0.974203310135378
-1.46207002522028 -1.12104566365542 1.91635445398942 1.3246428855707
-1.36054258481011 -1.46628442062614 2.44019061145449 1.78174497778232
-1.3517389250457 -1.67234082238255 2.67541672864444 1.95089985119618
-1.68167539462463 -2.16712848588044 2.31222180659851 2.09654524308573
-1.30608554833481 -2.10013373791751 1.78089856061839 2.1181582881335
0.0223619152510693 -2.09001326645486 1.1987882305219 1.96953840552499
1.64910537675022 -2.0691509746736 -0.428970312953504 0.82041339507414
3.11606133012793 -1.59048656705886 -1.18514960761948 -0.539047898737603
3.57757502226918 -0.595139747261918 -1.11124146674543 -1.90629801419127
2.30874493047865 1.08159753040205 -1.23287803941498 -2.28104729719424
0.724962519263518 1.87706396199134 -1.16907426103067 -2.19413630185014
-0.307488078199591 2.0910587021262 -1.05534572944561 -2.12950665444584
-0.609723872951311 2.0488066709508 -1.33902364665143 -1.2836840792716
-1.02217053786153 1.53640396960351 -1.10998092953096 -0.752652471719902
-0.407065719953667 1.16567558617938 -1.38681819954641 -0.264788909102583
-0.123825485149827 0.668703664510823 -0.98100792911922 0.160734402799357
0.0527627683098183 0.48106934999037 -0.635993867706007 -0.12734849874351
0.310568662157581 0.481190363213248 -0.585173870747281 -0.190225593252817
0.144234758535331 0.619653185830355 -0.396528428296138 -0.49687129775957
0.555736034684991 0.542533944419524 -0.448300569431595 -0.529385262374525
0.238078367733093 0.386624751653308 -0.378444764582532 -0.456322854495611
-0.0093407458776063 0.500633150340741 -0.46228645268172 -0.547364632933462
0.366270882625868 0.469532455283969 -0.146532642437121 -0.366939182212129
0.174949446822294 0.209844512798532 -0.270822210534706 -0.368879109157022
-0.419487210697846 0.506107843767105 0.155258436049558 -0.370364607222405
-0.648445988490246 0.194506177685523 0.251432100565048 0.00232177759769026
-0.858420529768342 0.013242028239733 0.599042479149879 0.258032749711199
-1.1967225833809 -0.472861920844346 0.83912036351813 0.905892158121541
-0.946823789020036 -0.635720910019358 1.18564891619346 0.879031968565561
-0.816597104713883 -0.929709507256832 1.57478676189548 1.39406143670262
-1.23127874401641 -1.37546738527291 1.81065617444034 1.2104723659539
-1.1183330679537 -1.39776443136563 1.5089131586262 1.89260828097854
-0.467916696758327 -1.68115068534615 1.25995809669377 1.58192366536439
0.223578609605817 -1.4701009723618 0.535662054515956 1.21508325024976
1.43776800490666 -1.18327060906383 -0.244450385023987 0.212685949153102
2.070267954722 -0.744334532817781 -0.919795489437924 -0.61280883665591
2.22604879985223 0.507029913768559 -1.24068848075462 -1.39424673284154
1.26631774219951 0.949377606982538 -1.08086941778862 -1.53755604763449
0.598331864691198 1.67887977526977 -1.11493657117669 -1.72439310191945
-0.18673494211895 1.50163014867448 -1.02111348185795 -1.19348309453797
-0.362024820158228 1.45021053943526 -0.970326442832132 -1.14394422319913
-0.319146908069252 1.01236035464782 -0.86237506113545 -0.555424737234361
-0.314463488840279 0.513951673806685 -0.417102016022482 -0.0715605102569055
-0.329877878572257 0.4911241948886 0.106155096799647 0.237600272020911
-0.370693331964419 0.241786628476756 0.199455474761794 0.135133124254945
-0.640258967288738 -0.223930068139927 0.33309895971613 0.4804437684585
-0.672410471118998 -0.277904766705956 0.726043747114937 0.428914247002668
-0.77239472852376 -0.661461082184962 1.02784507433049 0.62314845620532
-0.338961675111739 -0.880693884003092 1.09993172486933 0.779097108369954
-0.507817559165802 -1.04626649496011 0.807300529213563 0.806548691033362
0.426390225331127 -1.06760053529539 0.194580222284253 0.951935421043252
0.605100422981015 -0.605648978332055 -0.306898714886497 0.332949173737133
1.06428461807217 -0.229565496543665 -0.477724628500322 -0.0138666092305474
1.61616308203185 -0.0708490392914428 -0.726521166210166 -0.654908240793178
1.18122484352221 0.56087696557223 -0.968371898764531 -1.08042071327011
0.730610669025255 1.02412905606784 -1.23576670208224 -1.26037696687071
0.40762527812306 1.15569977974347 -1.19031182988226 -1.12952201411614
0.169651590487619 1.08539684267873 -1.24783338263226 -0.977590462716648
0.469638068453884 1.05833211737585 -0.726795626824227 -0.53898478955641
-0.262205919392994 0.859357174665763 -0.427060512437434 -0.365909988242084
-0.386145267246995 0.533177743669392 0.141265665874614 -0.143804839622643
-0.514919129337741 0.199950697123838 0.288201906023801 0.187478803908395
-0.990831436319872 -0.342277447254385 0.625220305971195 0.305137269961505
-0.918465857515539 -0.416921789978168 1.13954664318329 0.748476840287874
-0.582352223732865 -0.677568802852984 0.883180834881822 0.843822130581315
