0.763482798650361 0.310352957184765 -0.776931099770278
-0.298336454779012 1.28330747715506 -0.276804589854258
-0.95672900128221 0.756930262590553 0.23883059615181
-0.759944973912947 -0.438932030077096 0.911805252814622
0.238910412571561 -0.752677409990676 0.407306771009037
1.54488882385448 -0.46780335807949 -0.254692191318933
0.699485782602771 0.612264813836332 -0.743595443345506
-0.347620077177215 0.982495145427243 -0.52108335443138
-0.90373069723913 0.2140568922478 0.479702263338691
-0.169721052843554 -0.161149006624923 0.853948501868662
0.546747893328085 -0.774885354960424 0.415301481947562
1.35487946317496 -0.32319292935022 -0.540498605265831
0.396421856718611 0.678648241608187 -1.23154150778994
-0.725687678131238 0.786605882114014 -0.18498663924431
-0.783388536809627 0.731091232243195 0.474877644879646
-0.507940902451415 -0.326696858442173 1.03101183162565
0.0771257637050819 -0.869444146772866 0.505068617223512
0.886369220593959 -0.580325689216863 -0.418542507892999
0.445327959480262 0.295608460384771 -0.677548063975704
-0.666333165477 0.873837372456456 -0.748863395529503
-0.804065535650169 0.351583523998418 0.318511150231732
-0.995540339428957 -0.637355027258661 1.07729519724122
0.587094947499552 -0.760637685898385 0.847678789549511
0.815816065244406 -0.509172964458569 -0.792938943602112
0.48888385900712 0.228763497716658 -0.728081179964809
-0.250026112244782 0.828999768553595 -0.49197535886336
-0.655167094694045 0.514816990861822 0.465056544891243
-0.775101432618253 -0.521629136518683 1.22221903353405
0.0411701583817901 -1.12786118234393 0.739684515958267
1.20141833766271 -0.485139888150356 -0.105671276944522
0.949547508154449 0.188010057294043 -1.00630543744413
0.00184494794536632 1.3154545870487 -0.36039569227917
-0.911008112585904 0.485540235731184 0.872668767487604
-0.632082690099663 -0.347570048101171 0.776504515088333
0.490857938159811 -0.945230216524816 0.974898527808379
0.968710113670005 -0.691510243241012 -0.34284128770774
0.40313498127664 0.538617734844116 -0.980964423278118
-0.511743882726547 0.936244998558128 -0.118616846859346
-0.726614885060954 0.654558930610246 0.685227912715252
-0.406919645545904 -0.523027076165889 1.74613067542066
0.296377560973948 -1.01009683523644 0.517914108777092
1.17098981638685 -0.743161072419993 -0.525136216609867
0.756407702014504 0.704735973429691 -1.13641076785553
-0.449377466257512 1.20884912229582 -0.854346275681135
-1.13672523186114 0.800707968416063 0.929589163181051
-0.83064527741237 -0.53432028671099 1.41369436137557
0.657801785641192 -1.24917385334129 1.17953544134924
1.53364232053083 -0.71521167427219 -0.500422626011818
0.995802129601176 0.319720984685621 -1.3124262936156
-0.779656638167127 1.74735435811249 -1.06167084357115
-1.2447031564954 0.943184582090906 0.43520388179772
-1.5375203530339 -0.570347792412473 1.6531864239086
0.0919890652065279 -1.30764413133567 1.31621038447768
1.32954114748096 -1.24217070556333 -0.423993992246419
1.10304986727934 -0.101839802594527 -1.33992769507949
-0.464672462349442 1.27138218360998 -1.65802255668839
-1.52981573158458 1.50978448103801 -0.112819034665422
-1.49238052016266 0.14988718441664 1.49480793493168
-0.644756479318636 -1.41717256029661 1.28217937113805
0.899608812164355 -1.65323784594643 0.274100873475074
1.76004152044172 -0.593325200151245 -1.14493118143493
0.741983743609209 0.749500964877963 -1.71694220439984
-0.784652642113326 1.56604550505993 -1.42547568455884
-1.77596316859058 0.94417183420147 0.381856678823905
-1.25516496299044 -1.08506707499846 1.42805983817634
0.165700010777211 -2.08120874960139 1.3513319614374
1.85316864118899 -1.5310984009908 -0.707118195449514
1.29052400458547 -0.0289204292989533 -1.54660594590091
-0.597103144567005 1.72151643722469 -1.3458506989769
-1.49860945570181 1.77346615383008 -0.115323291328421
-1.65691026867694 -0.293315540965366 1.54024525530116
-0.668156881653918 -1.60621294099392 1.68445029988075
1.09644615789426 -1.83531938985235 -0.0533959211554468
1.93271739408107 -1.24784324450809 -0.951883254618592
0.338678266536665 0.888816873299253 -1.79215183152058
-1.1404779517237 1.78502364868216 -1.42162384341742
-1.56109720166276 1.01015417803692 -0.022167871887871
-1.47872237525686 -0.767804234148964 1.58488730988996
0.142181155573995 -1.72998500389773 1.43970165163183
1.82413910970486 -1.37081428474664 -0.730381109574335
0.921963398199677 -0.302926464640887 -1.35495670419462
-0.455649443417686 1.59345592958999 -1.0105883945198
-0.997705330987863 1.23847945031974 0.00391654679763687
-0.992529173288131 -0.342469022056412 1.47213659006697
0.222205539688458 -0.872480846655778 1.02083643918753
1.39092381656065 -1.00871563062681 -0.429777499487179
1.33878135395928 0.0455378042414141 -1.52304201352015
-0.142679954798704 1.46265787694155 -1.2657612099863
-1.05483093854461 1.50609624969327 0.170626066505886
-0.975810072232369 -0.139330005145153 1.54224238760336
0.218211751593859 -1.1823683153142 1.26801059175583
1.25216420267387 -1.03329078229237 0.135591490184678
1.67548828119467 0.0773071715114132 -0.828673425255924
-0.219495876029022 0.977557127098431 -0.906498227356589
-1.32877721774248 1.47721185344212 0.0547746517459821
-1.37160744299438 -0.0985117314301302 1.4069731572405
0.152541243361022 -1.10668227157742 1.12006335654859
1.40586716719576 -1.00275553159561 -0.215814497177481
1.74958384123894 0.311217702641907 -1.58470004652062
-0.356740548647418 1.69744924654206 -0.824137608346431
