0.738883532177496 -0.841415200354951 -0.47492522705984
0.952038573640524 -0.329748763182311 -1.07680029958457
-0.127899538952213 0.806430742383647 -0.885967438494579
-0.985732315643721 0.816951434995833 -0.156075409834042
-1.17328738738379 -0.432045606249375 0.880733943047116
-0.0623544614758527 -1.11648440782112 0.375050947541035
0.95133148695223 -0.804657942780518 -0.510257221662439
0.82347649778273 0.0880614287424472 -1.30292124518656
-0.0311650543255549 0.968096596311042 -0.983119146430992
-1.36146625402189 0.863797522263535 0.242944027944679
-0.851186006891871 -0.825425234540039 1.05691403315973
0.121546378377764 -0.993650199618871 0.565456297671667
1.22547368175641 -0.723104651676025 -0.440611039307389
0.612484653230303 0.206533092519403 -1.39095392719938
-0.805181099480102 1.29850092897275 -0.578044515958595
-1.26041054501885 0.29557800967617 1.18502292121956
0.0403697247812186 -0.939931529298479 1.13823013711363
1.35415189785772 -0.989041762471364 -0.0391513854394917
1.12439644095806 0.137702132323462 -0.994943224855078
-0.362645353710814 1.52320937016991 -1.00890794696781
-1.04320979612332 1.21185360910671 0.50044107410304
-1.14443104520695 -0.581626458946689 1.55600959078098
0.367386948220386 -1.05363906392668 0.895211109525152
1.66172538918925 -1.13221553709696 -0.661344040260805
1.10921128869555 0.455856130145088 -1.33836761781261
-0.889981386926071 1.87731910054289 -0.920515887544736
-1.43609057429114 0.737886517273611 0.75337966380475
-0.702763248572116 -1.17466740571906 2.15396167265145
0.605531169087043 -1.64828859706682 0.360105031363241
1.8261260010035 -0.821245501435936 -1.08376248834488
0.382812603668035 1.08193149587224 -1.33184525209899
-1.04834661511885 1.63623825317533 -0.251376005345761
-1.19633177360362 0.342281125329448 0.693352630374699
-0.571997796281258 -1.15360566193332 1.52059592906945
0.836700690613962 -1.32125393787443 0.0843049948573154
1.18152049722493 -0.842437784328804 -1.56736177825676
0.278408750685813 0.990718871625455 -1.38621867669729
-1.20634052468302 1.44850131373866 -0.921567074725981
-1.55519680743008 0.307695306106553 0.284847635441597
-0.965585505409947 -0.844411734551262 1.47762315094426
0.41133053268525 -1.71518637429016 0.606171252643708
1.33679009757453 -1.22655381069587 -0.593810334795599
0.899295999852214 0.490835159821398 -1.37218787552979
-0.845026209494979 1.57507967057451 -0.999826290589053
-1.37443137923021 0.81897125434968 0.386139458472047
-0.858347018158356 -0.342444562793488 1.61009800081671
0.476167322695766 -1.28993696385995 1.29048908060792
1.67118584529833 -0.753227850253449 -0.959918334884459
0.538613632760158 0.646932196712677 -1.29040308912293
-0.930149414951855 1.50973354170313 -0.326848413489945
-1.2557532499921 0.350882758778708 1.30753961799654
-0.123692446844862 -0.81943302546161 1.32478936889598
1.06718114836258 -1.12149857484746 0.0831503892522051
1.13119979119458 -0.115944466366008 -0.692097573270011
-0.0965591165383834 0.954175509013609 -1.18392085690175
-0.864304327195407 1.21342453830026 -0.350166931586662
-1.13214613908605 0.0424713721990574 1.36868113851255
-0.258359106234755 -1.09370324022034 1.1744694363714
0.771883741468358 -1.01734146786557 0.141866263995149
0.85632821994526 -0.00459797389083196 -1.29029194806254
-0.14818351563296 0.790979314303434 -0.974237174548128
-1.30356174970194 1.00623031808427 0.00382755611393824
-1.16927125268065 -0.204726778987767 0.97368393082842
-0.241963109948092 -1.1180451276697 1.126133415216
1.17565675401278 -1.42230594162865 -0.0244243619453412
1.12845276478908 0.0507899108127182 -1.18996279729176
-0.436932628845479 1.53245269492495 -0.872368965196805
-1.29093344404623 0.960316488275099 0.000624844625815549
-0.859337206251733 -0.336719537581183 1.20582873371938
0.242165093964675 -1.10841363513593 0.93739632911714
1.39961037496601 -1.02280190773405 -0.303313522476608
0.65162008720559 0.313996267639539 -1.18034604120834
-0.859091253759566 1.28557554098406 -0.801710013719089
-1.59890915885928 0.630369416657436 0.560058380911781
-1.08348647547732 -1.00887068943861 1.66965396056513
0.42570895334512 -1.61720220750836 0.464053485216429
1.48634983854553 -0.871141782059649 -0.583224822972729
0.862666830864578 0.912467363216574 -1.6260204197491
-1.12828864667114 1.79506024762975 -0.797640051287401
-1.05149574249383 0.823947883363823 0.808329946630458
-0.878672784673413 -0.911960215767584 1.55720315637651
1.0449707800444 -1.20124811520611 0.753093756351617
1.55741290206889 -0.482277454182185 -0.865760763575167
0.616313121544241 1.11717658616823 -1.30084989218461
-0.808800839134082 1.37814087200261 -0.282403898385675
-1.16867300401333 0.262205815747108 1.21884137926845
-0.0160790144377955 -0.849825018073663 1.09508164379191
1.12199047215765 -0.858189039367059 0.17191202367181
1.20748087433547 0.446522044983149 -0.885183770658227
-0.340667888429672 1.65117400743957 -0.561254458157522
-1.1882998070747 0.660374145729029 0.728311203659069
-0.42457101204396 -0.61480500107531 1.74169862527783
0.744970755017254 -1.11731747140657 0.284020115021567
1.61748084545346 -0.1469388519006 -0.977305378393331
0.245791638602294 1.13998167797373 -1.11745340427039
-1.30608277915859 1.41417563967531 0.357575409354047
-0.675473139382795 -0.144696102286715 1.75511474725407
0.811395654563169 -0.82215292042121 1.22607237887025
1.87694053076799 -0.418121547761984 -0.112245506498231
0.928615141006391 1.47693941827308 -0.835880080199447
