-0.5740642588244 0.13040501793999 0.523669322477248 0.29677175284253
-0.863999951973709 -0.182385359176116 0.597500792462665 0.628470886268713
-0.714108642049312 -0.406622687968248 0.927443457051892 0.719328276372274
-0.763769688181857 -0.68938463240204 1.2442995239603 0.870525269046367
-0.725489738942421 -0.82471084384875 1.30846308294552 1.03808161059169
-1.0781304584546 -1.13546428112304 0.995346647930822 1.25395447282177
-0.421859300874931 -1.25680810492615 1.31412437487713 1.48875618444611
-0.0423405145823962 -1.27241808877516 0.765106878377745 0.914268391433125
0.720525890717864 -1.14617974891065 0.1140351645742 0.759776922951142
1.78177661553389 -0.986663286154042 -0.721229527232125 0.277877687795663
2.35594287525604 -0.131070799257186 -1.02062194403948 -0.58206006143915
1.63587565592558 0.642910943953052 -1.02948793928357 -1.31143180299728
0.642831781424576 1.07302465198708 -1.44965612441699 -1.14820986659394
-0.00411261706513013 1.26642151220112 -1.53223437301187 -1.40955568751012
-0.18063033445418 1.38074443033819 -0.827203128493798 -1.03676617081699
-0.0411091631951502 1.29432329342669 -0.870056533836281 -0.808186071014912
-0.363107363866632 0.947309736772377 -0.368892217831867 -0.587713731075145
-0.662584088402958 0.814649909847706 0.0760342901635906 -0.146188981586878
-0.625822641833051 0.461787120802183 0.308793198398726 0.387283171930425
-0.969022291022549 -0.190261023726719 1.14116228734546 0.276010255115553
-1.29517101101469 -0.582772013663332 1.55087911982245 0.838670845842266
-1.63935735073127 -0.935056199902236 1.71515826208213 1.48310387480647
-1.44767831530572 -1.49713589214224 2.13063515642223 1.94491439011648
-1.8153254177661 -1.68019989483987 2.67269153374528 2.28217954884988
-1.67048354924074 -2.07313213561097 2.26112663496924 2.1994849171923
-1.21759956484494 -2.21678206903841 1.94756770096474 1.86729035624548
-0.162121509026674 -2.23390512622335 0.898264367435483 1.76823843243872
1.97375637498804 -2.01894413117899 -0.0229048302029923 0.928986331861972
3.29338851194242 -1.62950901605834 -0.885216821562731 -0.487838481640373
3.48668415783202 -0.298994206159304 -1.15908697288139 -1.57600736769525
2.30808464859828 1.03178423963529 -1.26866105946992 -1.96169593277592
0.596943374240776 1.81115929565844 -1.50581956494761 -2.3457617264949
-0.310935932898896 1.94699733147437 -1.2635810746538 -1.83442859253647
-0.753642129949973 1.66185765427761 -1.30957997462501 -1.30025021186287
-0.635613928492141 1.35935415426282 -1.21725090252027 -0.570564995228631
-0.546585984788308 0.965299569312293 -1.08056545970606 -0.556339939622287
-0.277385762675434 0.551707131947355 -0.654428585216388 0.0590689323485558
0.0710024483514303 0.621289197720207 -0.653629300196641 -0.503850237357108
0.651520016362915 0.301662187471482 -0.695280540921198 -0.34358225718904
0.22679447148332 0.507359900625999 -0.514621307660928 -0.488857067992618
0.222621839736601 0.366464239683332 -0.499192087978386 -0.486002364687163
0.130143873507345 0.366331095452172 -0.23336531094354 -0.543473945583122
0.315231040786698 0.28168842503391 -0.596745678395988 -0.396783779821381
0.394563816406425 0.257314162539847 -0.415663083043609 -0.419103338825393
-0.112036585689095 0.474906083295805 -0.306330333447678 -0.0347541746882027
0.0617568211124304 0.314370492657661 -0.128340618815488 -0.159959964549899
-0.339431068652864 0.2408388715867 0.531621829259282 -0.594074148489383
-0.438962214651211 0.122811496034141 0.44989046936323 0.19687948509306
-0.739765506233023 -0.251544010141235 0.654464995070017 0.562627428073653
-1.05427580544084 -0.584984329184821 1.38154331218038 0.754427682690096
-0.910252462845745 -0.666374925628577 1.53954364271759 1.15080065196253
-0.900126566728867 -1.25100042773694 1.63984125733314 0.987928039398599
-1.04849898807037 -1.37184892306108 1.4651010208418 1.21671486592388
-0.393503075411764 -1.37230673856303 1.08247712936418 1.61632610768806
0.252934815697423 -1.20159028461357 0.439650277570239 1.00733534703129
1.27692760261306 -1.37801056865722 -0.0433230182977218 0.214201558250684
1.91399598409013 -0.500227142236717 -0.829229192682127 -0.663738181226253
1.60158426280052 0.111114973202133 -1.18145533740618 -1.11512705221288
1.10339405559008 1.2338282377312 -1.19051803335311 -1.687024891028
0.703296133184493 1.32410623933305 -1.27501080376521 -1.4977112491056
0.127328421846147 1.58942041434488 -1.11641221726564 -1.14194542027905
-0.44536369957337 1.06417809860811 -0.807576601896522 -0.483723240313176
-0.572503600289759 0.842719758807614 -0.786376717007781 -0.550840963311483
-0.489501208974962 0.881185868728041 -0.579000712484911 -0.194759362936664
-0.417404103428656 0.459607537044926 -0.178305500042472 -0.211922166737701
-0.302909045954702 0.131300825675922 0.289190516891826 0.334110903327429
-0.668065840684944 -0.0894902179130842 0.547361969568818 0.417869645306909
-0.77321696827692 -0.651667547773083 0.980521807086032 0.497672426448773
-0.55065065192339 -0.540990688290443 1.14098866188195 0.860974750816349
-0.354618440330215 -1.08723327604665 1.18664520799948 0.89694116253595
-0.0213656608911635 -0.784291708098706 0.546828784367099 1.12355529462658
0.442099123679899 -0.721323436968442 0.485126605154882 0.955782102684369
0.526392152011643 -0.583678887356232 0.21517202796879 0.356006008622238
0.849994632291635 -0.483248309460884 -0.415139198730715 -0.0900107475234731
0.963902572781093 0.12179400739708 -0.875979888206439 -0.788565252542872
1.39311479508205 0.573964149330852 -1.09625472179089 -1.31418415209651
0.614623880881625 0.857221465961412 -1.02884134557999 -1.21529458069801
0.346029983227373 1.22147242083982 -0.846757686139482 -1.30947684111041
-0.174527960005748 1.21925306517016 -0.99149421262818 -1.17252235883552
-0.182758390029753 1.09598369434198 -0.793071618254483 -0.693104822000131
-0.379855203450836 0.577889138329673 -0.409416388216217 -0.434598773603418
-0.566639905283646 0.426835678735072 -0.2333180564702 0.311495087895608
-0.664949963020517 -0.0629373285545611 0.242979637609516 0.257585268819768
-0.467772597609564 -0.201558960464516 0.518878269391113 0.477092948111829
-0.554898248289533 -0.366889889946833 0.896532196052642 0.535033698849307
-0.58281331649282 -0.545031705034911 1.02535174824394 0.87702562307887
-0.817995594089944 -0.691898092238691 0.990847334152525 0.924806011821649
-0.555283775596786 -1.10403099364607 0.763360277890471 1.04625662619671
-0.212504376552038 -0.913639452117502 0.555673173584143 0.931234848909225
0.530190603443355 -0.779196436959765 0.0698447768423773 0.351875326791053
0.85468238434225 -0.431510525486402 -0.516625474991994 -0.128211815156201
1.51970619238123 -0.105689952900354 -0.574793610021479 -0.757470709812272
1.36419625416542 0.636817394413457 -0.967731308308301 -0.948559952755553
0.480663866629753 1.06961764090054 -1.02590693413741 -1.07280823568915
0.135333599911475 1.34883888043413 -1.11138964841238 -1.21920877216176
0.179860033761773 1.37803739060569 -0.657857208507796 -1.05883961764148
-0.315266963428412 1.2636775676431 -0.64129781809728 -0.368892069750739
-0.503045809934981 0.748874547252401 -0.595928950919964 -0.291665423906471
-0.751007179037699 0.602703704028865 -0.000394439170187208 0.27813650629355
-0.985873277286786 0.135379455367526 0.867313213728337 0.619909633943711
