0.726187280082476 -1.49547233083673 0.205619425805037
0.99641078409835 -0.844513981997557 -1.11215312581672
0.344005684246069 0.163035646779582 -1.53516867919176
-0.689630313370844 1.05646724638807 -0.924783754584572
-1.69083867005458 0.482173379775916 0.193002934535886
-1.18702338010303 -0.743718715329358 0.947954517515176
0.187669698789688 -1.15560317280006 0.500380884063147
1.01652300273265 -1.17291012427478 -0.60756764898391
0.883162652328298 -0.0420088151294871 -0.980926956090356
-0.486358524498167 1.04941871497084 -1.02427138226317
-1.10396069962969 0.611298251339053 0.160712733028351
-0.85305688047178 0.025807164380447 0.941893400456284
-0.215095954914702 -1.08801047770758 0.73326251946754
0.786914812678689 -0.941216763477106 -0.0667555420274673
0.931357441297655 -0.00081860301314609 -1.17589086726404
-0.215448036322592 0.742515510352028 -1.06922768180555
-1.09965973363579 0.75790939800299 0.0428756912719597
-0.799888180114311 -0.280404353008182 0.526442196521426
-0.0401232871561005 -1.0595823383657 1.02959885280323
1.12087966916085 -0.810902848792902 -0.362816297528862
0.89548488971222 -0.0838098882488264 -1.12979066637432
-0.191533252773862 1.22615232481116 -0.7105739882143
-0.976619563011117 0.9172411411734 -0.33240296097838
-0.881475555778433 -0.0094065850117248 1.0196368153666
-0.170981975829857 -1.13461885945005 0.705178099772155
0.924008535216082 -0.917117113196732 -0.411367475583261
0.95893850914133 -0.183772754364457 -1.04266998519585
-0.554680653719971 1.30285713273376 -1.08670753119786
-1.00197454251211 0.912872407520505 0.187899179651578
-0.890891492598104 -0.323274578807774 1.34292354933181
0.827710142443724 -0.863874669316333 0.969453035813632
1.44632685320055 -0.668825078015252 -0.58162889031527
0.502159077739633 0.807601630359872 -1.39571340374529
-0.675106888642542 1.504621012033 -0.446678811214173
-0.954074849475375 0.131728690761261 1.17584414388825
0.101285745521834 -0.907185682557628 1.34433649540385
1.28057669286413 -1.07745810618943 -0.0844056988714085
1.22201502895445 0.368611195816259 -1.12769079510508
-0.225412817568295 1.45517787672396 -0.891465731769127
-1.36892661126792 1.08391822859513 0.223756244709075
-1.0477063858575 -0.404801224189742 1.91330511201632
0.513122442064842 -1.43640934508817 1.29209359308408
1.87776020721709 -1.01035534545864 -0.605225286120977
1.02500269973945 0.775299862803784 -1.26021590091444
-0.626485789247951 1.83854018386975 -0.681902352304015
-1.25987047621307 1.01759744364395 0.987832669814771
-0.68543135005637 -1.05214575959307 2.14970864027489
0.825750181595358 -1.36326912283641 0.7833920427095
1.39720944106372 -0.742885860362652 -0.91854602857498
0.664805941821362 1.25859914573079 -1.26051282644101
-1.3973584333316 1.84462133143011 -0.794589609031965
-1.32036282755716 0.262230526771489 1.11377374779724
-0.414353837634925 -1.21361197391642 1.46488791103444
0.895545566035094 -1.43228944543151 0.215698975507671
1.58958818873088 -1.10020159051218 -1.12513047518511
0.761985291557196 0.790459664435278 -1.42432118029173
-0.984765509709821 1.48728008667413 -1.02215020057953
-1.52553081961045 0.583148469033133 0.491357578225758
-0.821463630405929 -0.812053353358844 1.42762735346385
0.387530021250557 -1.09866658170087 0.936265081604785
1.43623048236853 -1.01757055031074 -0.729337444515527
0.904810876263421 0.226470083047874 -1.48545961394073
-0.777883554979925 1.67102422315377 -0.805375460661837
-1.43309891894629 0.872070881341573 0.564550796302489
-0.906606528362643 -0.616683469147318 1.39782991585485
0.786521542286951 -1.5002828527591 1.17352343603762
1.55898237865184 -0.742086376043176 -0.730871843144649
0.719093434751309 0.661456123775991 -1.26813381712181
-0.68112892558086 1.42635598607161 -0.297375656637124
-1.15906999654138 0.468361370174062 0.941169566139824
-0.181297665500918 -1.1318968588943 1.60628763600839
1.04497462913123 -1.14434209661124 0.0436627194866293
1.25723447518577 -0.139065514963669 -0.55464713624186
0.362322544531736 1.17776310943758 -1.17315971308233
-0.928687710037395 1.36826361660329 -0.108281344587742
-1.25684273472896 -0.0319079882335533 1.13381913954646
-0.204371432213498 -1.11450634931154 1.36340624715539
1.40043789472843 -0.991901420693225 -0.0335772202095163
1.06036697952341 0.0423205578189284 -1.00600736647931
-0.0724621146893409 0.988948785799893 -1.03670501752506
-0.977307871242548 1.21810252474333 0.00534702774338563
-1.33908189046888 0.0131826931453656 1.14318902200625
-0.0789562192123666 -0.905573937778212 1.30338093087476
1.2870677670676 -1.12290920168412 -0.101598215384938
1.4522877708709 0.0910195771570266 -1.11246905045044
-0.29785464967853 1.40467205052958 -0.84746983418634
-1.06872089930529 1.30733993565178 0.240787753778046
-0.900002834264215 -0.158127345977203 1.48673021299954
0.0862994802171917 -1.09180344727426 0.919795274469867
1.47913297417171 -0.929807101994897 -0.457143700886768
1.10900068108603 0.492918820936482 -1.33275972660595
-0.619592958033797 1.66684439119275 -0.753224409539702
-1.54106736529311 0.85355490253388 0.6977837125051
-0.866749043724189 -0.746245095820933 1.75522239610494
0.85208735234412 -1.23555630864186 0.893670378798346
1.68398283411925 -0.883777856944777 -0.894722133645682
1.26410504879074 0.779566644147486 -1.29413205210863
-0.940705534422194 1.92716169502225 -0.904039527106992
-1.56165781906947 0.853084668044848 0.897563380107861
-0.685618038004608 -0.992427091815548 1.52530904676933
