0.366973273249331 0.401790237024917 -1.57527407764968
-1.15684467378426 1.23983136334251 -1.19335596081673
-1.50368299561161 0.703651198801507 -0.0413864675540803
-1.07745246835328 -0.727548791138167 1.03948201753232
-0.204864125803856 -1.61581243406753 0.81091117767602
0.795183166578635 -1.08618925373839 -0.438811428528317
0.864764895349997 -0.13389945742096 -1.01793068263722
-0.405460622772565 1.10442491185266 -1.15175451915798
-1.35338123798618 0.758331177547433 0.0202982948816467
-0.912797692728968 0.0154764367855351 0.872670698507169
-0.0902534094055639 -0.97369855375459 0.674740451634095
0.828945121260173 -1.07900343298007 -0.258289156359316
0.641952649647221 -0.0547193743083634 -0.87718467656835
-0.287009973879554 0.876678765759961 -0.637267459740854
-0.912941996966187 0.83368671967518 0.148288177603919
-0.678344984670725 -0.214283722608944 0.913183974279878
-0.18370780788359 -1.0573176717651 0.889791993818085
0.809729223108033 -1.12663135483218 -0.0584264096684948
1.02279463399911 -0.018956551639268 -1.11468339732875
-0.176551437795274 0.77151293575284 -1.1868913403964
-0.654114597172016 0.988135458913084 0.0245846628403997
-1.02945316038794 -0.407845667109161 0.973286635082939
0.0548169462984238 -1.06620428745199 0.702633742104632
0.963439913175498 -1.01050279596336 0.171147806500941
0.819279828892617 -0.014184799733424 -1.0698680113255
-0.557045928935694 1.01928675886614 -1.01161377427259
-1.40351072251086 0.912637345285709 0.20825746733858
-0.736881384672819 -0.318253076450356 1.30713091244891
0.365646551365319 -0.864709148122208 0.949135210815816
1.40736343567538 -0.549829138744716 -0.578592755825912
0.929051729872225 0.901431529622232 -1.00899318691573
-0.843674757254916 1.60009045145042 -0.110880729109142
-1.1481867691316 0.417651839645785 1.20980579434938
-0.162503828096303 -0.911667525666907 1.14127263966592
1.07292478190929 -1.18254832081113 -0.0387785938354321
1.26145184886119 -0.0121466017052193 -1.28544428281719
-0.361187948893936 1.97025731419866 -1.16371797677489
-1.12340765245942 1.07726770866456 0.283279760350382
-0.806734697999227 -0.1077041168303 1.42649275297769
0.724322883731761 -1.2445585566348 1.15287825452736
2.08027407767114 -1.04222600684044 -0.257320860836689
1.12303527572436 0.449025642420117 -1.54811337424985
-0.603779947691777 1.84995615662997 -0.7390050775952
-1.49680365914695 0.777567859516936 1.02453184943892
-0.880056806345081 -0.636884354779506 2.37307531855261
0.637450989391337 -1.53292098164901 0.457891340073329
1.97528552569441 -0.822340621471718 -0.782516158634629
0.549045239646049 0.87500027602859 -1.32547578995372
-1.32429803055667 1.70335832704536 -0.901527305408732
-1.12696837837517 0.12754211677758 1.06575067331983
-0.562034776680738 -1.25665813964898 1.62078589660628
0.858768717399547 -1.63901915631478 0.0775114291327726
1.52948465807923 -0.795952046100697 -1.17783779918786
0.994152898775565 0.697515755487663 -1.55900078281726
-1.04788201295081 1.53839610585299 -0.960287630795197
-1.49176354817766 0.560502769093814 0.351988361158196
-0.853122431704684 -0.691089151225973 1.68572532297292
0.753860186404441 -1.38092499183969 1.08793662122496
1.57392007617645 -0.936338683120062 -0.575940753707874
0.83570404662032 0.443586482482899 -1.57060189933397
-1.10112543132688 1.69844177971922 -0.907788382749607
-1.38717872925148 1.00083924331357 0.674710672264721
-1.16577112725834 -0.574594808533782 1.48988773357991
0.363861954774697 -1.24543723210175 0.985899385247168
1.4608705265926 -0.613726386136918 -0.92919502196742
0.695271787418564 1.00716465093832 -1.14740347043597
-0.695066141893362 1.59722283951112 -0.503032592410724
-0.893039402026904 0.930017842220007 0.773365121401426
-0.252462254214992 -0.839766444787388 1.53571138218526
1.17281809454737 -0.996289866507047 0.0880764301591229
1.28326317794222 -0.0552861794890258 -1.05491222265174
0.444193167534975 1.10162884646999 -1.27907021543131
-0.967088296570301 1.57259661735109 -0.139827359036283
-1.27033550017085 0.143955157142702 1.1676781135098
-0.116925795760741 -1.1245231243343 1.32487554068123
1.33815932554671 -1.13869359582684 -0.14462526444946
1.28467124770353 -0.391374301224837 -0.837674512326456
-0.0662947091439502 1.12926133656707 -0.958706579597107
-0.980667272871103 0.793179233953413 -0.0876306985219638
-1.15370931378754 -0.0505666598895419 1.42531330772826
0.129519038104683 -0.996892906807856 1.08881447146846
1.19029453907868 -1.18347504922635 -0.131933988759494
1.14151625730814 -0.034141618003464 -0.933929676828429
-0.412326035855964 1.11785018838428 -0.958183738375146
-1.07938945260853 1.17748707702189 0.197911581947489
-0.836441415813429 -0.487888881839627 1.35461934228415
0.411321677459954 -0.952451885098493 0.994111369582888
1.45828079659675 -0.994983124586511 -0.0577279099776243
0.870936711846694 0.492586126647455 -1.04584301375666
-0.73107269702855 1.5763552736848 -1.00321695773535
-1.45865485823919 0.800067840017031 0.675600586840468
-0.842708254667589 -0.972014396729354 1.6299527800406
0.668876017214044 -1.51703082278618 0.73717253796052
1.54050849197465 -0.795466937029814 -0.791941288675812
0.90307032285647 0.854922128562963 -1.47526002800626
-0.59903873196376 1.69401815933893 -0.829947440708466
-0.948976566737528 0.639564445065065 0.524808640269459
-0.757539473597642 -1.0016216710077 1.62518971152172
1.01267973168096 -1.12300604647124 0.454358002591345
1.66278048683577 -0.339951725547975 -0.97790326647509
