-0.752499174044838 1.68384607643622 -0.830797463811926
-1.72992671102466 0.779606682380294 0.846136823025243
-0.547274071972484 -0.919128115188901 1.55730587157662
0.952064283850507 -1.23598232001704 0.402381067216659
1.48983264974533 -0.803542638302752 -1.06317932878187
0.304398818438936 0.983396317440841 -1.37712931041317
-0.82516650145341 1.42538117140041 -0.766815708970718
-1.37934971861908 -0.0218819370905854 0.548608128427217
-0.654874290989558 -1.3239425535585 1.3538214405515
0.552920669475144 -1.615081760114 0.28291801409103
1.20705959796578 -0.984216901787433 -1.39799417807658
0.222591595293826 0.244271001355981 -1.43769346674405
-1.09857168184478 1.0554232090944 -0.625765305123201
-1.61612741108531 0.290005827610588 0.214488618560993
-1.24543908365314 -0.968810716076738 1.27034949247464
0.0319584393887272 -1.29986967742675 0.786019395796284
1.42025467198839 -1.09367491760201 -0.919331509991654
0.635925290386321 0.327535700729174 -1.49985623683678
-0.54511105833083 1.28689757352932 -1.21041823393993
-1.07396087600043 0.670083131339219 0.275349454736514
-0.94882350329228 -0.849632528132226 1.34064991985636
0.634036277144102 -1.21301395655475 0.651860292406283
1.39850238113993 -0.76840302928252 -0.602170267564118
0.217736424767224 0.558843386707247 -1.47947146867883
-0.541177378878909 1.02744832540882 -0.657633806070764
-1.10620178392796 0.193539843497469 0.811742413035329
-0.422209793686136 -1.08710300778321 1.15264770925011
1.1979000726684 -1.13312234473972 -0.0696406150910081
1.14497437306254 -0.40671352524511 -0.672565412525504
-0.351688663592523 0.861690889712927 -1.27798898368186
-1.03110702672073 1.17515298550173 -0.509404598127241
-1.13266300865006 -0.143977527065157 0.876514388992685
-0.695738126255773 -1.23258616516929 1.20196248901695
0.943101580204481 -1.3516035380337 -0.488818160047445
0.758086234488494 -0.253546992231761 -1.28973916543541
-0.197878519799006 0.750772837431717 -1.20982866432458
-1.17609443237514 0.968737250251954 -0.325177777375998
-1.35672063168845 -0.273955331435625 1.01880827145253
-0.287992870278385 -1.11193534114291 0.769730536589717
1.21406201878368 -1.16849712692458 -0.133310254444894
0.794497376854962 -0.270822183672562 -1.12649343503783
-0.501098275261097 1.20913584614108 -0.964007867952442
-1.38405208718453 0.774088055351869 0.0943324480830503
-1.13606114384554 -0.532947686913212 1.08072287732481
0.361782711125072 -1.15805146852176 0.864255283418768
1.16957662537606 -1.10121327239603 -0.53992482833443
0.603196123379561 0.230749834260121 -0.968671555689628
-0.797197275386403 1.17313448868355 -0.884332185192146
-1.45504703995296 0.554075983651297 0.325924306577531
-1.11390219760255 -0.992997225437623 1.25529095218215
0.419649447712533 -1.17597019868458 0.440493071803822
1.37694263048866 -0.795113267442726 -0.747657575180782
0.589465055801483 0.660241050484614 -1.23597433364148
-0.957032307191483 1.17775405377192 -0.943961848832202
-1.16512527374117 0.561677848874618 0.370778521839878
-0.506043408442694 -0.812149601986464 1.34603114568081
0.658747286047802 -1.3184781973306 0.322229099663581
1.17855800896603 -0.683910935072268 -1.1312438320941
0.493649432745238 0.974322141541428 -1.11936871870455
-1.00815172838209 1.36121354041995 -0.291033329938484
-0.948832212630336 0.126217180948989 0.60401006927166
-0.356936138269962 -0.910058337876788 1.20160690731424
1.296255619878 -0.973272532294324 -0.376047833785916
0.962296586268303 0.357529897551819 -0.941727750679417
-0.666046109404863 1.32301372744281 -0.879833948342254
-1.23775298855989 0.546020917213172 0.462034588228923
-0.492143305377502 -0.592498964322814 1.48303808266383
0.698925826043636 -1.1928673221266 0.37614400976374
1.39332180019904 0.0842527946354368 -0.709324090039748
0.0262962436651629 1.18039920841706 -0.974373012359822
-0.712932640033656 1.13103575075553 -0.0733286511353392
-0.767021866442781 -0.160413885560962 1.71870128003665
0.274911232592807 -1.16046169576045 0.795103938634793
1.78067280206356 -0.491445228359282 -0.49816587313247
0.863254703834465 0.965970329652983 -1.1098721465323
-0.996911426969205 1.67574465502691 -0.205160352700329
-0.956980011013132 0.265811326642949 1.62011018245578
0.17012267454547 -0.936710666487173 1.23544223020177
1.66718949221343 -0.672490298390326 -0.385584779811764
0.994138520146684 0.790894316946148 -1.01299841385474
-0.4674599559923 1.71188037907428 -0.383985717873171
-1.03754507753642 0.695093925985395 1.31528387518797
-0.0196674724809832 -0.723665479445488 1.7093786448764
1.80912525014876 -0.788387753887547 -0.437973353152835
1.049528358258 0.840056223476259 -1.0322081044763
-0.585220955826645 2.01522247974235 -0.49104131655318
-1.11917507873532 0.14665645147938 1.58998278672289
0.466562336973386 -1.10902772068296 1.90481519267744
1.90510252157664 -0.951909148072182 -0.203735618762295
1.32082196994068 0.883795086761055 -1.10500746618842
-0.359021130335543 2.4285166898524 -0.555996751253411
-1.1007474661389 0.476330734971029 1.43574366482867
-0.273834922129206 -0.820293492210358 1.84754747630164
1.30506976041847 -0.893023411167995 -0.0969727771655109
1.31911611981458 0.425461240166855 -1.09708909513709
-0.424803226527252 2.04632462903008 -0.768731636856984
-0.989698176415234 1.09558818921286 1.07403279317596
-0.144343228754804 -0.69440275396285 1.94262806783596
1.41296933070245 -1.06203069912171 0.32108672936485
1.71022921815562 0.0639941900983962 -0.961484436725324
