-1.2216534363291 -0.583440074278617 1.40505936949987 0.93010263716569
-1.51930152690346 -0.960366012956382 2.00089950600438 1.43416610759171
-1.59516157480763 -1.37153051501888 2.10906572112555 1.94118806272265
-1.57358780459674 -1.77320297380411 2.25813063254608 2.03162948618507
-1.18737675220988 -1.94536457327844 2.03209209447662 2.20505650020218
-1.12667409203313 -1.99416440373628 1.67569930629464 2.03116830274569
-0.210029041129989 -1.92047967288927 1.01123285548234 1.3883595540568
1.17684949817801 -1.99021706799022 -0.0517684168278027 0.636896984872023
2.89761704100095 -1.21920015980268 -0.92116715322675 -0.743661873381711
3.09478149107592 -0.224331902104131 -1.10435539058253 -1.45142221597233
2.13778854504248 0.699312514310302 -1.00556917816434 -1.99116965558184
0.771205782064288 1.45053179834753 -1.19136045324023 -2.35049658082528
-0.497015107263872 2.06714367170869 -1.29408826150396 -1.79778378422832
-0.463698377996783 1.58376618405755 -1.02502385454448 -1.17482111855943
-0.633609158728652 1.22770341633575 -0.742070593279774 -0.371307759203447
-0.185880501861539 0.951944340811954 -0.759338414865794 -0.221887931421754
-0.221549048007937 0.304902665161344 -0.876362036079715 -0.0988707235569232
0.0428848483548105 0.356376847794393 -0.855111065808033 0.017731325495718
0.131910849283563 0.622528031072552 -0.609340542332281 -0.261866406932478
0.134405100351695 0.436241827990758 -0.736580547502555 -0.37305362028609
0.443232407797759 0.238119580722548 -0.264139819795138 -0.227140238665551
0.0342785807273592 0.466847618109676 -0.287894621679575 -0.518972950623186
0.079432667765591 0.416408777210549 -0.33272058668134 -0.541322570712806
0.0627515117494893 0.443263352232741 -0.148590480037536 -0.422975945703612
0.0302744675563618 0.4732419735882 -0.0906087008851347 -0.158142301440934
-0.199496771869669 0.354802837092314 -0.113083548498379 -0.145595620811702
-0.405453265832478 0.342261682968919 0.252350401876655 -0.00885916876899852
-0.521382208918999 0.20128301221367 0.48656785875251 0.234241020806022
-0.465700049770193 -0.229422892694358 1.07676127375997 0.176910931612286
-0.873558725950178 -0.484378239519073 1.13885986314477 0.587281247909522
-0.899271689247687 -0.855471128621504 1.316994923952 0.981931195425074
-0.828595884742019 -0.898463690488221 1.70006179923319 1.24877559948149
-0.863682300834398 -1.31773597127726 1.26922131667734 1.31114412150756
-0.395743786104164 -1.09872558761996 0.796372821516091 1.29007169207369
0.130193824958667 -1.23848160590209 0.374805181477476 0.837526960755289
1.18206030341161 -0.877474692086574 -0.385717556701363 0.389326557054602
1.82029076989888 -0.572515478774493 -0.79030980773979 -0.475193326784232
1.7999180782298 0.250996212729315 -0.971407344379601 -1.21583396685006
1.11044149249104 0.856045552130303 -1.25769992696312 -1.21921227253095
0.147309059326727 1.26504696744452 -1.12107093809788 -1.32010833535492
-0.0622345209759994 1.52845202285052 -1.11639834034618 -1.08260077565516
-0.234944993803357 1.42413194707251 -1.10416343099874 -0.814316803375304
-0.306437156928951 0.802982502897177 -0.706934724126358 -0.301055777234781
-0.341928198872033 0.735971916033525 -0.329613434627779 -0.0899703559354152
-0.629550675418522 0.449151741366652 -0.0086679318145394 0.246074507565191
-0.660762496208162 0.0885171765952781 -0.231706588745955 0.193337459076161
-0.427162723002898 -0.0480706273920904 0.0909546730388918 0.2518938405718
-0.716902416327941 -0.394723502847965 0.862903399786402 0.874845558527238
-0.621617342289277 -0.46324804764724 0.644452490108208 0.543750099343235
-0.370568272343026 -0.512048575646037 0.922727468724843 0.647504822888831
-0.2755202573115 -0.748606779478278 0.603952857594664 0.549697859131976
0.0988349138722563 -0.801244643133467 0.237979858465612 0.338409934000495
0.590181408319411 -0.515200293924262 -0.245989467719775 0.108682951125031
0.947242361560635 -0.296860222898741 -0.321521399138158 0.0875440712027769
1.163580079334 -0.054827602337496 -0.834574574503507 -0.656610868144141
1.10136886425058 0.641772062220532 -0.958712649421041 -0.827034589140498
0.849690540279258 1.12867103031641 -0.925762701618159 -0.97058581318704
0.438993302697919 0.973031514979228 -0.822952440553248 -1.05245567668777
-0.246686720785868 1.26565135346143 -0.93525651753565 -0.643019920466724
0.138576073580156 1.01917001069179 -0.663300037401559 -0.736248772901927
-0.735134290815852 0.704225274448869 -0.17959488657341 -0.471072659116951
-0.709933477568847 0.439173987288114 -0.142110521529747 -0.293667821576108
-0.909284171016059 0.153888452392574 0.352162822205309 0.177704714236996
-0.549922930421094 -0.0673803829603729 0.845654443621472 0.350073056400542
-0.633803638510195 -0.40604153567349 0.967424360677741 0.626702772073252
-0.806234026627117 -0.633087087149428 1.11607036934908 0.780735919033357
-0.607914775477282 -0.849010303104483 1.02553321118797 0.890784116177945
-0.467047428003867 -0.987157859630857 0.855246531784048 0.890994817449472
0.247465611354208 -0.987574300521664 0.407035528409042 0.835472075048536
0.701195206357426 -0.78148820242079 0.0605739071227305 0.547209358548218
1.07080558117976 -0.63386138290349 -0.337899496102674 -0.103443598424473
1.22725921340551 0.122670082337664 -0.695311029275012 -0.299319153553702
1.33076270815221 0.596968628747897 -0.779417670054202 -1.01565361760239
0.428904521136858 1.03369184068761 -1.04248551224479 -1.26964623397553
-0.116586253198823 1.2760328165351 -0.941411247611936 -1.06755498974438
0.0960473666465315 1.36098405345033 -0.802944776759576 -1.19253254793049
-0.300082958942335 1.00216024907624 -0.919384616397829 -0.673276549789205
-0.463158296614686 0.691430292764362 -0.37294775463326 -0.461678517161351
-0.594597533666662 0.512248322171977 0.161577126031999 0.0747253668945112
-0.713323357214505 -0.0494506570347033 0.696218175895464 0.451021570727128
-1.14679614644845 -0.365842924509209 1.59052227494272 0.833623100494111
-1.31334242963654 -0.776289054301009 1.68060173164853 0.74471473300507
-1.2657373528558 -1.15376177632873 2.06785191907939 1.39818219502428
-1.4938528360775 -1.28960273478068 1.86905326910392 1.64214699493397
-1.32891497480924 -1.62868589121866 1.93496183707449 1.72732084554724
-0.945529663241631 -1.89540995689866 1.40261751810614 1.73033288988616
0.236423083141008 -1.52174323449149 0.900107393959656 1.55799283393843
1.29123828560404 -1.35028631725714 -0.141841998267189 1.18037683266755
2.76239901117685 -1.15131460708884 -0.892401700686878 -0.224120563680819
2.75377484424506 -0.0701654637688079 -1.24095024918846 -1.42713521288426
1.91633994548328 0.721532019746465 -1.26741535206312 -1.83074262453478
0.748140201249971 1.8101090493742 -1.25645210216686 -1.86840715325382
-0.156130062775227 1.78552346022797 -1.17207018439693 -1.50385947641957
-0.444207637495392 1.52658203065585 -1.0390681129569 -0.947879218344586
-0.561311489129769 1.23567013210984 -0.909701230328861 -0.715906386266586
-0.174948454433744 0.882244682368215 -0.795311134472465 -0.0753273094308563
-0.0629580361614251 0.375645697037638 -0.614644978433881 0.0320645083105999
-0.00622091780781483 0.193720229117505 -0.257213118181224 -0.115075699766155
-0.0906915012870021 0.242951192053751 -0.117470616717324 0.0452644285033762
0.0135520773509517 0.254225975079814 -0.141376326727525 -0.21279546561524
