-0.852291849171559 -0.83685380367053 1.17473238250995 0.62965159333715
-0.788246899734883 -0.998134836491656 1.28432518904539 1.07311239947393
-0.396045061205457 -1.30310319609892 0.90277718612818 0.963443005474943
-0.432123537893954 -1.17651902923435 0.666796925580014 1.17768840917308
0.986009487738611 -1.1006736653239 0.166993886464537 0.521962924607931
1.72141653420931 -1.02094331063836 -0.727619395425566 -0.168196925856869
2.31309629698595 0.0561885031270029 -1.15207007308756 -1.00229096103359
1.6694324498644 0.711512954096532 -1.16068708268638 -1.45951527241256
1.08093464052149 1.11961480839619 -1.17862755569175 -1.26143552447679
0.408516451096359 1.43679948161754 -1.21853434877614 -1.37624448965469
-0.22185949219328 1.42012011859259 -0.909863848462336 -0.611716647535929
-0.328429419967122 1.16948674583898 -0.539684806890722 -0.797472313261507
-0.332229926309795 0.91823916358814 -0.845070819521875 -0.575426329097617
-0.738266301837474 0.755554871019444 -0.25022286599401 -0.0858224378372452
-0.868819743815449 0.255385354974826 0.389049038996685 -0.012295416757412
-1.164509329653 -0.249108249428401 0.892897827561923 0.509746718960589
-1.24433613297567 -0.390583847282468 1.58789380879015 0.822374549745457
-1.41059132830428 -1.1217643543596 1.99892766249901 1.60131533710553
-1.562618324963 -1.29205169549905 2.17718104586016 1.83916094689876
-1.41505662081456 -1.58052778038212 2.50437819244231 1.88484612786607
-1.32146855863132 -1.78720639840659 2.05220864898223 2.0600918449398
-0.839366897116129 -2.03351515200308 1.75609638951276 2.10442097912027
0.104529800576296 -2.21054261583121 0.874426456956119 1.7351125716877
1.45524443669531 -1.95657922940377 -0.158324224404138 0.582254233147208
3.15600067825086 -1.61854036966905 -1.36710494971344 -0.529646733045272
3.37412976519597 -0.166879235718751 -1.30165042530439 -1.89476350583794
1.89318683459973 0.993253970848499 -1.0391428048665 -1.93585478829264
0.335480838084523 1.84676573769178 -1.48585334759553 -2.45882183294805
-0.145824514079417 2.02301466269215 -1.08737186070166 -1.84281377086428
-0.654662025601412 1.76022201709997 -0.953357742558523 -1.31835424068649
-0.447928241012518 1.2692478401547 -0.999425265177484 -0.464930663178121
-0.260449752459321 0.892125826160018 -0.898183006867435 -0.477934127530606
-0.342396937295708 0.791786123103269 -0.863679081380712 -0.205999962545709
0.304900904336389 0.674848564863565 -0.689735468678817 0.066328317248045
0.249688057485378 0.221600325239237 -0.780256764186578 -0.212863518291079
0.564101196754917 0.440511465515613 -0.56534282788377 -0.272259403277295
0.246341955019256 0.471550229826306 -0.235101442803632 -0.237646574622595
0.146718761186285 0.511649647742109 -0.607911374967258 -0.415509122852758
0.216020838233568 0.314612115502571 -0.21888637019044 -0.610097414516281
0.109336231079956 0.508466832346642 -0.198841441287651 -0.495874268557518
0.0370186399223423 0.337647486733711 -0.263590139423606 -0.516245349613309
-0.0364622372662236 0.283694922114773 -0.338226173755792 -0.358475196361036
-0.33491672570446 0.305733861811505 0.073964622947808 0.0239421118528704
-0.411522784665952 0.00696085793411151 0.651799773585888 0.283517611189956
-0.772976074127991 -0.236696171150608 0.864227029419862 0.494463103954963
-1.04941327309538 -0.466451736960103 1.00363380230509 0.7512981340164
-1.25738824879177 -0.979415318879056 1.29982483410737 1.07924014812811
-1.19711720268646 -1.0340989152167 1.5561804633545 1.28096750011584
-0.880975166455195 -1.43817165173171 1.4294766029572 1.57381408417617
-0.339149770080415 -1.53752951415449 0.86603376735951 1.23319998609415
0.152925221101387 -1.28271661524391 0.226984368793205 0.74373319255144
1.00148772530044 -0.697327628369533 -0.360194152763376 0.270256674906184
1.84103260741131 -0.649885322714113 -0.997523114182786 -0.584899951826135
1.59727759559192 0.341406284890572 -0.960828296484694 -1.14164701779926
1.18963017941931 1.09260359976076 -1.13141676538854 -1.33102670699361
0.814632730098513 1.52026359347491 -0.947020159429172 -1.47004536924478
0.0828225904200436 1.57315043511316 -1.17468678689527 -1.1700512950213
-0.436247046513809 1.54673889176978 -1.13610706767257 -0.853200439285605
-0.426626250723553 0.950292574828005 -0.809647528661411 -0.63228418252148
-0.690710883340039 0.681244924071351 -0.429589858638752 -0.303317494874538
-0.186337876828708 0.345444717009357 -0.094923884689397 -0.0271010644093522
-0.326073071021718 0.148516789494433 0.29951148584235 0.222239143672012
-0.473592678295059 -0.187143691984603 0.560697765609278 0.588015042236711
-0.64397737761091 -0.385693466805232 0.628577352721762 0.691155162588984
-0.848325610950045 -0.527191581259488 0.663204266202909 0.723165831701941
-0.543590764103296 -0.641609635865115 0.809420723558909 0.704677924762146
-0.209034948717588 -0.819910568073643 0.644079299902085 0.980885535444361
0.330910784558211 -0.763744787032143 0.484988570437147 0.618744799736215
0.603392227067333 -0.599871069760172 -0.217851832564151 0.638355346819518
0.854975884405152 -0.255650139504169 -0.423955211482702 -0.146095965862285
1.38013528717315 0.01496372882569 -0.844740285575389 -0.814667047242374
1.02676082966159 0.555540083310876 -0.641868893977106 -0.876030626357567
0.990289955788424 0.937906598208406 -1.34021729614477 -1.3991664620184
0.268499481877177 1.38181708373976 -0.806681595043311 -0.686092879147132
-0.0252340518275251 1.01346344343397 -0.778048065709922 -0.76335543030875
-0.0192255479464495 1.07500062284209 -0.882633101588768 -0.655928260997104
-0.315818035847346 0.755672854360367 -0.47113164760109 -0.556603272828747
0.0504401972369476 0.571833303933042 -0.0128623217851089 -0.187265618482767
-0.732090758533857 0.0953570984106584 0.308261386289303 0.151782982802385
-0.603765284585778 0.103314738251622 0.547344352293402 0.284607093634428
-0.818073136230536 -0.369723087939265 0.717699619420154 0.69913822992556
-0.785683958901609 -0.502574855901841 1.12489115939975 0.947087522149611
-0.641870017421073 -0.734127437210792 0.849835293416425 0.995750030435778
-0.316924788676318 -0.917442029679466 0.89718005450032 1.40489188030806
0.0660606377073584 -1.08579933838513 0.638558393625346 0.861897077740909
0.484579325925624 -0.667676898132788 0.02595275676267 0.424259608167586
1.58597252214654 -0.478296252318637 -0.692110288730187 -0.335653656729199
1.52684891116585 0.0605394688050895 -0.974593187829335 -0.553525658300415
1.38142520168379 0.392611562725458 -0.994765815299646 -1.03222101255034
0.911766449876705 0.996513754464278 -1.02236210381639 -1.22579770228439
0.142208764878313 1.25234935799282 -1.10478564441842 -1.52260969218403
-0.154422376445717 1.15788110524496 -0.946772064743683 -0.658797771487225
-0.130179589938071 1.09666449934218 -0.450423231292756 -0.70034672982979
-0.293437139047828 0.668925978677875 -0.408428068628946 -0.332395345713305
-1.05468331599458 0.368598540881999 0.248955434253183 -0.163399030278824
-0.863000511604257 -0.0776493050653351 0.596570961799299 0.479674505500318
-1.27032726398868 -0.432417325310825 1.44363789447728 0.965646332663033
-1.25620181809463 -0.778707753096482 1.57053905514144 1.15476920452236
-1.17269911253807 -1.04474053559147 1.59202932100799 1.41291994417108
-1.37058431469575 -1.7594207197166 2.03778872650051 1.46642677076832
