-0.956024466513243 0.477347072808493
-1.08372391983553 -0.353863069347883
-0.763570757127519 -0.65411257087653
-0.472599095704919 -0.99670345419512
0.19154914443062 -1.19517363292882
1.21311817435607 -0.815494012926835
2.34651010369419 0.0118350550495969
1.02584508124295 1.58958257438221
-0.350292061602087 1.83763600475691
-0.971685373294295 0.92314091848722
-0.922708068881152 0.270803333782918
-0.909598633484325 -0.618556347999324
-0.59117381785406 -0.882990594814329
-0.277633623099224 -1.12288296483626
0.572240453732508 -1.11749223471634
1.76186085731047 -0.718669418175544
1.79580902487229 0.664670620537497
0.302546062313831 1.85959754726237
-0.755861957147987 1.53233157514236
-0.906814607721476 0.562572277818833
-0.974815420100291 -0.238537367131438
-0.812010392207034 -0.594711478930713
-0.640370290552523 -0.831299530323796
0.18795580441648 -0.989950633370911
1.19087182329415 -0.928458514400627
1.97321667560904 -0.160352582481517
1.08531985051245 1.44037179131607
-0.367385976005793 1.69194521235985
-0.778579898246201 0.927832396808269
-0.918754411379752 0.167818621935275
-0.906567498283083 -0.503788711390382
-0.66528986467003 -0.912191795729399
-0.180402642645848 -1.10200904619321
0.589449716589225 -1.03732196090063
1.70602624042556 -0.534936355247391
1.52925233691255 0.781884484794808
0.171134596880458 1.7906141165379
-0.828257857357246 1.27856470040856
-0.917743153919291 0.340994736271374
-0.946293219109443 -0.299617767299858
-0.676626817157235 -0.726626601968764
-0.450344717769433 -0.993910374226716
0.148630060515399 -1.10856841356826
1.35454989239661 -0.801246361039135
2.12396461703052 0.101274976955296
0.772683346049343 1.73505288273381
-0.571838404252723 1.65956664816909
-0.856112168891112 0.742900678128452
-0.959645097438786 -0.263767434444872
-0.916883720001755 -0.672373971759629
-0.701949825881203 -0.894292066993909
0.034602337817487 -0.872111993519147
0.708409825442613 -1.06155426060373
1.79845025420151 -0.439540473579826
1.56944401462948 0.984901188514644
-0.121627821665722 1.95797653292727
-0.729541862504083 1.29310091836725
-0.856112478868045 0.189995533374522
-0.980566679599854 -0.333707166239651
-0.705715695977639 -0.880662303293726
-0.369942638221845 -1.02085900745259
0.313224732802363 -1.18288786429882
1.47999246961032 -0.686054871722111
2.02204267191792 0.257781454666365
0.74929739523238 1.65941322360593
-0.480870385384728 1.5781627190994
-0.902238318931872 0.66238285720656
-1.11700271017105 0.0726862454663341
-0.692234994775263 -0.533111284118764
-0.681147820808019 -0.905558158585383
-0.0748381128567091 -1.16259264432597
0.719405968545199 -0.841205880306606
1.78179349630056 -0.445906977949068
1.26103882619731 1.2200872638666
-0.079243591813135 1.55619436996456
-0.73561759111773 1.28189454260832
-0.971523808998863 0.208201760697735
-0.939754235587283 -0.344920357736463
-0.831610341905176 -0.670746897817414
-0.466098316005351 -1.07679420692466
0.411907489124578 -0.91736373229578
1.37699105353888 -0.70706683599993
1.84655251572083 0.275021436791125
0.501218269537359 1.68343517743404
-0.530494153988461 1.56342516168312
-0.831861051090512 0.734906991296233
-1.03304364002728 -0.0722082580242686
-0.831248758718282 -0.591742599928846
-0.656457692621848 -0.979162020583018
-0.13610154843874 -1.05734704696627
0.9157230002741 -0.890092137453491
1.78766835605854 -0.484789229809269
1.42288474608914 1.0552345655556
-0.187719759690717 1.80223238234873
-0.827476495835396 1.10150465482601
-0.960966419268543 0.162390416006915
-1.0024640714611 -0.438304667364674
-0.793195581973129 -0.870288745736637
-0.426683827188873 -1.04856371814297
0.241776878004533 -1.10422501375722
