1.20724558245745 0.589649049153111 -0.730179540700885
0.343622438531592 0.843183205583188 -0.531741653130279
-0.343683787582585 1.42280985194205 0.509168498143675
-0.706808633564418 0.159699777267033 1.27681911938216
0.191396376487756 -0.384920994432013 0.928672842578241
1.04218230137572 -0.627173506555572 0.232959401486678
0.827725189546476 0.102447270353448 -0.844775965439798
0.422163415330173 1.02782503436235 -1.03111456668963
-0.389258355445945 0.852245312937066 -0.00983839910227318
-0.50646180502763 0.354580144171977 0.451734928586588
0.0230878478624509 -0.485003389620669 0.761621040560346
1.15653291941139 -0.487220838548002 0.21743666231316
0.727167615245894 -0.0464971803922323 -0.335335958688097
0.184947065556165 1.2044962878933 -0.515391435818405
-0.812524104926387 0.789654727808068 0.190619876850477
-0.217624999298389 -0.785164867884966 1.0600101144377
-0.000823928713958835 -0.974658399906983 0.519932168457417
1.12635959048875 -0.739505603489578 -0.554243517758091
0.635705264995395 0.043916684179519 -0.945900194701711
-0.324595732858397 0.524318766457311 -0.730124247485148
-0.571531034523138 0.6177924343177 0.483370448914787
-0.703435271224824 -0.715902454298861 1.10954151189425
0.441768842706327 -0.559754762073233 1.06034366576428
1.39067571277164 -0.417772138061715 -0.163863094792705
0.844733572234426 0.632778200987204 -0.787578426770002
-0.558922226291208 0.844728618240218 -0.353912332118923
-1.16245046629901 0.499913013280944 0.708337711077534
-0.21050252077163 -0.277503222098076 0.680528378288736
0.776438211734761 -1.08874692190144 0.789210788934829
1.05585741571012 -0.604212619323179 -0.284284325108032
0.309398542463301 0.340581723186107 -0.789983540438034
-0.847168766427924 1.04559042507069 -0.530191928357664
-1.14170237744293 0.376190761806137 0.56806786791275
-0.675931813741038 -0.663318768097079 0.999101382468202
0.187726117212801 -0.871467170049657 0.845958750064754
0.917215142511168 -0.671958491449648 -0.748718238661613
0.80527857676921 0.299550197900746 -1.0638353616384
-1.09110482467359 0.589678524788796 -0.612758700708805
-1.48288003744501 0.635737802365194 0.215808134809076
-0.501189274541231 -0.249569977106374 1.38941198469564
0.309035711332932 -1.09925223029558 0.641936715354844
0.967685988213893 -0.712341316133481 -0.428518664758199
0.255707773833309 0.46394416653061 -0.860617574266046
-0.401295113029253 1.03309291711469 -0.615489783219253
-1.02478543767187 0.591897813583129 -0.0946683845806868
-0.495791483918478 -0.254450254368721 1.15367452182026
0.349462499276925 -0.971147466658233 0.769510914208909
1.25546928435307 -0.463484734258942 -0.338287411970555
0.865110719364747 0.50739038970825 -0.983133252567554
-0.604834575984679 1.49461406964528 -0.0750805525209147
-0.927618112971361 1.1367709384074 0.845346626044704
-0.466148077299412 -0.318468164899928 1.40991376357635
0.595088025331191 -1.42038016948644 0.559740962083978
0.900406071827196 0.0209253098073025 -0.138422518568686
0.799561344381531 0.391944198346843 -1.06367534592657
-0.159525188287838 1.1813057886079 -0.831384276450853
-1.06305949105798 1.03410369738507 0.929467651971837
-0.86373530266238 0.0446881396326123 0.899248673460543
0.433439326916628 -1.07685426373687 0.51622146098386
1.40667810298963 -0.857058320541131 -0.681639013984222
0.666343180052026 0.666475593545016 -1.13515663876261
-0.604069838978739 1.24584170075888 -0.409514948896364
-1.42045543814623 0.655012008508752 0.256655352633076
-0.87899773034111 -0.667852109857892 1.29724696785528
0.415687067708442 -1.30845022440618 1.05836965017774
1.50326485533853 -0.761687694667562 -0.448836062067462
1.25601793678451 0.147367677144814 -1.75552454356329
-0.339644773293985 1.78389809881425 -1.11648366127281
-1.67870392635201 1.32980803214833 0.231116081741818
-1.37933314338964 -0.463826897978522 1.96278698457829
0.426232178173178 -1.53759542511794 0.992099240856238
0.955342065624506 -1.30471126855265 -0.30011076287549
1.52951394415325 -0.213714301747641 -1.86304304527917
-0.760600518220239 1.58325793320266 -1.79605341103956
-1.72457406042105 1.57251557235908 0.077855399972115
-1.91197673114882 -0.147011127793229 1.59573991391933
-1.03928714832615 -1.63355288117762 1.60242582800915
1.14092414284784 -2.06229032918653 0.123451814974355
1.64228741255138 -1.00148275645114 -1.20305863863047
0.746175288205633 0.368242904810387 -1.99145789889215
-1.2236140642695 1.69250473745962 -1.66644338215213
-1.83032529133925 0.805805223325296 0.644495374044089
-1.1805407545004 -1.074041948305 1.54184335391927
0.333370403804299 -2.09386874065961 1.47792544875367
1.76102254216478 -1.38556030259877 -0.479688496018137
1.24546946131672 0.033439294497961 -1.47173985770412
-0.712617046159331 1.98448477159456 -1.50940504427112
-1.89401143040259 1.79566353474664 -0.204282856980811
-1.80279447421806 -0.261724384584013 1.50363544573441
-0.586778292870404 -1.45911338887676 1.78771251067461
1.18666939956595 -1.79778547580536 0.541547521755285
1.9252195322581 -1.01936455815459 -1.40002410909956
0.794505689769538 0.761554717495008 -1.75611600601691
-0.909606750712247 1.5472321753327 -1.13874788446375
-1.6595534779391 0.953573928769561 0.3055908183501
-1.1561253983779 -0.930646267829244 1.83617631830154
-0.0807648808704307 -1.52939027439804 1.1742647036371
1.79806167845325 -1.80183039615586 -0.467119977746193
1.21891845751306 -0.00688866337971531 -1.76331093774021
-0.27012991154933 1.66145449601772 -1.18384892661967
