-0.668070464125459 -0.232583498054927 0.799465875345426
-0.178879442707674 -0.939130511780505 0.84898859200959
0.450339712528717 -1.07356396862317 -0.0168237544102618
0.822084313207287 0.0357204823073256 -1.26727744788762
-0.0887423341008614 1.03761464379966 -1.07816812886355
-1.27921983484851 0.985303516213396 -0.0424711616335287
-1.4180962908798 -0.051800935897576 0.994984605370993
-0.0034130965973733 -1.23449461595848 0.45605801555143
1.09579094883189 -1.13022753516725 -0.273743586629963
1.15517996975387 0.0553368047762974 -1.10270536173628
-0.424522738976514 1.10134303990431 -1.28069811590748
-1.49234033825737 0.785517969654639 0.166549435861662
-0.837889503252676 -0.233305608173582 1.08496275638905
0.414274821808175 -1.1453120804677 0.522696503261888
1.46622530676757 -0.689355758474265 -0.618209898654641
0.513090421323087 0.577134800319194 -1.09205458301085
-0.484742117475564 1.30266515603387 -0.452176911778706
-1.05808683923431 0.1432797215756 1.1202582592023
0.314844017069551 -1.01669450641184 1.1553541398356
1.34754208231227 -0.888371442759579 -0.245191933591964
1.26714603057237 0.078961582120794 -1.1199467335155
-0.430411184175732 1.59078642740166 -1.35157293244887
-1.21238390074566 1.12558158265067 0.505128680046883
-0.88590074011148 -0.420421404332933 1.87999632607529
0.274521978133052 -1.36064318893052 0.778582947956591
1.90513903078709 -0.970823049823759 -0.630734125410021
0.684955873823886 0.631841143898045 -1.7790224907301
-0.842641190917031 1.95277459445398 -0.949179285667051
-1.37732348074817 0.857309912504839 0.58345093602762
-0.804741410856703 -1.26988420936753 1.83433460197512
0.779929370750468 -1.39837757860692 0.817800855305735
1.60147291552688 -0.837491884231753 -0.871155627470732
0.547670320707216 1.01698862116681 -1.4731756309472
-1.18732598634721 1.60764714015437 -0.566868279208915
-1.64520797345386 0.255947070182354 0.738276539486801
-0.39003806266063 -1.07050529890649 1.69658788508098
0.822270846062986 -1.47372347371161 0.363912806741137
1.56104496356056 -0.811799842878661 -1.33703397257225
0.423768050061307 0.68748437669201 -1.54538990902557
-1.03617371047294 1.24599399633643 -0.880202733813431
-1.26222851602523 0.399412989161203 0.553527690193466
-1.07929030092647 -0.815089768249064 1.43802797117842
0.268386600667675 -1.26638940008262 0.690236477512855
1.45688164347665 -1.14413724559219 -1.00415262874791
0.993787945730182 0.517057437081414 -1.26717322719419
-1.08730554020477 1.46616058449841 -1.03001773179642
-1.33399762084392 0.609363591726322 0.172839556866219
-1.03908116329109 -0.719621872160173 1.35699177723539
0.7029716903526 -1.36003162567188 0.939944734327585
1.58047576923092 -0.615462444909101 -0.642036012980946
0.752246735023288 0.614125740046174 -1.22719303417087
-0.999325479994305 1.60575334839795 -0.572550437402253
-1.22498602811273 0.386644773667304 1.14910882140971
-0.236741951922826 -1.00725284960735 1.26733699531367
0.989721449457274 -1.04104757971104 0.190115026948126
1.12981600333936 -0.185249779179158 -1.03118332299998
-0.0545453332683876 1.08146367109125 -1.22012678041344
-0.97463553528353 1.30100679445689 -0.410819265075822
-0.927776719272426 -0.254890073844096 0.827424037912088
-0.361260925980945 -1.369537978496 1.18085401599941
1.06881741545797 -1.09560453085499 -0.0166778194155197
0.85554100440236 -0.304927022120635 -1.23030094648237
-0.21914645532252 0.809173654540704 -1.07268623794914
-1.00935206758842 1.16707152679661 -0.139154135599656
-1.07239999610729 -0.221194598782652 0.753164664429507
-0.28519916500335 -0.743908536674722 1.09210253833354
1.06588581163608 -0.870864880315019 -0.0681758786838226
1.19157540831912 0.0837066885507412 -1.25447201312385
-0.362866144240101 1.13345412669054 -1.08451964458444
-1.10150450597722 1.47260417861662 0.0844783848874211
-1.12154521902108 -0.351372156889365 1.14140611285303
-0.152071144629094 -0.856481466783752 1.12068735679992
1.50355715135261 -0.936991473137988 -0.227582779486681
0.76043033823575 0.348881978460714 -1.24815119334006
-0.722729006681375 1.635483115888 -0.808118523114862
-1.4825893239878 0.675377438776995 0.349808122123401
-0.852923716861895 -0.768345006295422 1.62003469114562
0.83046122742669 -1.29280848910949 0.699011073871881
1.97461510888031 -0.992069426504312 -0.658360099336196
0.93220282338894 0.812112888862562 -1.09476316210989
-0.636763356417754 1.7877956465557 -0.99668638879194
-1.4196699077053 0.639305142904072 0.82479950534293
-0.629954617167835 -0.94550312748693 1.62987671831435
1.14722717152622 -1.41222473764853 0.235378126410365
1.69717701771458 -0.645427262765603 -0.92052944282636
0.426888894195576 1.30163775859479 -1.08810388580767
-0.577617855852902 1.43191877050572 -0.383500583079964
-0.8118561850453 0.220630509117827 1.22101268480417
-0.448780243875289 -0.761549400508519 1.44093398603119
1.29425670045901 -0.820276015081476 0.00120347128203415
0.963100619115369 0.33285376005568 -0.86875359142509
-0.349679644643349 1.72062771795378 -0.821629256164917
-0.899829991652887 0.815437797224768 0.581766213983483
-0.482001578512989 -0.865463537978431 1.52097764829112
1.17988352825236 -0.818236689873963 0.59055242100628
1.51034584283104 -0.339170902318915 -0.793229275895686
0.428175570102526 1.50221364334111 -0.978330768692912
-0.866304204483845 1.44320122811894 0.299837893508306
-0.750077834040703 -0.486353656124562 1.845732380295
0.430467476727768 -0.833715156512119 0.966219811472747
