-0.752114415649248 -1.02158254137228
-0.124723393680198 -1.07123366234379
0.55953320015002 -1.06292949469654
1.69945912701899 -0.463898462786228
1.51480753185824 1.06762708404486
-0.0304312860328897 1.72649834681679
-0.837341642817171 1.47473461526314
-1.11798074868714 0.341591616939315
-1.08911947170566 -0.318495018550468
-0.767866830841238 -0.831889255114103
-0.571889861617268 -0.977652510156496
0.223164581783925 -1.21202316792309
1.25010953790387 -0.959054397490367
1.97586500779995 0.121460596847599
0.8585658102061 1.68665609358237
-0.480274886558349 1.79192914372137
-0.936790697725697 0.724723883123331
-1.00840792338999 0.0868825007824745
-0.895102636960858 -0.611921647156476
-0.639699118064378 -0.930276683478186
-0.281503659993889 -1.02131835030233
0.553521775094195 -1.04112842744709
1.76531244241081 -0.478191083158392
1.71800074208042 0.983393782035784
-0.0151597660267425 1.88763654534863
-0.858831988694085 1.3301033237707
-1.01145097938721 0.426084206063716
-0.919589651518624 -0.283615965278078
-0.745898025768737 -0.885165932650614
-0.684768574744957 -1.18542990152573
0.0667514555427851 -1.16182775533273
1.005842078244 -0.925018459451974
2.05883216655585 0.120074303857456
0.949490255102924 1.54867850116321
-0.615596786696383 1.69831756746423
-0.987551728318646 0.953312383713296
-1.00927460512999 0.246231159236972
-1.00163470497095 -0.624912847049584
-0.726276570791023 -0.936985633754318
-0.245001217890304 -1.07664063092967
0.560967004394282 -1.04106874003355
1.43817182569915 -0.817045713174188
1.77635119355504 0.543039486528943
0.198190141519161 1.80905703797175
-0.731515421980463 1.31565359527056
-0.908327350233002 0.391833397569331
-1.1175751341863 -0.245504117302419
-0.958282201236976 -0.55394416425997
-0.526458654413322 -1.15055497396418
-0.00827107486218313 -0.918590860079841
1.02295338635464 -0.907718215988743
1.91179116488186 -0.102329362590507
1.03553960715758 1.13385116027612
-0.459353962001849 1.92322441296764
-0.767658967980588 0.889142105210577
-1.07034914688583 0.30934871270514
-0.912850823724396 -0.512473784180406
-0.64230728689126 -0.760922009640329
-0.167295139710281 -0.931993249759217
0.668087392572426 -1.06333547944755
1.66472094748766 -0.4435640147337
1.3603140491767 0.829319604683206
-0.107571871928037 1.83367252937882
-0.779971060665855 1.40618425160086
-0.955896831110567 0.423308441518011
-0.966311483341434 -0.228267435543857
-0.810597504075954 -0.469762040021846
-0.488887555567957 -0.904117596464899
0.131411129418488 -0.952805369496237
1.02872039146241 -0.75912885677716
1.79824320047341 0.102011559245367
0.80754850366728 1.3557247118543
-0.486397005256171 1.43965120975089
-0.952873745029354 0.771387845527199
-0.936987128252978 -0.0640496055940799
-1.08574662585517 -0.471765441701902
-0.682383754860678 -0.842773205747709
-0.251708523830278 -1.09781035677732
0.731117265050646 -1.12738245672209
1.86062380193958 -0.519328508343916
1.55569216382687 0.99533529674987
-0.0479704975763798 1.75155718146567
-0.90034221779947 1.18267283602844
-0.969688907520724 0.425316538808488
-0.972253698798413 -0.463335178089212
-0.769907182733667 -0.863581272304444
-0.439491783537042 -1.03297596010075
0.290300651289776 -0.989921832974533
1.2534051652248 -0.735632802099157
1.78147708768999 0.256006761658872
0.649674836851229 1.51500782864674
-0.527608367328275 1.59774346713397
-0.844097677040842 0.672090744674012
-0.852867605494419 -0.0714203691078074
-1.00114492304462 -0.713134946972803
-0.784938094688188 -0.884316669596788
-0.197381506959133 -0.874435332666391
0.738611625568995 -1.00999006045146
1.68398560592918 -0.388003950553971
1.29039803712046 0.906099390211434
