-0.234467025895651 1.2266058003485 -1.02567104677804 -0.477700526853976
-0.334581261060798 0.898306820345069 -0.480362946886526 -0.49760655378239
-0.189872359107187 0.714845919202514 -0.261930768242624 -0.0824066385505108
-0.756637198870061 0.308455519281076 0.594335717904349 0.216515283693303
-0.982628974380285 -0.278804070940314 1.0006512916483 0.982930798487605
-1.08270781283931 -0.541118392682788 1.62049455768889 0.509015368089091
-1.39933266508032 -0.834930757311234 1.7015246865301 1.2440839949083
-1.35762080716569 -1.26255188404635 1.93925272941718 1.78934485430941
-1.59123290542534 -1.5837004393544 2.53351582689176 1.99526674857108
-1.21531912683684 -1.9034691968677 2.1517792256689 1.87362471112754
-0.895275969567861 -1.83239173227288 1.70425336455427 1.95576742620506
-0.157852083206847 -2.15325973823059 1.06343796987343 1.76033861454974
1.58049849277049 -1.77878379434966 -0.445744090239384 0.935246029688036
3.21995510397098 -1.39922412594266 -0.734422505714748 -0.405206097394643
3.15647605008589 -0.18281167583881 -1.18442448731384 -1.52481323872599
1.91688464645408 1.01703654363758 -1.18496617815491 -1.99331771873516
0.805566280217917 1.75822911573567 -1.10414834260789 -1.94673670417981
-0.27158934756033 1.78663244600461 -1.54662348246133 -1.81397086763856
-0.711490425486584 1.72623824692987 -0.960133438163327 -1.49815485938482
-0.727795681449662 1.2738241591256 -0.954103323893837 -0.773976667740291
-0.306374479838829 0.870000989008512 -1.05935281886189 0.188915616223317
-0.0908812274178434 0.479389133751588 -0.808656499424536 -0.0930911541891491
0.0383540122770713 0.470382589297139 -0.589986227518275 0.126867454385557
-0.0208251843165599 0.387972601731795 -0.572688785482231 -0.259150951811878
0.0036413207638469 0.464814512596728 -0.881205599667164 -0.350376033066092
0.231785346823058 0.409829546692108 -0.359634667389283 -0.425726584809235
0.02171972688066 0.578729768042578 -0.203172770706513 -0.166116789789226
0.12511893668814 0.524694723166864 -0.181112124647743 -0.13664382577986
0.167768032764573 0.245860933504493 -0.413336474586666 -0.38967706298161
-0.165942766314232 0.520334694323801 -0.254482637805089 -0.393015766389172
0.0189002199478512 0.271994040998882 -0.258054562515167 -0.186234379541342
-0.224240619282953 0.285983445937373 -0.137234829381943 -0.128150143675629
-0.658817077619376 0.147809964666333 0.426691887782309 0.255534537280177
-0.569769482524296 -0.0927983710337673 0.855041673997842 0.516478747895443
-1.04340324335146 -0.5125866993182 1.14193219620759 0.64089633031731
-0.623755022992059 -0.82604092247417 1.51583884080285 0.965153015044373
-0.699396901690925 -0.954635168783734 1.57201983681789 0.971726515475735
-0.911871412748718 -0.990910164501995 1.37534121413721 1.38416182430078
-0.48161178761505 -1.36901651330709 0.865568395557433 1.31644538227569
0.197695050210671 -1.30268891014751 0.27833814674008 0.768612176983875
1.23641410966853 -1.03778493792023 -0.51942441509024 0.282057345587657
1.70090097317391 -0.65174927329396 -0.542864855501728 -0.236255326734301
1.87094245300562 0.161852412161968 -1.3862439987193 -1.0164245172244
1.22757399335969 0.878124661577141 -1.00129533807563 -1.23622129490897
0.64908912066706 1.44261026251801 -1.07194220077399 -1.25392144112027
-0.0196252417282671 1.40426859329973 -1.08202993442162 -1.31597225847784
-0.314513689151685 1.31294114016832 -1.0384461901573 -0.73168256637553
-0.667051889835596 0.910930222511135 -0.795720912281227 -0.272614847363264
-0.136582247465435 0.602807823080924 -0.362660892807759 -0.102049808644255
-0.269109689883933 0.216158735768909 -0.122696640346114 0.162312843312843
-0.177499327406108 0.230087567910999 0.0476647151961855 0.164542878148153
-0.73988549475126 0.0643311653826012 0.375407474728419 0.451351513337244
-0.739330659964962 -0.465011472209037 0.772357208784017 0.790639270040487
-0.694778092617012 -0.499829975939664 0.920651901649685 0.657602414195559
-0.367370776104271 -0.699946992104217 0.791620073099679 0.806047588510736
-0.547283613545021 -0.901126983387844 0.54716307549656 0.29754632122485
0.212648102080186 -0.800633179259611 0.330386286761984 0.470233591396574
0.449066772643089 -0.604244762953924 -0.132230498030926 0.113989040646461
0.887849204535489 -0.355149772576665 -0.212655725874717 -0.120207559918444
1.19317012197328 0.151179739020683 -0.725908679359577 -0.729639032400694
1.2025440265819 0.418570240827588 -0.961042478810045 -1.01115194122299
0.590858832641303 0.87746319237899 -0.669864575407965 -0.665011986090561
0.385096405856687 1.14838310709409 -1.13260882572242 -1.103493707328
0.00216240675241364 1.01047903202668 -0.808082486395506 -0.917304675366654
-0.0927622006177434 0.997292663562366 -0.733478620275886 -0.644666128335931
-0.443867990201303 0.731847894379473 -0.581854335637342 -0.558730081600385
-0.278969640857846 0.45878734050239 -0.196242285193901 -0.0479971317388448
-0.591571884520374 0.192770931240337 0.132185554751573 -0.30353787097937
-0.979378034138429 -0.058645185745112 0.755027318901447 0.132596428523006
-0.707293270962529 -0.323151708552927 0.784680478436178 0.351150623541298
-0.624814911143746 -0.65551505878074 1.02759359399004 0.887254393721484
-0.7036501685571 -0.954390627403735 0.828090078354008 0.692133986866334
-0.507091333718198 -1.09510540372322 0.807344027800254 0.940062675904478
0.143286243566238 -0.879053979566664 0.542969818417021 0.822444089808837
0.729286484548329 -0.888202895618622 0.0424112463878997 0.448181569798811
1.18959062959191 -0.466902287327529 -0.380625662624001 -0.373840393948622
1.3901758552869 0.192241883909943 -0.711041926599815 -0.837657937388185
0.911129292231164 0.567480472417693 -0.816094362021053 -0.985068483449438
0.591992987326079 0.892850750453687 -0.969201536747057 -1.49230561938976
0.298231634279785 0.997254949416576 -0.91611065110439 -0.978132110546072
0.28864016161078 1.15705416212732 -0.707048849499342 -0.945295211864614
-0.35995825134474 0.949646756836731 -0.575958426239241 -0.280838345543613
-0.388892303096695 0.892394200734256 -0.346163392196136 -0.207371656582111
-0.713976661812134 0.482301556923281 0.0782547054012297 0.104257553608757
-0.721017988929076 -0.140061637220115 0.635142858477916 0.489280247994192
-0.955819877826781 -0.395002807559599 1.20637086789216 0.818438120378542
-1.33727204969578 -0.812747641940439 1.85496534987359 1.16455247068826
-1.38364238984318 -1.07216820630973 1.80036881427598 1.29431100429237
-1.42577768428811 -1.38849323278235 2.11945019551553 1.64235386597713
-1.58841285458671 -1.5726583733337 1.73226218870084 1.8389770013651
-0.43219282155589 -1.68105347703851 1.53014032578742 1.92699159055246
-0.0546518645716627 -1.62040341432825 0.54183577180889 1.58172306361875
1.10764848393508 -1.60111266704956 -0.164706132237756 0.986574865319815
2.64239937233025 -0.956512117461706 -0.823580054429579 -0.525170705768436
2.64625123885932 -0.285611538758831 -1.1932473700646 -1.32482058858307
1.69558797842504 0.858763609871383 -1.27049386348536 -1.76112807989669
0.757212910632678 1.58191185385126 -1.08938156215245 -1.82865779755845
-0.156893102323801 1.76231281258326 -1.08566175001715 -1.66441686080448
-0.536435611538964 1.69907061236162 -0.849796244009793 -1.19205109677017
-0.12144654718852 1.04985030632233 -0.966507211955014 -0.50882215922786
