-0.149641862064484 -0.145639173241513 -0.10356003150169 0.0400496616858148
-0.0922096769709047 0.0311299953103305 -0.352610847089833 0.0211456075401784
0.202139739864343 0.158633801781852 -0.200184118980521 0.066117097211205
0.200823575797655 -0.170729272644876 -0.290698021315345 0.00875971121235802
0.0847521433616717 -0.0411329058899872 0.0905226373115132 -0.364431753126336
-0.00580804444920271 0.0681888661404477 -0.323272267826274 -0.127864391262566
0.114431679636194 0.204290775801889 -0.497297267386022 -0.75886231294621
-0.108164144037118 0.531794407974767 -0.151233717898108 -0.321543958118394
-0.122495247686708 0.319916515126036 -0.249469269756327 -0.116406618845063
-0.313098737827125 0.457396723433433 0.177656995574354 -0.124578470038072
-0.207158035443419 0.0790357816463943 0.601156655450061 0.367693571143855
-0.726756745959218 -0.0369585574234425 0.615139151529161 0.686834779578425
-0.910705774028638 -0.36839121455822 0.955914221072242 0.960121584744337
-0.65652662941322 -0.480473431616783 1.23828294429051 0.859871596795902
-0.823529179616674 -0.872406963801125 1.38361384902584 1.02079093641408
-0.706786407175798 -1.17227306298904 1.04448814316189 1.05361896758024
-0.695962449035515 -1.19623733649405 1.21339257004185 1.40265135562114
-0.187800301053569 -1.13863640422816 0.75661932641334 1.23454996981169
0.778187575204226 -1.22853065165745 0.327879868137675 0.62350309340348
1.55970130977847 -0.695891638383336 -0.731872521463352 -0.0140694525166624
2.41660625547146 -0.165336623439363 -0.945315580314502 -1.12258892358661
1.56954711099939 0.693019215680439 -1.28736059927312 -1.72212588471682
0.953576915075455 1.51643746951688 -1.20050044614428 -1.6145533721678
0.24420900298541 1.56615370725166 -1.57867973164208 -1.24099247549628
-0.296039214657303 1.59205001530952 -0.989507560658359 -1.26641830416581
-0.104753684281702 1.23994698988454 -1.18970685774624 -0.546588245857472
0.0315564898150142 0.925440183385079 -0.433762062100769 -0.170658965667615
-0.8954471915929 0.706287552785392 -0.295089783594645 -0.545672574136075
-0.976675225384766 0.376152908508897 0.349858276496224 0.00513210884881929
-0.923329822326114 -0.0507630068871155 0.906975420484813 -0.0422744481874795
-0.990772265128612 -0.598716994586794 1.74687661802085 0.884104682899579
-1.49321828085722 -0.828748964580896 2.1921859702286 1.40805795588946
-1.52879672873789 -1.19027856776249 2.25843461744897 1.89540977815289
-1.73012991626353 -1.61991703573737 2.57081989251804 2.18142460023728
-1.33502492230684 -2.06143991086733 2.29112382453008 2.37580622697251
-0.988838854175776 -2.0875696914091 1.81859714055215 2.25494365710355
-0.118418853615148 -2.29653125471849 1.05805886776435 1.76758010697829
1.65186069168778 -2.01932865159488 -0.0876744028107098 1.00279339285524
3.64931535191902 -1.38185744801306 -1.26717358279997 -0.627417940061448
3.69919563282738 -0.143836726818271 -1.28341797991614 -1.97106680654598
1.86826741873229 0.940624973639949 -1.07655857344213 -2.06190704524384
0.619355848854679 1.90884350218537 -1.14815282236592 -2.17611651081469
-0.477483147862772 2.20678474900248 -1.21208785919197 -2.12610671930522
-0.635676013468321 1.88132086318101 -1.17036355864608 -1.40546758251765
-0.771468675730558 1.45879211001214 -1.34914915578183 -0.752160297231651
-0.469108967035048 1.14477006620181 -1.14854808710959 -0.3005376677385
0.00729393167359679 0.534452346976596 -0.870614138002193 -0.156903767040804
0.102915573886951 0.729207849161463 -0.723216403247842 -0.0840815797825977
-0.141750126364391 0.444118381124239 -0.683057685747692 -0.605083773067247
0.550691225701879 0.668663082260419 -0.766277707580433 -0.380316552598012
0.620463572141496 0.3430668229905 -0.672070118095738 -0.617479453544319
0.275220606383426 0.465408986325888 -0.621521795984213 -0.381501322024198
0.160334904941852 0.46180502367 -0.558381794173354 -0.327754367678933
0.0198354727709886 0.202953865368616 -0.260931301527759 -0.396722050805525
0.255593780090898 0.529263434335804 -0.471687398746524 -0.479471690916894
-0.236574216625082 0.251663336272482 -0.146899273289968 -0.251135594686792
-0.52663947887775 0.267683236801974 0.226442146777708 -0.0694090311332441
-0.607767789714854 0.0886836554134217 0.539852412061622 0.154112166035503
-0.786834168961999 -0.051290126900761 1.10025801858465 0.53097088493464
-1.10532830379569 -0.548928171345363 1.32448993985587 0.965637550118058
-1.10968697118652 -0.897001507175959 1.5455942298941 1.06591678657863
-1.32504966416233 -1.01100893999896 1.35374096836491 1.01940966689623
-1.1744032261349 -1.37798011930581 1.42717111114832 1.49095076825057
-0.632177147448556 -1.48105027292464 0.681400057189777 1.36330383472195
0.171998967641676 -1.28330058829406 0.792625883090882 0.968112541436524
1.18694052615129 -1.09763704482009 -0.16973349677147 0.231553298938782
1.93660241360458 -0.586858973238316 -0.922117348048496 -0.50237614874767
2.05705120567289 0.335227915063656 -1.25596529777355 -1.16872532777191
1.39966902417368 1.154212968866 -1.25095885622733 -1.56109069464952
0.385248037512609 1.50503139552222 -1.60160102441874 -1.4737064943997
0.0574442689666468 1.63241740993145 -1.28042188490134 -1.33661296819672
-0.745768050507237 1.61138256230667 -1.02868215843059 -0.944877955002814
-0.0693641836607344 1.12995273465828 -0.753652657760452 -0.501258742138113
-0.266932596326565 0.665290309157698 -0.649631531747096 -0.308020528042527
-0.516155052471914 0.452681181453181 -0.132809968146327 -0.0204582032210254
-0.252680036983912 0.370493624410631 0.400341242716503 0.341534828494914
-0.775136316660058 -0.148805705309255 0.292135883321304 0.824228635244133
-0.570776007171655 -0.532079934831832 0.647994592295182 0.3875608696364
-0.524144767118681 -0.689312279712084 0.734377810356144 0.771401287682375
-0.622399303298083 -0.960736684934633 1.0671374502552 0.741750995569035
-0.170766147603154 -1.00868442535882 0.429534378559875 0.741031515823651
0.312601405648747 -0.916476843993864 0.0638866901000782 0.713943149181655
0.866767906637488 -0.659530275941478 -0.0415595818981632 0.219767466517511
1.11810612634421 -0.505775372983298 -0.5299178638611 -0.160306962046393
1.57636108947615 0.313578770501898 -0.960295790782925 -0.48262835728259
1.59029613950415 0.598915786721272 -0.831186419398286 -1.00365249326728
0.655639074258488 1.09030474875434 -1.12642889178207 -1.26856215836102
0.853726371012399 1.42778989964582 -1.17780905327146 -1.05994870231434
-0.0854571918328353 1.21218981248963 -0.65311166457805 -0.826933988103889
-0.21992098261711 1.04553812629785 -1.01534058112106 -1.00744897080114
-0.17080397089877 0.585103248013208 -0.247393082540291 -0.508391620956306
-0.278136256323656 0.589760358438157 0.0030854001077202 -0.173916252644303
-0.521354370816197 0.291268629999081 0.352262055991566 -0.247275672295321
-0.610570043707683 -0.148374483484223 0.568833597039199 0.550753385208409
-0.619023457462472 -0.666899681606109 0.95459178671554 0.719605401317169
-0.84790651809898 -0.714458949216165 1.10639639582959 0.702595748963513
-1.07137141131712 -0.726341820183208 1.14058934587118 1.16845119063462
-0.249624495667176 -1.31287274432495 0.856212598855856 0.890190872269465
0.140106403886315 -0.93111039167305 0.567103960346628 0.791614280186001
0.331892481909292 -0.756979849792722 0.192866531228394 0.35110457649533
