-0.118505427609881 -1.08176723193044 1.07925112365155
1.21158138948646 -1.08430027771411 -0.031880460376439
1.42537098738447 -0.0458835348114294 -1.04225474584629
-0.396428934559424 1.2530467208019 -1.08563908721666
-1.25066430563501 0.836391416565692 0.348215833551388
-1.24533584679487 -0.313244055222096 1.78174870527638
0.400284948133695 -1.37311686625315 0.988536481367593
1.84517654954622 -0.69636531412056 -0.588251765227845
1.04804735795211 0.321550504771162 -1.39974130002442
-0.810832307570529 1.54904489492181 -0.872020121664928
-1.65344884954913 0.565649660567247 0.731584717491811
-0.862574599376027 -1.09342195311265 1.70053488773626
0.586957953519254 -1.33622612595146 0.397603995894513
1.41031731036305 -0.558103992329804 -0.853420750748183
0.375885740641088 1.00936792145339 -1.71047001284154
-1.13383872276181 1.17892540140588 -0.722147386338297
-1.36114390572655 0.173237341375795 0.879360457695226
-0.435816038469972 -1.32350861605231 1.38643421584025
0.460657127878979 -1.34694594509767 0.0930345598935877
1.16558754057676 -0.658834637552738 -1.13439651721242
0.210822046227125 0.310040436221356 -1.60205245979644
-1.13512289013982 1.34571466930163 -1.09125674441691
-1.71363127528818 0.190986999433313 0.0955150741448562
-1.09504971250756 -0.961106742714088 1.7486422185884
0.234624658677851 -1.59676289930945 0.679921727384157
1.48380207203476 -0.935764268514153 -0.752712261582318
0.552358547662569 0.146894299229244 -1.50898203066046
-0.913636536167318 1.22178405201863 -1.10017187010243
-1.20938127493567 0.773406739198486 0.277941293160249
-1.06531270748021 -0.451705688432185 1.28042312248745
0.466279438804198 -1.52696978301511 0.598941761345405
1.22851669039064 -0.736502310157772 -0.913766683395663
0.278108752135327 0.710630963526787 -1.41831558074653
-0.831238173261947 1.32865187335585 -0.523997449904493
-0.972154723539939 0.0555447862265235 0.845841177377507
-0.285102749970316 -1.09069868864704 1.23386675181252
0.808472492827784 -1.39015810868969 -0.238003244153818
0.866675134797757 -0.291871814882914 -1.18228759085407
-0.0621359060903565 0.890694097196182 -1.24682750077658
-1.03554812263287 1.09802621228324 -0.378460340927489
-1.17878307568953 0.0459967077145547 0.965105071147207
-0.302140294699538 -1.15510272361772 0.799015392807233
0.911295397102321 -1.1236184593335 -0.196038546255281
0.756608617490116 -0.433705128001252 -1.0789044534582
-0.429321667325998 0.573651047780611 -1.09990251568424
-0.885785181126498 0.996959774407096 -0.333852917562423
-1.08520711327777 -0.228819253489427 0.972917924351616
0.139318791339074 -0.984719367893088 1.17010287671638
1.20485575951007 -0.873557614614107 -0.54182716272726
0.856057912194528 0.0301459700393288 -0.84937657677185
-0.53667821685818 1.08406540686356 -1.14969690752846
-1.35438743611286 0.880496800042732 -0.0242028196306488
-0.981610696428709 -0.383001561890639 1.31120533038721
-0.0829486055836902 -1.35908096376575 1.00677340894781
1.15038642611249 -1.03318039667593 -0.475120317526657
0.545524551359926 0.476340584548652 -1.01078030676677
-0.579764713780108 1.25505105871951 -1.01892993166195
-1.31387795919311 0.922085526704514 0.406525331191489
-0.964312203517845 -0.885078010212214 1.36085838666085
0.721278313231595 -1.35843228628057 0.44121859762339
1.4783739013353 -0.982317411589315 -0.911549183576112
0.621365151019113 0.74708434473578 -1.37994617607584
-1.001235053717 1.54524087794365 -0.932842830150503
-1.44829762817335 0.400439764706913 0.733271023458263
-0.758803384487728 -0.956186125119909 1.39517109532082
0.928205551388015 -1.40031488835402 0.418854835386217
1.19311849525834 -0.420056678018002 -1.15506040965058
0.328703162468502 1.21186343450357 -0.759824528895651
-0.988604735170388 1.18853180469583 -0.274684189836357
-1.06618171679632 -0.0106420360465397 1.20211297860033
0.041351016036698 -0.656093738312999 1.34021177821673
1.02639366853656 -0.826751371743988 -0.068260991403454
1.04936305451153 0.0838280230336472 -0.955393868204766
-0.507243231273943 1.30969708780526 -0.875062914117048
-1.11543861510415 0.956243714024464 0.818777258320643
-0.450934121058657 -0.686016655329868 1.28767033296834
0.962191350922464 -1.12008846969129 0.0708950425831536
1.44534992433356 -0.481388670324215 -0.743392415587068
0.242711407157259 1.6411881347299 -0.727495257000812
-1.10723019622928 1.33093672380586 0.258246679335549
-0.823439437381138 -0.170294766208887 1.64526413712323
0.359117522925289 -0.992147355083989 1.10802127355324
2.09611059773815 -0.390127957218206 -0.406666411560691
0.685142416776167 1.15711466095579 -0.879310145556288
-0.682515318109972 1.64254371978463 -0.179344732998169
-0.865627929663377 0.163094767326104 1.4803600471577
0.161148259320723 -1.01121772855765 0.982905942009785
1.62804926010756 -0.887949014023959 0.0147216672044326
0.918722827141315 0.651684973447673 -0.984160200843098
-0.683652068553098 1.96420231693983 -0.166553203171737
-1.04568340161889 0.502761025308449 1.01912361193052
0.192222953569638 -0.833594947369359 1.46140287024699
1.88411957063405 -0.865600268622713 -0.165381087929475
1.16370252491768 0.967763377144489 -0.966674946101957
-0.707058716308809 1.79607877399729 0.0194212661169625
-1.03018749368124 0.575613914736767 1.56956132184248
0.24109633202151 -0.95474073687931 2.09954213628702
1.97351021608913 -0.690282619166464 -0.00288085925221949
1.19367998696812 0.915442774781695 -1.24088011105194
-0.594748437568336 2.07162997686343 -0.555602898842972
