1.37072392348499 -1.2516320610785 -1.3683804995666
0.309326700718216 0.143251358577866 -1.34167611604403
-1.01781744586083 1.38991658379099 -1.47883738441567
-1.538000717289 0.272675056420641 0.532857361781266
-1.10022092130577 -1.31527589549294 1.26897641302997
0.81082658569596 -1.6154294829893 0.0822924215541259
1.1703869603319 -0.761599868125183 -1.09254110289739
0.0464842130545736 0.55099250712268 -1.42947729987012
-1.29576344293668 1.04317136072235 -0.494400187626393
-1.62279011550912 0.0356538403765279 0.458666092221011
-0.35841335503474 -1.59201658293395 1.19514986878958
0.924238882241975 -1.3292032507014 -0.524084522916448
0.71458490641538 -0.419288051707259 -1.23514640469752
-0.872023353994578 0.935475278570109 -0.809699539979281
-1.6570695496824 0.260870646350993 0.489300782397222
-1.16064657107915 -1.1401098143418 1.16762403775316
0.362456900521419 -1.44111447867875 -0.0231094845479069
1.08946780061837 -0.234192657136885 -1.04482667424207
-0.098797173621546 0.667939052961206 -1.02429270584723
-1.37070383618971 1.1767738775987 0.0792761998730177
-1.23153653821476 -0.541452427794013 1.57121363074482
0.248861853401152 -1.43343776769556 0.904210039402601
1.69513333473076 -1.00200701025503 -0.785367416822116
0.523887264623489 0.546005559828839 -1.3302211246016
-1.02854364479229 1.37228070856011 -0.0657423867845988
-1.53546506829577 0.0407533195142406 1.32982580245488
-0.37050607021022 -1.35312664263496 1.38166897705178
1.46093342257196 -0.769391838241459 -0.480222946055795
0.73454148623444 0.26297888969106 -1.38985665066267
-0.714713867245919 1.58484554112338 -0.802211640332003
-1.32308459535621 0.120713993230593 0.881667187795566
-0.0376171424539804 -1.30106067371847 1.46125235139613
1.81464365011481 -1.02527046990555 -0.28838849959689
0.92758266847967 0.651801551373555 -1.12166494276157
-0.888960111608356 2.02204034391441 -0.622158089900674
-1.35768074263498 0.392151662641652 1.52616255676654
-0.0681273810107953 -1.03113757826592 1.32741800507187
1.70613853129334 -0.824131443530479 -0.332992239979325
1.20016245614475 0.513648746786869 -1.17931241090388
-0.559714535736167 1.72791173787488 -0.590802985926568
-1.35039443953193 0.510842536574049 1.21268994865818
-0.342530945210358 -1.13059497987701 1.75846716996097
1.23446763684373 -1.23734090377795 -0.0285136294151825
1.13794398779261 0.0705499815078995 -1.47680868233536
-0.716766526682689 1.74465148526702 -0.6362216342338
-1.27861389837253 0.776623519024283 0.62674103400163
-0.349389404307851 -0.689484597047401 1.83446882039098
1.07211825215458 -1.52159724546086 0.123771385198969
1.38477962692159 -0.156367973918435 -1.26109171195968
-0.144973879842938 1.34820877251598 -1.40585924354191
-1.17757283686723 0.962557133367739 0.279118045971055
-0.889853874376356 -0.261168178453271 1.55317444284982
0.889778961839624 -1.1988595703564 0.769150769071672
1.51490982555348 -0.327185799026493 -1.18400615068717
0.230351119059438 1.50487324040202 -1.38598128451071
-1.26571432805413 1.24145450939966 0.126507963602181
-0.775124665302611 -0.722986536022222 1.5170431289258
0.768351867959274 -1.26245230701843 0.829037503757108
1.55251124078658 -0.485362363655298 -0.643589716849494
0.00386156404339323 1.53261219629079 -1.24181324346755
-1.11675360308267 1.38663647470581 0.143419555264589
-1.08721610528199 -0.456136851996777 1.55263920735989
0.569964269764775 -1.00035304029561 0.926872742434708
1.78612203550846 -0.648729462727481 -0.686790076938381
0.288486283470931 1.80368945657615 -0.997704727556703
-0.925471023724517 1.32746821113441 -0.0884999156734198
-0.904843945049725 -0.297423849657352 1.40361078790761
0.833363865463244 -1.34230583547314 0.631936765898094
1.68197207484605 -0.296085106149442 -0.507613178567796
0.0028246450248695 1.06039457679401 -1.08436192262225
-0.92884564043301 1.02337207156558 0.234712975901739
-0.787788886357966 -0.135181469976932 1.53283803230728
0.44092015577903 -0.868194819288298 0.316266780917993
1.18347369123864 -0.368312679080549 -0.987701664643175
-0.0480933211097654 0.816577465607549 -0.910278016818592
-0.88870813819383 0.918962897705303 0.0298918708174191
-1.01968148381152 -0.462646926085329 1.59962472735336
0.526921450889479 -1.14415899842243 0.651410686637371
1.15967078476232 -0.737369392936572 -0.602441386024875
0.13914848339572 1.1106052194369 -1.16586054091192
-0.972041899866927 1.34138822211822 -0.117921149182858
-0.942097617008554 -0.0699170692579109 1.52177772347687
0.368955962216405 -1.27812477483244 0.748856247008271
1.39172071624901 -0.565870579317598 -1.03766389325441
0.405009669824032 0.842338630332959 -1.01449128740184
-0.897567360743184 1.15276381904501 -0.185611459526909
-0.814644380900428 -0.404843714550259 1.02875347124867
0.0746016257261827 -0.81040443302373 0.739948695230229
1.04857657553997 -0.66642869653979 -0.546800442915005
0.533874789824148 0.633864286958373 -0.822646392504115
-0.853804644562734 1.16364751646234 -0.300341390327445
-0.716410366619565 0.143717013421934 0.997210530197309
0.322826808426643 -1.12517833078136 1.02371523444061
1.30924979037979 -0.164484233139717 -0.0435505240543894
0.772780481413125 1.01600167130926 -0.495874934819952
-0.519165605849832 1.06462457176624 0.0866427958909718
-0.678762493248514 -0.253696043586106 1.26144041677733
0.567637690372736 -0.928883584151278 0.759839337119443
1.33656597206011 0.00822416502286349 -0.822945043521194
-0.0430959513508278 1.18050707976727 -0.940744023417289
