0.464881034931168 -1.38014860160829
1.44089241398022 -1.05206021096793
1.68838769760372 0.184457830720926
0.549480643940614 1.40633736984999
-0.346516998851442 1.52430075783743
-1.02421422237625 0.60837437048079
-1.00731769935589 -0.226647444794434
-0.935028655359132 -0.687711615855913
-0.538885661330799 -1.00812993924691
0.0255429089987021 -1.02299381277682
0.846367217627708 -0.77465453099524
1.90403350156777 0.137351239290168
1.29402633705686 1.17005082744179
-0.154199787116953 1.86386674961053
-0.867470544719956 0.929960405630611
-1.10639489706651 0.0693137849712653
-1.18725060042364 -0.410953886623093
-0.919075139357714 -0.881031098313027
-0.275352155607586 -1.04755995827047
0.705473299022289 -1.1761123100036
1.89171683456952 -0.563775482067488
1.54320390662016 0.750553337505465
0.28308341350502 1.69013866656179
-0.884946916693353 1.2427777970446
-1.00875888120623 0.416783952691627
-1.07756219007843 -0.407277160341275
-0.930587758654866 -0.923066352607068
-0.635970674269824 -1.03514304358904
0.29226547008265 -1.11221344578819
1.28503522354046 -0.845097112536434
1.84710416438024 0.342963771602546
0.476089819521826 1.57718996517319
-0.696991111951268 1.39086503111491
-0.985254405614781 0.717457295414887
-1.17871522953199 -0.137101386986886
-0.930024350059506 -0.9237412842621
-0.546965281981023 -0.879598722415201
0.119115003018541 -1.05837285956621
0.937261283733606 -1.15666113753559
1.80579389025384 -0.142466834334673
1.1333120276374 1.16365475570185
-0.282838983969037 1.79542998930588
-0.840222060498113 0.911627600192236
-0.958545695766776 0.0271763769435042
-1.02466277015147 -0.545615528756646
-0.704888025676892 -1.09011636278867
-0.19886070660196 -1.27838436351087
0.709059019477491 -0.988431519186702
1.68212341475418 -0.466633795673335
1.52696684645789 0.911695974045662
-0.0867422844730381 1.7070056213491
-0.794845396011449 1.24461479203323
-1.14217598531014 0.247813383083242
-0.998055466677579 -0.250513000544687
-0.69124763608317 -0.811798930478627
-0.458972184129323 -0.86403067803695
0.326334687010997 -1.01527337068431
1.30983835904569 -0.918287183428688
1.72954962695652 0.516940628970707
0.458965691891347 1.66744673787891
-0.788252750113333 1.46867574371199
-0.832756957271838 0.757802849923611
-1.12074496681772 -0.218055014624201
-0.966268682665708 -0.651495129407361
-0.583590054104394 -1.17976544827668
0.00773584276788325 -1.16220269780506
0.83713559483893 -0.938304773526422
1.82537165410404 -0.206127161678567
1.03032739006969 1.13728596843975
-0.288783916775808 1.81223705052444
-0.787807990277372 0.87933481390535
-1.01752514627355 0.232047551695326
-0.943081166853501 -0.500400839038611
-0.586732774537696 -1.08929930893106
-0.171165791203253 -1.16921595614277
0.639367140862186 -1.09567779257001
1.63936754074595 -0.318691962384533
1.53488570972325 0.691256117764606
0.085792751677852 1.42810105431973
-0.595451722814584 1.28116432904358
-0.908859897891543 0.273854042071071
-0.913647282396557 -0.30454810572601
-0.786979801609083 -0.854286283343199
-0.568545921006113 -1.17381433597767
0.286678513774425 -1.32289370549566
1.39706379142908 -0.789095349889327
1.63016571674862 0.171384271394781
0.674179470779604 1.53768181183669
-0.513201882711808 1.60756350500346
-0.936669455612682 0.692340771192637
-1.06561101811145 -0.069710242762788
-0.886581761401633 -0.805141403750761
-0.628241881936567 -0.887094396220179
-0.0117623309721327 -1.00376698881865
1.07146774015166 -0.892730662514755
1.77973764753469 -0.230779167304146
1.03810776795258 1.20009368551959
-0.399566857862832 1.59302072137915
-0.817544692216847 0.934266385897007
-1.21437294995277 0.0304400046941663
