-0.877329767943634 1.03614424716003 -1.03314699857598
-1.37602693249255 0.541636064595817 0.396024129410324
-1.33978419954931 -1.04772265906297 0.833426284495997
-0.060604477483375 -1.49323073409879 0.498408618125067
0.966115489753384 -1.14669596985347 -0.57901317389143
0.757351422436265 0.183039276585397 -1.47450603920616
-0.400297797303495 1.15852257057843 -1.51665227861264
-1.1355257836671 1.26167448008903 -0.401929037221473
-1.36117317403628 -0.495241990161684 1.04418576228317
-0.624867553438248 -1.19505841712405 1.30116662112604
0.708043310277136 -1.50489188566005 0.115297291701442
1.57762858463564 -0.768715091820721 -1.24826159750103
0.41962003578151 0.574714736164797 -1.35348466889254
-1.15377952453386 1.4995989575559 -1.02831921167873
-1.54935240680259 0.429808279581848 0.370291675315019
-1.1531362875079 -0.723237255954438 1.21481079618339
-0.147221355526843 -1.28175862154035 0.678327736887402
1.05044191982161 -1.14152795454945 -0.43720686182091
0.748201061195403 -0.0152857190261688 -1.26535120435496
-0.5118989886827 1.1607014834593 -1.12795096697466
-1.19835284093375 0.861558226448359 -0.251373053138222
-0.863397947435098 -0.0371712273780368 1.10718281495871
-0.0351917398311476 -1.01930195775107 0.819804857434348
0.810592860617204 -1.10670935543224 -0.296861835350426
0.729189234772425 0.0791424335409713 -0.856313420464912
-0.155957564628898 0.683745501822612 -1.09688552179485
-0.969999922538323 0.495936141491828 -0.231750603762831
-0.752376301347875 0.0185801836275068 1.07455855734923
-0.0628983867230485 -0.78283561149075 1.06758928444555
1.05981890545335 -0.801421721496538 -0.311102793197646
1.08119091857011 -0.362894835583158 -1.19998816084554
-0.30269202925605 0.902355806996615 -1.00359053444589
-0.612146392084804 0.801282101137729 0.0468415048449779
-0.894635770778719 -0.437946889820053 0.999911712515189
-0.166354673180902 -0.821143452031103 0.665453395909419
0.792393670169594 -0.734821429417306 -0.254436439076827
1.21460742287253 -0.0320453501630799 -0.992722025512901
-0.426142671153431 1.03871259649367 -0.949594205038032
-1.01581581725946 1.03403628543333 0.226528369756453
-0.674745284874024 -0.341859072264848 1.11108747118477
0.345132895475184 -1.10090506907296 0.978859099419002
1.57040131663641 -0.969920761724789 -0.646488284702122
0.644499541653844 0.695141737790381 -0.886400965970073
-0.590131738457493 1.67959513999219 -0.637163788671677
-1.03734588698055 0.38831114295266 1.25356818298032
-0.0703680744826279 -1.07663764504336 1.60490962424087
1.53650966142724 -1.03616856912384 0.533028432836589
1.12341253516165 0.187447958714836 -1.31846087103061
-0.105338597090519 1.3431244947845 -0.969243868532939
-1.16404180965871 1.51487580530927 0.412125874173815
-1.06865052821969 -0.49187774997807 2.00117764044361
0.484238211739061 -1.1213242604909 1.22038671068292
2.12117781319347 -0.795075078296249 -0.440050167555062
1.30735238171236 0.87404850928755 -1.40116546194475
-0.368658342222597 1.98931942399537 -0.786456631555486
-1.29423013312279 0.863986304838662 0.927000626582811
-0.975877865350276 -0.861002456449263 2.04069992218795
0.96366490678945 -1.33638871865494 0.880108784686746
1.83703371628038 -0.545971951022655 -0.829642123521012
0.558226905884699 1.10509490663243 -1.52797808740193
-0.926633559409107 1.87099773244997 -0.448725381706118
-1.18101429312309 0.301577319592191 0.900586127555375
-0.479196807497708 -0.833303557315709 1.55664426096114
0.983044136271293 -1.66135644392212 0.102924014131343
1.4623734619917 -0.925918526752902 -1.40608105021878
0.677516411318679 0.688443781723517 -1.46369300441035
-0.955920496824911 1.49995749792474 -0.717931628986736
-1.72976240085246 0.745089490938297 0.465530404946471
-0.956594361784052 -0.862298534371625 1.50921804388909
0.680517358274239 -1.43592577034284 0.934157392823071
1.67107251629944 -1.03115213404189 -0.75684555327665
0.721592255874033 0.556125178747067 -1.47320698063596
-0.521131953201258 1.76077356428549 -0.931208942465196
-1.23279727499822 1.33490475494684 0.560889461187941
-1.0241476175433 -0.580639993493965 1.56217995633394
0.390153066459144 -1.20183038726613 0.876093663120883
1.80941830056973 -0.771428275267581 -0.57281670456451
0.632148975017212 0.622198614193665 -1.08228324532226
-0.894559633497828 1.84279000132178 -0.570350133863532
-1.18079550884803 0.443047762825705 1.06808092488266
-0.228987501142506 -0.738527226896064 1.49815901531602
1.29966382156326 -1.10112566890572 0.420974573418276
1.23488217565696 -0.0151600561752823 -0.86474372469188
0.235835921852071 0.958061860911672 -1.16879920380868
-0.724928962975101 1.54042187761066 -0.231166716070408
-0.858370933430115 -0.262682916644258 1.24601240486074
-0.0244869660176612 -1.23162149305214 1.13973546325965
1.35914413862867 -1.02635846115211 -0.0863260531297704
1.31229221701895 0.0654816684354339 -0.913900868155811
0.223898365796638 1.21974994790548 -0.880048228117943
-0.92214773409782 1.44109533317182 -0.0874754715760059
-1.11282151598715 0.111784841918383 1.20520991760272
0.0671677862734177 -0.82107503196154 1.09463231562991
1.31819188483614 -1.02155055301387 -0.139689104511878
1.19165791373455 -0.00903147652262735 -0.988395487538072
-0.289339170717183 1.49839085311911 -1.09941392247295
-1.17500857864109 0.976587768059548 0.0947952810358111
-0.870846829792509 -0.180230506700791 1.3243805183065
0.309128167448253 -0.92082261823794 1.32154196345971
1.7992970697655 -0.620785553567917 -0.0679151971146457
