-0.455319080103085 -1.05070673352029
0.0853870523855931 -1.04889415888548
1.22409445777543 -0.967162806340917
1.65943459726573 0.199956921943451
0.506221268856095 1.51283094574524
-0.542593095439374 1.47732180193346
-1.07305487347557 0.683387660265039
-1.05875126746534 -0.0498456414193994
-1.03317719217863 -0.799194554866522
-0.626602553870287 -0.859773750748748
0.0100662206810872 -1.07644848805514
1.01091374106943 -0.838513871036821
1.85643852319515 -0.165247491164441
1.09641439282741 1.1915763914532
-0.292172230494452 1.54281565151415
-0.801322600693623 1.03932855927136
-1.03692045206392 0.0121100942939794
-0.89648791940502 -0.688414286506165
-0.905966705438896 -0.782499306991545
-0.156499809325643 -1.06504364767544
0.717403562690298 -1.01680363110016
1.76788744572504 -0.432358120006836
1.64499119665155 0.710673677303298
0.0901323731353726 1.81675436554206
-0.801409498200242 1.41535306315224
-0.931159222866845 0.429824013730572
-0.99821378923888 -0.282351188539742
-0.952661326041617 -0.789250544789769
-0.388051383410618 -1.13371473122662
0.430533183418737 -1.0425313022922
1.1818106248634 -0.686905361494787
1.91196141356267 0.215094504397562
0.694403150653647 1.43188951664737
-0.526299058968495 1.67612888198266
-0.968272256121501 0.765419863076828
-1.08340997732089 -0.186114970889207
-0.856480270428508 -0.609488086717451
-0.677113148338439 -1.05096684483632
-0.0834352742587298 -1.10430293119923
0.845108754339843 -0.891696450230518
1.78153282414986 -0.266346497971728
1.04307652599222 1.37571601224744
-0.198020229073715 1.40127773819671
-0.921123196117255 1.00930815055713
-0.989586126059807 0.176352089621017
-1.05494521249546 -0.575317555736991
-0.85711922056803 -1.04179421513086
-0.197918272061704 -1.16490880419444
0.645899675608066 -1.149756736853
1.58572508406235 -0.626136538459407
1.48635789694718 0.78162555198701
0.0944278064516101 1.87075783486064
-0.831116869608333 1.33235694395577
-1.04840956400161 0.358126956642204
-1.00319222381266 -0.126934941949563
-0.682743533280766 -0.920822376766925
-0.39233710583555 -1.33097726043213
0.182088789892619 -1.12597262006283
1.4973828358945 -0.790868712070255
1.88809317555275 0.104684689953219
0.721424032735791 1.50863691850745
-0.586280336138271 1.47117783860717
-0.951722044144472 0.808743552644457
-1.10145898503367 -0.124720285354532
-1.08824521125991 -0.682606622285376
-0.663082239726333 -0.857415735990334
-0.0974669594830977 -1.14169840508973
0.80949274061439 -0.893651127359775
1.7447215493684 -0.342136286679693
1.26379848425148 1.11627374389971
-0.12044153353433 1.72462667366692
-0.881350375578762 0.984632228606719
-1.01284503970915 0.173884389624124
-0.965130020490092 -0.413493572303179
-0.777070317704078 -0.810338616268765
-0.257272472539421 -1.0739013074917
0.362363185466666 -1.12981389516929
1.55896407600697 -0.622553063496406
1.73861172104398 0.558210493600037
0.153497209097896 1.62923814185616
-0.584785247566785 1.26944752086127
-0.992152133498414 0.320779290037774
-0.989255892436401 -0.229991158538146
-0.827621906505278 -0.766027683321307
-0.533308551750007 -1.2087068923931
0.36287347379663 -1.02970760656428
1.24624188470868 -0.90199069804084
1.77341342898574 0.267591225673625
0.771471924311178 1.65557230018526
-0.459299928819952 1.53938730052637
-1.03813975131027 0.679234775541895
-1.1115598457401 -0.128553218564526
-0.984650758987833 -0.756984404017893
-0.865447104316249 -1.0532855955538
-0.202896079338833 -1.0115752714738
0.807005440320924 -0.826243025532244
1.84868991734727 -0.425021707760023
1.39749186642193 0.954628058347703
-0.200603154812427 1.70820944530726
-0.883877079637915 1.26753556164309
