-0.952422905686715 -0.487210352196089
-0.828253809343505 -0.889229369920539
-0.411478521952983 -1.01077561142524
0.419234623391862 -1.10006447240927
1.55517623990338 -0.56227785269796
1.96324519707304 0.488880020205089
0.242027110370452 1.65745463744921
-0.807264841008726 1.52949055186982
-1.13499965470803 0.765011762987536
-0.934640772093046 -0.264204164187295
-0.813317443367944 -0.5717009617066
-0.645944108776943 -0.94473128654121
0.0338934262906103 -1.17522833003095
0.969720485822126 -1.028686484747
2.01569162326693 -0.117242192908632
1.04855220211374 1.49640816426937
-0.285826727143067 1.99425866106836
-1.00954130620446 1.15284745428502
-1.02833414373882 0.00599265274594879
-0.910329264176004 -0.642946208587278
-0.77328421378523 -1.01716646175612
-0.279695911291275 -0.887270169783969
0.603016087286161 -1.23766624109671
1.72209714564064 -0.557480503664557
1.50150135252467 0.78388667417682
0.184261162016421 1.56947190939316
-0.727257577381374 1.21866010163741
-1.01154254368243 0.236974910950566
-0.975279227743332 -0.422891694445144
-0.936593710645732 -0.983324173670148
-0.404016551228075 -1.09295241022858
0.464132309720556 -1.04186410818638
1.3749430587411 -0.740531388110994
1.6730509999419 0.208676940887285
0.534069243188128 1.65693885019544
-0.609782498910159 1.57043016069347
-1.01390723469413 0.808344805145461
-0.942888016579354 0.00314917307878902
-1.05571132157789 -0.675152345767565
-0.509364379381351 -1.08121693904408
0.00732619935353505 -1.06493878263948
0.939513353085696 -0.939794911392555
1.95212394985706 -0.3097480420048
1.10444803816156 1.27822335615133
-0.430154174087727 1.66768711725486
-0.989955604167738 0.993205096389235
-1.14792894336964 0.111261428316321
-0.982460119254872 -0.307598937460988
-0.646609518265422 -0.977942627577943
-0.308837782329136 -1.22537720806037
0.457595197414604 -1.17168506095327
1.66837837414909 -0.415046068276918
1.550174358993 0.81468420949745
0.0184381825408524 1.90879893690614
-0.84026710746692 1.26406858596405
-0.962791228391111 0.427839468086309
-0.997461459784552 -0.411858644474451
-0.852479571091278 -0.691873324036284
-0.641715247113616 -1.12768129136761
0.211678147075157 -1.0657602526498
1.29619895978771 -0.717690672764958
1.73153212784596 0.0957843131333468
0.954697991201716 1.43462156335402
-0.456162530266847 1.61444011214862
-1.05641360308964 0.893169235212343
-0.831695486445272 -0.0546085066694965
-0.934219097173334 -0.51116886825145
-0.643780645098484 -0.890699959722483
-0.0336585352753744 -0.935831434827037
0.881254809362663 -0.928019037857506
1.57538289905394 -0.225751980583385
1.22998336032825 0.999260919431696
-0.26101782456617 1.64124368862775
-0.790843200289097 1.20345074451946
-1.11165128166204 0.00396079243739447
-0.911636632926917 -0.534596754086703
-0.774470237607129 -0.916352994190432
-0.0394706580430272 -1.00032197693134
0.486767672534777 -0.887419126278723
1.54242073094025 -0.42332604354972
1.49808841541964 0.807279212400963
0.102260605399594 1.6693195659673
-0.644134892096174 1.56586753587078
-1.14970667755062 0.596785537962323
-0.980908181754691 -0.188955347129356
-0.82450489741425 -0.795686563005451
-0.314296504474963 -0.969802109286469
0.259313552471491 -1.01453312885838
1.29450902501637 -0.770431989756969
1.77255671622189 0.399615021784958
0.598927834034276 1.51214938623364
-0.614898727907631 1.49542235106652
-0.897660868981537 0.644942367143249
-0.979813079220536 0.050074033537204
-0.774838298608062 -0.56425653865308
-0.838258551513572 -1.09493054418885
0.140471568515039 -0.991203588371325
0.982353483330661 -0.793157784152069
1.77822182719678 -0.329526080523484
1.32714820580468 1.53935789320939
