-0.735446575330019 -0.354722074019999 0.993754165829017 0.721095190326009
-0.907041704415749 -0.734741041414357 1.26234105439959 0.584774573017452
-0.816137911245173 -0.751787626944399 1.01301243313632 1.06081493217686
-0.622176597734487 -1.09868340311395 1.1151711412118 1.23641262465077
-0.319667431234735 -0.984049459580767 0.580494133921234 1.26790253434077
0.616423399787936 -0.99358652858923 0.148963343088635 0.639131938269601
1.06565344766628 -0.704353182666453 -0.319977634353955 0.20357714484226
1.78506838598541 -0.354650404943545 -1.15682025230005 -0.262994952750914
1.78292618121054 0.510811510229553 -1.07943499326705 -1.03041970141868
0.825800279681 1.00064026676666 -0.804381836779456 -1.21404795353722
0.528264438065071 1.57157850722828 -1.31723580540679 -1.49861614903967
-0.106880272541221 1.50082368913141 -0.963852730105104 -1.23981602851277
-0.480008683397389 1.37967710676972 -0.988334513925293 -0.534708709865088
-0.240563443422599 1.03638562743468 -0.45776138611455 -0.3099167999845
-0.350812994911295 0.400555401270056 0.0127615180043694 -0.191911622796378
-0.572251318523984 0.375614227124142 0.381366335872645 0.359752022917166
-0.686813252138322 -0.0683051411669085 0.618619488401548 0.240772889795099
-1.0334482017619 -0.48711400246183 1.2200925605019 0.850013426133958
-1.22312799325695 -0.799614430013229 1.63796781066689 0.758275959961489
-1.16715431962627 -1.03876698317335 1.71169751389861 1.21764293544404
-1.18640257345637 -1.17970061318421 1.69635310684711 1.5204735781476
-0.793669793363349 -1.51644487804296 1.37037211958001 1.47570850828692
-0.217939416826111 -1.64063484582409 0.910623852136956 1.13363055619756
0.846588684209746 -1.5238290455081 -0.0368441877852004 0.821770346881698
2.4130911070558 -1.04624470432463 -0.95710426554785 0.109536242627955
2.57642693821256 -0.261814644059881 -1.39258532199315 -1.03503419808556
2.02909357391909 0.626282548255024 -1.18861260336573 -1.80729447825785
0.928797633540173 1.2841433271102 -1.18324191529424 -1.86311378597323
0.315643603826643 1.94532163396394 -1.25259961897703 -1.64773170263238
-0.583998127558633 1.57481455115989 -1.0126405041796 -1.37039594852503
-0.485115388345992 1.24923808052405 -1.03616311394634 -0.893740159980639
-0.229812463157298 0.821646216503255 -1.00426645175007 -0.441103249052446
-0.54200939876785 0.368681018881949 -0.614675753883558 0.0820407042314533
0.0104049216021582 0.485015634570428 -0.478893403017115 0.0445022937221635
-0.197074838091717 0.236484342482521 -0.482388308804654 0.0853020978959267
0.050332836896786 0.0318646573867867 0.100947815338195 0.0674589708411131
-0.0196127942276503 0.107676541081256 -0.133918339532854 -0.0889930792168173
0.384886301178602 0.11645026840794 -0.283311736337087 -0.126700964306925
0.27401684764461 0.278436312622878 0.0102909281100259 -0.0529917867864184
0.368478192042447 0.170766622804316 -0.337843005259015 -0.224823383924671
0.449297707128962 -0.0868099034146868 -0.0684692424996318 -0.0709214807136221
0.347099722186665 0.253457383320433 -0.151670009987222 -0.44816059118777
-0.112097596501468 0.340668082631039 -0.535746207178057 -0.361584646290169
0.110958472519666 0.599815937670568 -0.184860657297753 -0.275254565165533
-0.209520974723278 0.381271002042517 -0.0353837872762625 -0.268384943059655
-0.409013946546686 0.15525766191756 0.409739434452119 0.382658093053754
-0.736403846373465 -0.250677137471619 0.780858607896784 0.172092227559696
-0.673224047979583 -0.330904324093129 1.03512864967844 0.616630031103224
-0.759136566226089 -0.691010353793672 1.00635290827311 0.586475028580748
-0.896386753345048 -0.584265005021042 0.866737900309502 1.150259342852
-0.762815321301532 -0.736786517396423 1.38003952610833 1.06652517029312
-0.521994892147642 -1.04850858263738 0.916516023346537 1.17401798200467
-0.0999652135884638 -1.24474831395911 0.675224140636916 0.956789154190696
0.915908101913439 -1.01638762708129 -0.0335846087888054 0.651846661636444
1.58856806420198 -0.775355493229861 -0.510871218545906 -0.268017634018446
1.90142325652545 -0.208652691367 -0.989423848954498 -0.990376015505067
1.71321074799086 0.766452851151839 -1.11939921868151 -1.28214400626429
1.0559149324059 1.38621039691635 -1.31677490848567 -1.45319374564916
0.114076038944825 1.3553077635554 -1.00959320324152 -1.49343636471251
-0.132148886774388 1.39348207570076 -1.30963444827821 -1.05364956562686
-0.623287506178569 1.17730640995194 -0.929102568001119 -0.791416673160082
-0.338601771894869 1.01069507624164 -0.597612702207102 -0.478199035784323
-0.606653276321258 0.839059637454528 -0.365404415875164 -0.352318866657272
-0.501359177836151 0.410613637425757 0.0909527568412542 -0.161391279027371
-1.20871120405524 -0.149971600154966 0.984081650635352 0.493426562188528
-1.21027566727464 -0.600337178717631 1.60357132561567 0.899599949628023
-1.32367870905831 -1.01227496915646 1.90903731640668 0.947355848168553
-1.51289169862459 -1.3570705417552 1.83400444959281 1.65453137381088
-1.39793176776599 -1.41434405818568 2.40004559716767 1.95653742779201
-1.57915448909049 -1.71928107209651 1.83873869717141 2.06080638678682
-0.872637325391496 -1.97966200364642 1.78780788069749 1.75765731987039
-0.0192974505814152 -2.0874967052512 0.844578040152926 1.58306279488926
1.94912752184105 -1.88552311247193 -0.300098332930056 0.876417030190074
3.19006306834894 -1.28934449018435 -0.874065239598589 -0.518152724438205
3.03768024121488 -0.128129700940537 -1.20079464458532 -1.62678518116313
1.71981508581641 0.932490754415119 -1.19849911642704 -2.53625232343854
0.792711613463703 1.53472446842084 -1.42686742512099 -1.90412864231496
-0.0509959746960953 2.20873788580042 -1.20574888938347 -2.00764199097061
-0.232054708116954 1.63983732216083 -1.22178224567613 -1.20262121818251
-0.681461593837892 1.43421363321977 -1.25652083314948 -0.650305685314916
-0.313184306661231 1.02356207172653 -0.9488071492459 -0.460149543510256
-0.145301944552287 0.88651467184277 -0.767974291168865 -0.052063974564223
0.148246852060869 0.509660194588803 -0.67144485443405 -0.184405205847199
0.0856046923193965 0.543213509939611 -0.509439759496447 -0.545530748624652
0.166282508200828 0.555499345145661 -0.725619000247244 -0.491656220319654
0.242083297470828 0.358836089638212 -0.746609480691437 -0.483554170854506
-0.0651258949581394 0.558309309747691 -0.607742550131369 -0.577817256008863
0.181735427727356 0.706773748834518 -0.596162325920908 -0.351011097780281
0.327143706259445 0.593506097467168 -0.271537359101034 -0.611542663906248
-0.103797567009836 0.561655738633025 -0.378029143961847 -0.376178703292385
-0.0880821180056609 0.526761941362599 -0.142772018173037 -0.263307117923394
-0.599863298705025 0.468036376607158 0.268427341626468 -0.185065643009108
-0.584692161958506 0.120380662827863 0.407443440343057 0.245484587600481
-0.559248959489908 -0.207321340672163 0.781944621275845 0.285986343433067
-0.602846871511016 -0.65089793993435 1.21732042410543 0.687611542830986
-1.2227023763787 -0.784295033948056 1.29707913914831 1.2137926907034
-1.11119269748932 -0.962572230125344 1.43990520600973 0.938001942532739
-0.703266523915391 -1.25882290165716 1.25037295558864 1.57845989534811
-0.280521504803166 -1.06494389965009 0.886636569060712 1.18445946220906
0.529844253938589 -1.23978209302272 -0.00644053641868684 1.00989985896835
