-0.280325623559311 -1.00409677073469
0.548767401685932 -0.771649742796949
1.47010240061915 -0.443109934409678
1.35781644347458 0.550479190774448
0.162343055731487 1.60826483330069
-0.676238626776559 1.25398178837888
-1.10477398839229 0.350869168398202
-0.993494525971287 -0.234391976241393
-0.686197502238369 -0.719344052616881
-0.385767092179626 -0.920327999600137
-0.00566210695125406 -0.918541412842904
1.16600448828664 -0.879560130092222
1.82055224157413 0.124528546034306
0.654808821205781 1.42381685660002
-0.424360671152711 1.48028103035488
-0.891831820791137 0.803760124209603
-0.969445227148555 -0.112087549991074
-0.885164124850378 -0.656951389974854
-0.645369141851186 -1.03770692241385
-0.133119212620934 -0.855857332092875
0.705953247715977 -0.856584449999566
1.75185425378753 -0.417203669932271
1.42817859279953 0.877083729807181
-0.101158689393016 1.8942425896774
-0.999004517587579 1.17307147069996
-1.12733165846799 0.280415227423628
-0.957195765213569 -0.29578790647919
-0.840094216896844 -0.865549400341434
-0.340990846863239 -1.20608296870833
0.249972461099359 -1.02167361308002
1.45786706444261 -0.782037486402918
1.72067974657738 0.266130057756578
0.471673658730368 1.71112950557502
-0.608334428258854 1.4906856885759
-0.875799177017965 0.675161349527789
-0.996506161186936 -0.257924516448438
-0.983731037689988 -0.789601812182864
-0.61470600832317 -0.990743303180798
-0.104852023572567 -1.17876852702657
0.849394545812247 -1.03975988521824
1.80030736227875 -0.468572946290227
1.36489966743338 1.14934060784161
-0.165755033467828 1.80646120363012
-1.05143476913431 0.999775922461113
-1.00252900172095 0.232121690208076
-1.09878657597513 -0.386932123766479
-0.763592892268322 -0.981940408367629
-0.546720157899848 -1.10601031308508
0.434772516866672 -1.10619410942929
1.63356075031902 -0.62370160791826
1.76094929742679 0.317220319431187
0.565573251661734 1.83643600286265
-0.608110388682074 1.50606679057823
-0.895700446577259 0.332264674187678
-1.12058799533237 -0.286733990966491
-1.04053762144873 -0.728575731880696
-0.6114284289942 -1.03821406191342
0.0159735898099891 -1.0790375334444
0.982968428975526 -0.976725370837713
1.81974939670831 -0.156801423210278
1.2313015172008 1.3977663567614
-0.511258217425764 1.55288956182767
-0.822457516594749 0.946426736116821
-1.14124893406439 -0.0532077912822426
-1.05318831459613 -0.530245849372425
-0.822072426562471 -0.741084222202848
-0.40320474775341 -1.11580760852946
0.45699679230051 -1.2425885738054
1.59084577807309 -0.494750018078178
1.80556847832263 0.617839827471511
0.242823458305949 1.69223367984093
-0.684946268450242 1.39962356520312
-0.873274338185479 0.461077894395455
-0.985563209479319 -0.269631241477996
-1.02515070167612 -0.808681527180647
-0.672403966148477 -1.00716980393201
0.0051570731386212 -1.23180313144594
0.809011915826115 -0.936508501885448
1.93246577404426 -0.00187431486834112
1.12614984309186 1.28414693490063
-0.453237234449581 1.65653812698363
-0.954404012691415 0.904777829322197
-1.11724819510154 0.0968785620939348
-1.00015024346856 -0.412518324148827
-0.738656095009031 -0.866245013396808
-0.298966024864238 -1.07459463453591
0.425497529993255 -1.13207032768829
1.58237544467962 -0.601909057755198
1.79582747283534 0.823213716676252
0.439167672714207 1.69225804148614
-0.739830156379919 1.49362057435575
-1.0014791049239 0.361630511115862
-0.946937235395384 -0.416026209990672
-0.733609627746257 -0.725836441435892
-0.610368169120397 -1.06634744643946
0.0827797377513174 -1.10204255137871
1.16040538882261 -0.695895013402226
1.77602853990886 -0.0888012200796763
0.901229487581212 1.65445412623499
-0.432062343070038 1.63145678514929
