-0.97744528320272 0.527208250228986 0.0635091425064274
-0.995740468366228 -0.29490316934052 0.956732361132785
0.375977598908258 -1.40912100054399 0.880437741446752
1.04351566380015 -0.65881895010201 -0.613324054083609
0.49691304137687 0.377675793676259 -0.813938523112151
-0.591733056454953 1.21789428001899 -0.621828854035066
-1.09759224269038 0.172388514845231 1.06450272475459
-0.189655471431409 -0.949628787484727 1.21167303300985
1.2552469664758 -1.08315022621018 -0.168540265123353
1.15685557807558 0.00649343477741468 -1.14868851286478
-0.192326541399646 1.13367110668507 -1.26667997617329
-1.52477040593134 1.07571270890434 0.188904610816282
-1.0021028297979 -0.447288176188784 1.66247233179628
0.496882859520621 -1.59396535081876 1.14408341058667
1.71684228109705 -0.961264931986763 -0.724446346523618
1.32925436135 0.794232343444309 -1.70573207585229
-0.881883472787832 1.74385459459164 -1.10980567700885
-1.46059416937955 0.77264839257305 0.678471139384506
-0.788750348451187 -0.963457768882156 1.51270162947564
0.498595136241559 -1.43657205848632 0.495876847220583
1.32929250579455 -0.944682528617273 -1.02708505534522
0.15842322343434 1.02520563507853 -1.27991330384655
-1.21101931005389 1.46969961656601 -0.839891313666576
-1.68024748741401 0.298530907616149 1.04969794207085
-0.601416124577858 -1.12821209648527 1.63171161467581
0.558033461388493 -1.43673641442202 0.108557558183324
1.10142455734331 -1.32891272180352 -1.35646245482976
0.332663580543136 0.880400807354364 -1.44936024223744
-1.21370478218944 1.29072964946588 -0.897663527238772
-1.46468079162929 0.552230735997964 0.135743230766016
-0.860581839442115 -0.82498171355479 1.54599236958428
0.633186993742593 -1.44161467152969 0.687534384023458
1.2889310554006 -1.22297131323353 -1.04815373031105
0.689187507651066 0.349933838304466 -1.62635121181524
-0.570534159064669 1.38833381185956 -1.13023596961942
-1.24793620090617 0.765164399719318 0.479720416466372
-0.889224909773421 -0.837439816425031 1.52737048102704
0.751579754499197 -1.25102403421153 0.388615742848817
1.30386485343183 -0.767356582419393 -0.577914049930824
0.736681462490522 0.458663900637012 -1.28419464087011
-0.59205623892467 1.529389707911 -0.506815144668148
-0.866372114027199 0.424992170101851 0.80259858904133
-0.722439175805054 -0.693518125456679 1.3564262931601
1.0287254893697 -1.00637194077442 -0.0675755995409183
1.19657859665326 -0.41110616582644 -1.09760903866981
-0.194680262656668 0.868840398515182 -1.2006111463236
-1.6475103564822 1.3411319190655 -0.115651187315021
-1.14513291092162 -0.260642115552811 0.617803966078982
-0.376627243503444 -1.26613641426838 1.07060807314128
0.713554261066962 -1.11918119911083 -0.504817379132586
0.913037839455999 -0.320647129100952 -0.884194265399633
-0.268088612536143 0.973071570523214 -1.05763221597204
-0.705412442272212 0.958645439873392 -0.253857637929093
-1.15978334557284 -0.232536600995512 0.977247369294901
0.0099284264578392 -1.13779929608982 0.978481079751545
1.51941723300087 -0.970351438573882 -0.19244292032422
1.03980101150426 -0.342808558285765 -0.964365668126195
-0.507637080899483 1.20548707247551 -1.26375070939047
-1.38916087095448 1.15412641883758 0.00271062630787516
-1.17426817828787 -0.376716718450285 1.21835709050758
0.0352179427817409 -1.06730434333369 0.851706214507073
1.26996893886315 -0.821953265703279 -0.088771849288177
0.785788587482723 0.209172255135715 -1.099454482619
-0.716321158374063 1.21719489599311 -0.892835591444433
-1.16354721846573 0.812658290484802 0.463314191199302
-0.843474108122907 -0.778891690227594 1.33677450304703
0.621586602714241 -1.46735229391553 0.442956284936757
1.15677766133882 -0.981054383900285 -0.745226180627854
0.651177765817032 0.460240105085485 -1.9830954425919
-0.800397935274618 1.73013209971998 -0.877384379587826
-1.2317245398983 0.668381213246162 0.480977619019671
-0.769186764444726 -0.91210387238849 1.36924685976197
0.80243630163985 -1.34584448894943 0.448419772024025
1.55858378972271 -0.643802466047587 -0.751435237148428
0.479077599780495 1.38821026983279 -1.26037865333842
-1.29216917148539 1.27480783935381 -0.308123067048021
-0.935782660973569 0.177670961466507 1.17367814549571
-0.104782059295988 -0.923110317101549 1.07982717575184
1.26486109910036 -0.819342360119088 0.198205488159575
1.07847979279805 0.388349893312718 -1.09492166124622
-0.344441157903844 1.63069837694144 -1.00471659893808
-1.11430421439547 0.734845345450148 0.438459729024155
-0.313837410919627 -0.904226001719932 1.62354191186393
0.997659420908374 -0.933100391280057 0.599099443961451
1.37868740313776 -0.160715066424896 -0.6355438294375
0.366549569635162 1.32778872598443 -0.802170552400271
-0.924992538176072 1.28417323359408 0.533522414193593
-0.626992157229095 -0.133158791103614 1.50991440663693
0.763773968275866 -0.738296191654911 0.938433138362437
1.95773381611661 -0.454744555318399 -0.47013566287075
0.630317771719703 1.57849594695892 -1.16578902664557
-0.816444011492312 1.7324564352005 -0.0238250494469723
-1.05797868089757 0.311253317436538 1.48321052883078
0.378648377250607 -0.778058758843957 1.340587745592
1.45392137957223 -0.522165021640388 -0.098513645005984
1.09459379033657 0.80400360686893 -1.15212814521047
-0.532797377974562 1.76339559686445 -0.446964235149096
-1.04870471094067 0.551912503384024 1.22724875477295
0.343211869867863 -0.672932599059199 1.75516176518742
2.08553785511808 -0.624123457998396 -0.0318819040638887
