-0.987023480139571 -0.22098700294781
-0.835777344477035 -0.663216155717076
-0.368351320485794 -1.00652643497799
0.267809294599062 -1.09506950037415
1.30163608489202 -0.754195965209825
1.77783345336977 0.255527159516847
0.763587526154883 1.51361748738584
-0.454936521315126 1.56567048274268
-0.866008937456854 0.947661074092748
-1.04698198652918 -0.0583188069446065
-0.985958649947121 -0.572584687915096
-0.586425437410843 -0.91417020326148
-0.0557049473966294 -1.07083246656295
0.688483530253529 -0.989783793846354
1.57445869675789 -0.479886308281444
1.51498142985223 0.958622863331256
-0.0995806326850609 1.65132671252503
-0.642937883681579 1.21232323264729
-1.00577709577411 0.247918437783328
-1.00902478956312 -0.321521469302974
-0.930920294993524 -0.559456357078793
-0.285394082917555 -1.06864261218707
0.212493840434095 -0.999885577145495
1.30379349008394 -0.887211099911174
1.67267576458232 0.331190657289957
0.663687397028167 1.60583707891417
-0.516248679367851 1.30886356081597
-0.958017754483916 0.791417012950085
-0.958380835495539 0.0141041336254626
-0.918353709231123 -0.576524469510921
-0.811400613076179 -0.972650017678297
-0.202868021166503 -1.18285214918278
0.742134254833818 -1.03203545106336
1.76467125893808 -0.205531405818993
1.05454855506578 1.15106278224133
-0.202161671712898 1.80453924376853
-0.796364830453252 1.20069557707719
-0.997001309379466 0.101609236170262
-0.976797964617454 -0.596890544357962
-0.71961342381441 -1.04628630282438
-0.305259463030636 -1.02928291294193
0.430189026225473 -1.11659264573927
1.36137110770236 -0.628677076992854
1.69014941502527 0.805558345837525
0.308392586791457 1.85299648916413
-0.691915254761887 1.52589579274458
-1.02175364329116 0.24791412688607
-1.0299235792825 -0.181985410729932
-0.814507237821738 -0.722143625477387
-0.527548671875763 -1.20528183576178
0.255513873873344 -1.11781520887067
1.22289524230372 -0.674846497636333
1.95244484141096 0.171429765933274
0.818660689450361 1.4998294495024
-0.265404082387225 1.49815384366974
-0.926827780350301 0.834723345663647
-0.861755340028059 0.174068841061496
-0.999616663980894 -0.62319631535845
-0.678546372203937 -0.846123676559891
-0.193515852150327 -1.10275921244
0.839842076739783 -1.05878653232159
1.78149120442779 -0.297575097504928
1.32429610234354 0.959419167689704
-0.071156752358653 1.84596203675777
-0.803387204724989 1.16466223553184
-1.08639725370539 0.172035312967771
-0.959299641718426 -0.462326500285926
-0.8720360446271 -0.772864694511952
-0.32849185943306 -1.00673920930517
0.361396435317409 -1.13682517433999
1.60339357424127 -0.549572268591088
1.60576162905658 0.562813532581873
0.219610593045183 1.82787938443541
-0.533072345839926 1.37515806741373
-1.04999345378575 0.538490532231328
-1.06251305822949 -0.164114317105845
-0.925085273519058 -0.661577815969605
-0.457474266241865 -1.1958632834873
0.328369280814071 -0.89219783814041
1.33995472436195 -0.734283927549061
2.04231413656413 0.0713474316771197
0.796500432057639 1.68457641575559
-0.563867734158717 1.68907967327938
-1.09832991611945 0.922011747074923
-1.11473866992185 0.0647854415152727
-0.848133566947191 -0.702693468823991
-0.84697827642611 -0.86605898102413
-0.293721668299905 -1.12168770514074
0.772660041235534 -0.885137546214946
1.72596740638603 -0.338060519331452
1.50322063842136 1.25430959907655
-0.138496399615067 1.84326766853233
-0.846549084293891 1.38662651858092
-0.934544435523289 0.374774371079489
-0.994611853944756 -0.421454185455775
-0.966939120058416 -0.83766539259599
-0.212917227494392 -1.14519422601317
0.333649374080604 -1.29726407140546
1.65925099807399 -0.659447457247464
1.96323125892745 0.721397543453606
