0.181611593557895 -1.01337482057823 0.809970634965901
1.2692670906929 -1.14575457166759 -0.536378577926829
0.740567650496018 -0.434707663978853 -1.22483194010127
-0.395139354168845 1.12512448486788 -1.45710080614153
-1.08242195155024 1.09312120936461 -0.236999228544252
-0.846736598982034 -0.177439996999786 0.954466400229757
0.0976009189056541 -0.864560779671867 0.55321019343837
0.956045128304717 -0.803916098000541 -0.165967825720988
0.906443596946984 -0.0594285081958264 -0.94661637477783
-0.259957061604589 0.731742618565497 -1.01789758518246
-0.796171360246309 0.581307172930552 -0.0112356118545948
-1.0777341348898 -0.448551567078147 0.929719153389595
-0.0766740442322704 -1.18700149692177 1.16918640445524
0.952401521378328 -0.77141216511503 0.03387617020358
1.12336191699558 -0.0351335078945012 -1.16756837709175
-0.36477642795742 1.29730568770104 -0.963249790583649
-0.884956113464972 0.925487952343053 -0.0791329798108881
-0.833573588559297 -0.0776986559093044 0.795608073344088
-0.192956010664857 -1.09759324482798 0.731509311930448
1.02139107131349 -0.954857406240912 -0.124558392152145
1.15643349398304 -0.00335275570462445 -0.966009468854145
-0.147878047018323 1.20401074499839 -1.20259896281061
-1.03262215848104 0.483440489429518 -0.00444566633025834
-0.513113693989279 -0.664944137900209 1.06051085505332
0.205264934196815 -1.06299799301381 0.834875173935303
1.36858291228322 -0.620092963839204 -0.375409794785553
0.538208151384617 0.565906176977259 -1.06805607936258
-0.52503043552768 1.62690019933903 -0.271435468830507
-1.13707319287331 0.266475015596461 1.18109727324622
-0.204277429330655 -1.07580737417361 1.19340615427416
1.58798899848537 -1.10682143205282 -0.0207655930196756
1.23431375147846 0.0430725911821688 -0.936177750544939
-0.54695250115641 1.47886756061852 -1.05538606926035
-1.06353040332128 1.07575807217555 0.187178268187429
-0.984944155808685 -0.562268750345176 1.72166179176105
0.559236738206643 -1.34650688670708 1.18687516814563
1.69340963009643 -1.06770723749671 -0.671056082890146
1.25956543376494 0.532138069895454 -1.64748248251586
-0.885652896384857 1.94970226800701 -0.850374403054084
-1.4748562790326 0.790242780149565 0.874107259519694
-0.859331810385076 -0.77054071520104 1.94896064449019
0.747046030899025 -1.62479768929144 0.602366635016334
1.74460291396284 -0.599800846853335 -0.945613525172614
0.776384492533407 1.27630713031586 -1.49225184588406
-0.868930628871582 1.49823451951272 -0.520273489654888
-1.66610844395216 0.195316196039786 0.953057023577031
-0.880334234206228 -0.933276094384322 1.4883082323228
0.857311601290197 -1.85141423922487 0.36345841894036
1.6957050882552 -0.792703583469422 -0.850054413539104
0.414033266674419 0.795711785163761 -1.64955921519349
-1.02554978855557 1.5380073132169 -0.87479889533613
-1.69046788218898 0.681443363455863 0.497259642756659
-0.890828090727196 -0.944615103960839 1.43546813746837
0.195003228198365 -1.58623792787681 0.8471479136209
1.53508328878765 -1.18775763355492 -0.762261643166454
0.94007547759665 0.462515753336152 -1.61036764060548
-0.52695860362116 1.81140964437471 -1.12933236833936
-1.51172895762861 1.07742226225574 0.205905671806886
-1.0433491029789 -0.522452523379088 1.40668016098479
0.611290340660768 -1.20678020579712 1.04657254387945
1.43207650936907 -0.672734891582199 -0.637954793438621
0.764395240181284 0.694688679560011 -1.0806022870747
-0.811793314430303 1.63899032151193 -0.761942423384045
-1.32383514130024 0.716908626615007 1.16349627815903
-0.262182888435058 -0.752007032052801 1.50979093839074
1.3538328405035 -1.334963712923 0.164605491382922
1.04908706268272 0.0068253688876972 -1.02085367057095
0.341168642070251 0.98131386816277 -1.32228123317469
-0.977898168240924 1.27042836824056 -0.0860360354410792
-1.15316431985829 0.184183799471768 1.13039394811925
-0.338575406652317 -1.00333391458855 1.18570228211936
0.842235830600351 -1.16118218704267 -0.164995736683084
1.21393836594258 -0.307568729576612 -1.15683263138506
-0.128435556154282 1.16388940960012 -1.08041357578931
-1.11176239802157 1.12870757788303 -0.179089979914585
-0.990363013360697 -0.10775200686817 0.974703631609125
0.0232464642051112 -0.929040238638689 1.55873659895057
1.18183813032327 -1.08286006871987 -0.128115058330388
1.26392954233674 -0.182656633037496 -0.985949802894862
-0.328955502990838 1.22640233534727 -1.03932144687152
-1.12978006607581 0.930272552825083 0.0817590361348171
-1.08619761037143 -0.292452184177264 1.33438590102018
0.0658169788661787 -0.957378053248145 0.868431922783219
1.56779498064986 -0.730298489681687 -0.243083927510855
1.17804998467265 0.383173575168457 -1.11646020700717
-0.859736852895465 1.65504591160531 -0.800020501859707
-1.47781928364331 1.05302916299339 0.429854137982454
-1.1018616416686 -0.893594933360857 1.36923748334946
0.602642596181266 -1.19340703163282 1.1070242030268
1.55639262771262 -0.580230903988723 -0.897562875664058
0.582134102875432 0.629830797633539 -1.46238670436199
-0.945761671103753 1.64603555545312 -0.885091092506872
-1.3374011699253 0.722193537979487 0.494747401667041
-0.79377639550479 -0.755064389980379 1.64743229578588
0.957053528966801 -1.38973688169405 0.565091016804961
1.7263208912898 -0.474838560205812 -0.585087259351563
0.226685365019884 1.17288877183412 -1.17485300312232
-0.817464973765423 1.51106688908288 0.0064731744503372
-0.995786820399065 0.310620580337333 1.41995781549555
-0.0337023686212769 -0.73005933169937 1.61991572720069
