0.417480904638003 1.75072354360958 -1.26055526398095 -1.6195405113607
-0.196896200452207 1.50679544241577 -1.36050789942855 -0.992635324664507
-0.772425281039412 1.30185242724131 -1.11812088223704 -0.445640221866243
-0.412262779803582 0.872028604122794 -0.69789298958648 -0.0565290438273979
-0.356234193393465 0.512771088978311 -0.455028335329089 -0.164597768897998
0.0884231819506983 0.102284918394218 -0.17610255557311 -0.162107791405591
0.116320276540762 -0.0240091683261974 0.126740917885706 0.122074864725659
0.0105341649206274 -0.0554367283051581 -0.372846549330695 0.398737127993474
-0.0524762156103385 -0.050841013581408 0.000520587264816382 0.342116465070157
0.443082785991017 -0.128208707392539 -0.133754866979507 0.137932841334333
0.534238533199783 0.00948715132420673 -0.0377075442883107 -0.059538281946833
0.459196502390971 0.0719542559047292 0.0582049183919751 -0.325074883600533
0.303387825079292 0.101611410310261 -0.349168425489421 -0.177712723182057
0.126557562378179 0.169999381686058 -0.186604523338819 -0.460457257559078
0.206627499582034 0.145574721775329 -0.0865914607460984 -0.457496979538064
-0.565686042197353 0.101795747044105 -0.0625789092348507 -0.339275123652504
-0.483323183712111 0.184305530937273 0.212948878864459 -0.317460648678502
-0.482478593822361 -0.222920036031475 0.641278239860338 -0.0266855820073383
-0.900401616748095 -0.440131128356358 0.939639832552241 0.492920872879819
-0.549783517838017 -0.485653748089969 1.04642869355179 0.80001979861302
-0.623290280601169 -0.961514727263073 1.45819753206662 1.01661359071324
-1.12213566072814 -1.02288241069144 1.05741688310118 1.4149132361073
-0.927926832641558 -1.21220966154507 1.26560239621539 1.2723598032941
-0.935759850032358 -1.23370271703225 1.1096168294645 1.18814332473213
-0.298840320747069 -1.35151669958137 0.911475675841838 0.956226669166876
0.788249674779478 -1.29495954891771 0.11102949879696 1.31413327386053
1.84460138705077 -1.08727114378349 -0.474074181563555 0.0484959799925218
2.34621163870088 -0.319971526320832 -0.942904446185592 -0.841316302414745
1.59295652966726 0.4621145721039 -1.18995470001637 -1.33162408052268
0.977217394248156 1.22790556836896 -1.29666489096212 -1.36698607884409
0.244652260112962 1.36465288437632 -1.08133473927016 -1.22368885910499
-0.133942565868929 1.41255453039911 -0.876999251961014 -0.885520069955423
-0.298837606308015 1.19529224415399 -0.74931091832306 -0.971129714202351
-0.566979420155828 0.670264628940188 -0.49668677547434 -0.498881152959613
-0.180872012965865 0.666760209546604 -0.279895158133812 0.0308535479255496
-1.10568281450778 0.283960684342739 0.525719975318071 0.434696269694788
-0.978249743070284 -0.368928606890552 1.19978865438869 0.548179123362112
-1.55290048704191 -0.633199420620591 1.89504338125325 1.22170811550429
-1.49402455204068 -1.21467012506318 2.48041444941416 1.54448162693085
-1.67844761725106 -1.56758697153927 2.57724810261885 1.95185111929615
-1.66845079722125 -2.11987132982096 2.63977696151378 2.29713891923248
-1.74603895144669 -1.98990720152558 2.19244969941616 2.51822007740345
-1.17917350109778 -2.05788233550115 2.00356778431337 2.15577072422564
0.123149505821052 -2.16337937335918 1.13711490790347 2.05860948954738
1.78308710519693 -1.97964039794741 -0.0662942480578226 0.949502566512641
3.46343857073521 -1.62270658611806 -1.01741846253059 -0.382601689864241
3.4515635496762 -0.175582447545703 -1.30554056024449 -1.87971490964988
2.25346376238459 1.15301422870534 -0.889933436134744 -2.11931503162621
0.866299679732036 1.74528293858065 -1.40313017570144 -1.99438052812173
-0.312665876976426 2.04246645114651 -1.12730748530692 -1.9813011138908
-0.580681677028872 1.65836955412338 -1.21281642285772 -1.26925501201353
-0.798941858455654 1.17725108939278 -1.17492417669705 -0.579469325034353
-0.584220030951525 0.821831111124194 -1.05298161193815 -0.232838410660343
-0.283731706633444 0.683467664618176 -0.677371910412823 0.0667580115161575
0.115974112959776 0.493358124476891 -0.38817210011732 -0.136640642223946
0.028780000558384 0.297733145127162 -0.603642150732002 -0.204219144039086
0.28892223908495 0.430288004417278 -0.307776386518789 -0.392423379485295
0.220908773721128 0.291949067073793 -0.513724822631934 -0.492475014424037
0.273763808879947 0.436966512535479 -0.267544986751451 -0.237146514252717
0.253114713254958 0.348475889761616 -0.583609688844537 -0.284954865689209
0.229928858988181 0.276078831946728 -0.325859312389305 -0.426958193009635
0.0627438039153157 0.266301747833158 -0.327829086724954 -0.274703342590623
-0.262963325713618 0.289162919527992 -0.117695576687616 -0.372338268769836
-0.812224623829892 0.111777422926658 0.22867690238176 -0.189330224715963
-0.441252080140341 0.168117324316348 0.515924561084574 0.19919537328741
-1.02101670356328 -0.182426015587136 1.07170056973453 0.631014521695501
-1.02678854290217 -0.594792243685556 1.53930012091685 0.370545184107207
-0.885176713802031 -1.15624202316335 1.57286594400845 1.35291489501659
-1.14251736344347 -1.1084317165772 1.88497704854727 1.2887715075695
-1.2060686385293 -1.21223487605779 1.559069925998 1.33422475207953
-0.454374482048313 -1.61518096538543 0.987675375342006 1.50647448731216
0.499180831955038 -1.54032342578867 0.709868137132389 0.975463456300695
1.4037403102427 -1.07122162967247 -0.493610526950127 0.328101480678217
2.10090423775165 -0.780276696857688 -0.929356868389841 -0.40866710653643
1.91515891323857 0.10838941390012 -0.947567158701671 -1.36288181378105
1.33432802239985 0.979978867619227 -1.03467607228866 -1.75377904785784
0.594782269534888 1.26377268998706 -1.01937916982111 -1.27521414601747
0.0852765191494246 1.33563055886698 -0.534727884413568 -1.53058630560931
-0.111965603726902 1.38445792872333 -0.784644856193307 -0.675608821001707
-0.261479320707363 0.883723446266563 -0.646841883165764 -0.365600652459306
-0.554849433230569 0.741677140027883 -0.511611050682602 -0.206186443039522
-0.291505693061526 0.31758106120987 -0.44080962517901 0.110287929537203
-0.61383762690848 0.128535971681707 0.489991158140128 0.280217003499365
-0.488665681739224 -0.301013859844658 0.37981129190567 0.312491143262463
-0.583943483658461 -0.449453761094464 0.925008017715958 0.775003733146169
-0.361169795580194 -0.642984255667061 0.939231964560789 0.825676982575332
-0.388495908014616 -0.93453012138316 0.745194270897934 1.06389672841033
-0.29900901325547 -0.979805713659427 0.825935220257906 1.24546661994699
0.0348564629302392 -0.961786190252847 0.421395942256221 0.316980967282892
0.67476399905541 -0.605550748830786 -0.294673922844792 0.61656856176715
0.813347199961674 -0.338701510312843 -0.548312539575604 -0.0704851471116115
1.61376842632637 0.14738283972478 -0.701236724525626 -0.463190278702106
0.842851756912307 0.495449499419266 -1.05370059364102 -0.810751327067611
0.515286995878766 1.07135883527328 -0.861181923099362 -1.11844685591044
0.235558675740826 1.26548573509702 -1.15775780508788 -0.923407581679822
-0.166125485491918 1.087733878133 -1.17123210464343 -0.717351443028542
-0.0848659479961761 1.16352497206683 -0.371121529166316 -0.89903988632457
-0.155375800989651 0.808970620301368 -0.181796446372586 -0.289083555913462
-0.566348002743543 0.346655846449026 -0.0262940385215417 0.0191935884402143
-0.574900167751532 -0.0773513633867181 0.372539341098363 0.209298066743884
