0.324541198337577 -1.07128245373606 0.504575227090191
0.942051209452281 -0.984229823495007 -0.697231953300847
0.802746480708066 0.333860131701978 -1.45969652380658
-0.715455873794577 1.1856511674765 -0.880028104358251
-1.03946032343668 0.758831896061743 0.189809415901287
-0.915570588705672 -0.398361612923159 1.14977408323961
-0.0317429784077447 -1.16116685029053 0.952857511667048
0.783090892706538 -1.00888341719716 -0.335742781340673
0.768097486377562 -0.157010413714175 -1.27603183850496
-0.409855111995295 0.972812271738509 -1.26282863654475
-1.34577496057601 0.999909654778916 0.0653864241956495
-1.25933945006161 -0.265503955556587 0.860416225315474
-0.424308364899635 -1.35674780435644 1.21414187985075
0.954759418871326 -1.36904717581324 0.16048630869343
1.24213947866822 -0.948902139035475 -1.05563319238401
0.515752477112385 0.234179450030778 -1.60001942157075
-1.1345130440838 1.17394560054174 -1.10513490944526
-1.47211521011181 0.608147811456999 0.432443925700401
-1.26274215547183 -0.600648958048074 1.06173613502736
0.166395343177049 -1.25672636679582 0.751523162610405
1.26832761662233 -0.992296126987902 -0.244062426813695
0.726229296725279 -0.283222087411995 -1.48073456739865
-0.608800915684891 1.39222221508789 -1.12616510043231
-1.30811412168485 1.11850705324652 -0.326633380933524
-1.49617721723371 -0.202568780903223 0.808969333526422
-0.628757668223279 -1.31392020939078 1.07448645568487
0.663162140683978 -1.43366239530983 0.171193839922036
1.27597739328061 -0.765892698611922 -1.37029069634956
0.554502626200118 0.263637657227754 -1.43449968037624
-1.01964204758195 1.34848664477061 -1.16064804973309
-1.58307609599288 0.696246950966815 -0.00783535659435545
-1.1300233806657 -0.391937530753419 1.06182215667665
0.0610541204674061 -1.42341375031201 0.66744195199556
1.07772761767965 -1.30716430754342 -0.741678342648151
0.787531518049218 -0.230661055752048 -1.19169894531338
-0.389721593626267 1.20414884062019 -0.900310978235034
-1.01503646576008 0.885096635812035 0.0608440525750197
-0.992193832483004 -0.148692843957347 1.01114001688349
-0.130474705668918 -0.878150653542049 0.880574100873495
0.949511147999847 -0.614395209924179 -0.243667151894264
0.800384717688077 -0.281229739270615 -0.858022619156987
-0.433220617770885 1.07486749101332 -1.04595499503489
-1.03289710750809 0.837439934363184 -0.0124230960973826
-0.681662640267277 -0.205314562690781 1.07797122659501
0.0429237016763439 -0.746805897302478 0.981625963921633
0.99195580949376 -0.654056496694938 0.320683191884302
1.08011133912289 -0.026221859381646 -1.01557136560112
-0.126674347860448 1.04913630134396 -1.02364841629627
-0.99114589861648 1.12877152864866 0.208721205542222
-0.759135941657304 -0.00938819661378359 0.954609567122041
0.22267850136741 -0.899707952770859 1.0333093039875
1.19552360574408 -1.20670873562636 -0.105960495456623
0.81014090070695 0.03020673128141 -1.07192022055838
-0.380539379006098 1.19430990643794 -0.867806387525625
-1.17458555904524 0.801060448196323 0.345015470695183
-0.741361128249777 -0.451301576049836 1.34778310950656
0.507286376349961 -0.871815695829507 1.10949807302439
1.60246484783159 -0.452017471900625 -0.485994932364186
0.691601263280174 0.707426324208885 -0.763873360441287
-0.447923257743883 1.58558579955405 0.0524112029540431
-1.00154324114524 0.441846464841541 1.33138565235465
-0.233154020982037 -0.734701651835902 1.28192728622665
1.20263413603558 -0.924787806557133 0.367736172145826
1.28655167752836 0.168359287463737 -1.02725898581053
-0.205605478942961 1.56721147425287 -0.998713757772556
-0.999235447696288 1.42687558971464 0.514164833760325
-0.998582014636339 -0.329457290472893 1.93645176581066
0.489877912973611 -1.21636274627594 1.3555534030779
2.21151627449928 -0.903739715481682 -0.571867633806655
1.24372564356381 0.727967113307155 -1.53626023174819
-0.44432138266577 2.01418545690861 -0.39425589658372
-1.36766990175825 1.07786473798336 0.956242317219017
-0.841554344801135 -0.775052918147247 1.87074430355177
1.22059625688693 -1.19411779009962 0.679828913068623
2.08983289844817 -0.72796545436053 -0.688813797799476
0.494879321765228 1.29707035032153 -1.10153869862938
-1.17743200371296 1.87189248319282 -0.645975318988843
-1.34246826251912 -0.0369001730843398 1.18443516366547
-0.437095245064016 -0.998730363372562 1.87964692193055
1.20834656617936 -1.55397246888619 0.334955931841056
1.4651865872138 -0.90641814067223 -0.993159844876408
0.670832164039027 0.940293658048934 -1.25822295976138
-0.788323087902452 1.73835916263679 -0.630247309877556
-1.58294421662752 0.415815186877751 0.808988587800424
-0.95040636362391 -0.783265670890586 1.74421863156675
0.493273031967341 -1.45551981977856 0.943990023169951
1.74794371758891 -1.10480262353629 -0.513371327803843
0.987133677124141 0.413328355381523 -1.46350825688855
-0.62265964199678 2.05091475716027 -0.834835938220464
-1.15678924992005 0.819571253619376 0.558911156642552
-0.726748192085791 -0.319214975786961 1.80598830180119
0.494380408922426 -1.36724664043413 1.07475975294776
1.36647445496239 -0.42384210701958 -0.673001519654179
0.561831760921111 0.91378721764925 -1.07091647918645
-0.75864896448905 2.08495929435084 -0.48595759606118
-1.35228665567164 0.710812190450155 1.10865920019482
-0.292277422612554 -0.493895847990616 1.6403125331115
1.4904961844 -0.716861596752395 0.234551176970631
1.58814883184767 -0.218568421460374 -0.973881319854303
0.239457089481725 1.28887854766119 -1.11116775168536
