-0.104769134240937 0.2230104782542 -0.501295646632958 -0.404807735211413
-0.000372570354767646 0.245037379840855 -0.351900839292856 -0.137399303287065
-0.103167172894346 0.524570833241219 -0.221796555057683 -0.317590281741814
-0.320177863124233 0.391599956086448 0.0615368488717627 -0.204356679674047
-0.451256207830411 0.130540830048114 0.448854239724725 0.193237133636286
-0.732558980488052 -0.1716594884265 0.769752645359303 0.433945234647832
-0.875224710659122 -0.384969099172013 1.13833120371657 0.95481206161964
-0.732925125172038 -0.778414841497222 1.1681591692051 0.558750310241797
-1.02113693963057 -1.00285203632414 1.30985893214792 1.16309891003284
-1.04229408140273 -1.10364617210592 1.39396129774764 1.00010254496236
-0.695654213702455 -1.17063125134301 1.23617689961107 1.18615445366577
-0.0538796793759083 -1.44438788447323 0.392111853835859 0.963448670145456
0.845917205982741 -1.1166305095583 -0.108053339816662 0.825179655797307
1.33846667948562 -0.704147228848896 -0.62743444363148 0.101276865230974
2.21176342828863 -0.321455155941402 -0.751652568898645 -1.09549519877826
1.457403718524 0.676762600629008 -1.22095176792528 -1.63494404841683
0.850973274175872 1.4544664091922 -1.1515459268912 -1.21809471059553
0.382234036413764 1.30350678936229 -1.11729196410655 -1.29390526652643
-0.182482259098041 1.19267868355963 -1.06889113714418 -0.769351409830489
-0.341070976823602 1.27242778363053 -0.790350512865715 -0.802498893364229
-0.476359989352319 0.949825015331178 -0.384108150200044 -0.286687861591664
-0.659007246793724 0.62589360834397 -0.34431606240718 -0.179597918342944
-0.554308915794504 0.309543193309654 0.389723132446896 0.33701058668453
-1.21500164542472 -0.20917898948033 1.22666740472804 0.185534307466737
-1.20147368152452 -0.70483913534827 1.4156637179197 1.17637431779465
-1.53434089055165 -1.16814592010026 1.98542814014936 1.45562567617535
-1.55047446823974 -1.36317757363685 2.30911857434782 1.70698095016438
-1.84924320550552 -1.72089867674847 2.60397300779224 2.18412514910403
-1.40152517632246 -2.0870523305316 2.05072839094394 2.3603385044378
-0.748207747673567 -2.11282786916076 1.85025054268577 2.25457032854664
0.160286737694523 -2.07737250081817 1.18163475483715 1.89467310037561
1.63984551030687 -2.07256134915131 -0.201911417713021 0.900681902264517
3.48884891546131 -1.38381230729132 -1.05345047302729 -0.547149862942784
3.43083491489422 -0.477893402925454 -1.20308431848959 -1.88751167493104
2.19512535374748 0.92987929961168 -1.62780922250838 -1.96640768459656
0.455262521458464 1.865637519049 -1.10742241171214 -2.03469435788593
-0.231778160718615 2.27769933624202 -1.40395569949726 -2.09470003850143
-0.631562237605902 1.9873931256953 -1.07762626344157 -1.47011750570127
-0.661690206855945 1.50098537099853 -1.10764676470245 -0.792099696434158
-0.373358743549331 1.06895664515875 -0.832755303542917 -0.356303437495943
-0.14601395922952 0.587927974017144 -0.945751149949322 -0.125779242051933
0.329314488047814 0.487211368914247 -0.633901834169327 -0.158081535225599
0.198645601810431 0.455967044155012 -0.817882799878235 0.142572684156164
0.334659702128059 0.434590230449255 -0.467889910757249 -0.127887196185853
0.174773472200271 0.302829568737321 -0.534537608893282 -0.326659025542747
0.00207120742804252 0.635245583222825 -0.283170183468548 -0.163294529938119
0.250322089287883 0.490798207512973 -0.554793996979302 -0.250133442178674
0.209601873906551 0.0968456081269405 -0.256910465164744 -0.355159835360516
-0.256390368144178 0.528301739089347 -0.236434950714091 -0.185374750564827
-0.405829677418741 0.400811243470958 -0.496597975192112 -0.230220733087006
-0.441824277771679 0.371327972522874 0.312422573058636 -0.0210939197633091
-0.757647844650036 0.152609642174318 0.295084686848732 0.178612351936801
-0.649752600943215 -0.490138681626756 1.04276069935423 0.873772356820864
-0.874210710815739 -0.703083469870492 1.19483469366185 0.571370523653109
-1.2535213332058 -0.766120764818287 1.7830477662121 1.20762949794304
-1.22156547656103 -1.01240611304143 1.49846643334265 1.5010787499181
-0.999301556442834 -1.50142272724131 1.26249698767532 1.76231352380251
-0.358003049261348 -1.27591224269215 1.37115851709692 1.40222766419663
-0.00686119250137172 -1.3325918168079 0.394494022883332 0.953397390837151
1.28114953121855 -1.07244435947797 -0.437868731395835 0.26715474290485
1.79528482831437 -0.611140127539191 -1.06013246503354 -0.394877674671119
2.19001881274403 0.0388834403214996 -1.15965622450145 -1.0560850998697
1.05433364652081 0.862013629715323 -1.22029872478914 -1.76343043597678
0.776557653195208 1.34829673148635 -1.15067404762898 -1.15301918327093
0.00296377628192403 1.26421658695053 -1.02121688174319 -1.44302779953885
-0.137590865997772 1.32393405412016 -0.776313145647303 -0.988563251588738
-0.364504411677955 1.17896698628981 -0.845878802695511 -0.680591654846129
-0.404338640037342 0.749324379838009 -0.428061464091338 -0.245361689154524
-0.456071276622647 0.429378323872244 -0.13420790307293 -0.098167320746134
-0.698577855004044 0.147966184618846 0.29833232016113 0.331206385448739
-0.549250248943711 -0.184947605812279 0.453207571944474 0.348181345219137
-0.856653956703193 -0.375401974437213 0.99984602825889 0.34477195959437
-0.533592829559159 -0.517279187212762 1.02442650405042 1.09840280456315
-0.531486944684982 -0.690421109251123 1.24435484066985 0.57354149574847
-0.38115009705321 -0.747284515625943 0.690665223077836 0.593263328693463
-0.168919401254893 -0.666586726102627 0.0222667852117465 0.657819117879004
0.444010444917837 -0.514415232804435 -0.0418187423978011 0.239603036497999
0.70912257670132 -0.360097389432966 -0.652978842458827 0.0846151488065026
1.36546964569072 0.128888119099961 -0.691372863267611 -0.637100485031285
1.19500958268984 0.381127633548962 -0.777806909428968 -1.10447326590827
0.861891522817316 0.957063984389105 -1.15164757215633 -1.36816919524147
0.228645388942077 1.28587898539159 -0.86786079727385 -1.26152880261141
0.109959334017103 1.15856435782466 -1.24178747029058 -0.883392681025624
-0.340138589076654 1.12228319044633 -0.778945977979483 -0.8471703610962
-0.496722517780227 0.828492130748635 -0.205648741337419 -0.203208069011632
-0.461397115782799 0.424592862285206 0.0267820244354907 -0.165270821476047
-0.61712210061258 -0.102930688264779 0.268336756174215 0.325902556407881
-0.435951511955157 -0.0470836800039196 0.740146956187919 0.435001333287934
-0.734888087055472 -0.399538444801515 0.964731697180612 0.510263176984458
-0.620395876524658 -0.722551907816017 0.908848884744123 0.734337320118808
-0.845544761222743 -0.863807383817912 1.19601538749031 0.824780777747441
-0.464749288847835 -1.06794516408667 1.05898735918746 0.887890011945958
-0.164046611147659 -1.03113974534438 0.832852039627314 0.928072623246863
0.479846529586148 -0.834018784035825 -0.13539732086525 0.535490014986672
1.46854578609387 -0.5094675670598 -0.457337851936319 -0.146728319923942
1.78891001613631 0.0940504086661839 -0.713578555666781 -0.42922574695627
1.11990446427972 0.552090747241683 -0.753399299365979 -0.853240476350023
0.762230529058701 1.17986897817606 -1.0429134858021 -1.37033635065257
0.158233055084681 1.37524034450266 -0.796177708516677 -0.839386381344203
-0.369120590333164 1.27072803239746 -0.790395320591982 -0.779439744300284
