-0.000241093296202314 0.731392335851786 -0.936114158765304 -0.199910573709912
0.0400180098235563 0.54034487674833 -1.01498828515673 -0.350308850979352
0.550463782094916 0.332915280745505 -0.918491637405622 -0.457610276303133
0.291436896028124 0.649842553303096 -0.919070755298501 -0.539178511545425
0.474206480034317 0.513272782379734 -0.714797114376564 -0.416321931562158
0.474348235056631 0.849204507476946 -0.751685690956542 -0.248012149196545
0.395801705424321 0.802679767980048 -0.422574750523925 -0.658543818047136
-0.0041652032729243 0.641550516270333 -0.536519510229983 -0.366739496463866
-0.448826719454552 0.627713317672066 -0.49366515241025 -0.242490775942101
-0.306877376074328 0.675031241252829 -0.284529710442484 -0.214836290768175
-0.288260013587829 0.379648303174856 -0.307479189241359 -0.0248427887740604
-0.456751926113045 0.209983642282903 -0.0416874938333152 0.303894105674862
-0.820950235656328 -0.225884286383613 0.835315408683575 0.265743584051125
-0.754028927890664 -0.380566793216671 0.94605162711184 0.731684386422655
-1.08070581555663 -0.653339788094402 1.30622971316243 1.11095020543304
-0.732436546310464 -0.939492637115117 1.26492194778449 1.22825267188152
-0.883984271472361 -1.05300880537569 1.23998639226341 1.27813093741525
-0.458213349319276 -1.33075588459905 1.27077757897489 1.68931632752277
0.574510544196228 -1.05999102088034 0.227716574510526 0.507218250593233
1.26270224000726 -0.94652278152398 -0.477247928061986 0.243451943756328
1.52830129452498 -0.48322611510787 -0.678438410786371 -0.764272361353675
1.63977035766377 0.248986171376121 -1.20673397645305 -1.12367820821207
1.18282383340985 1.02323718432757 -0.925780571335132 -1.1203022625123
0.228360901901128 1.37223047145574 -0.880548485780568 -1.39407951172568
-0.0531226320946601 1.49678692816007 -0.873042483318429 -1.19098571338411
-0.0515566965867241 1.33632183957166 -0.713734485466169 -0.838431860308246
-0.541849292030906 0.870170316183949 -0.525154365159446 -0.302800557357832
-0.612287018927709 0.374695084948016 -0.284321903197803 -0.0342765309632008
-0.639125606929784 0.0848789141616027 0.671794869026449 0.170701516828569
-0.798137743321513 -0.191040393713282 1.15595184174486 0.670104344909482
-1.12757393672412 -0.706317391618215 1.17190886780084 0.920173037867005
-1.50227266312866 -0.926404552065507 1.71175489236295 0.983757592909077
-1.24017127768574 -1.26851113750816 1.62240343148788 1.5547890226507
-0.966901541046856 -1.30020717561604 1.94056022502891 1.74634153021127
-1.13940327025818 -1.57288897716816 1.23518133373811 1.65973024192534
-0.230699013903899 -1.71509416381828 1.31363864060846 1.43899464966113
0.473845447211974 -1.49980123071865 0.172999789586438 1.09344167510388
1.945301725212 -1.01277991287559 -0.908411113937653 -0.09876488564323
2.88628652149267 -0.372714911677688 -1.21523637722679 -1.0429870113948
2.16620989549066 0.707396387488225 -1.36804063077715 -1.73674893476498
0.851908770595151 1.42550698741316 -1.00949432694121 -2.03625435908731
0.16057871097046 1.71990450821305 -0.756315360368891 -1.58505483013859
-0.506894779642552 1.48178619928987 -1.11937909889309 -1.02033750190255
-0.565861649074725 1.1952575157536 -0.856423457474088 -0.764814356659142
-0.559431519899211 0.676876195915795 -0.876626215135482 -0.502705636697588
-0.503722630689373 0.602349174978851 -0.261113780539236 0.0106846058882653
-0.216441241862663 0.151833444874917 -0.229719322282827 0.086528907633043
-0.00401631164424842 0.186336806178764 -0.234762353052124 0.117946619552095
-0.0880324421469563 0.0317997564169237 -0.0340184271219984 -0.158500434415644
0.112199880435244 0.0404582215602349 -0.286253024567653 -0.193844471216788
0.351042371273598 -0.0153945744384766 0.158850745344308 0.183004355715139
0.0192761573213273 -0.159338550273561 -0.0916273403958346 0.0308718018155598
0.0284061534884016 0.0137081416169443 0.128693645802723 0.060446948015763
0.4716989568944 0.0298071375852903 -0.410601640832899 -0.00690873792556663
0.412377235010194 0.33233685313318 -0.357726884192004 -0.203825432178122
0.264709699782483 0.188834129308817 -0.319934332873022 -0.18082295242109
0.115689292931283 0.335238081749305 -0.0648045872100836 -0.193502813110928
-0.55615330695173 0.213439914560578 0.366660731066565 0.124291456932009
-0.512205947984154 -0.23160171993357 0.348158103199512 0.247265281929514
-0.487718612084381 -0.228781020263437 0.436940024443071 0.491532993728247
-0.982972241075974 -0.353905603748967 1.15927318169999 0.667847486994596
-0.703055856512517 -0.721364959442339 1.08003983406234 0.857315991848523
-0.887503896587178 -1.00818100685956 1.67112059976179 1.0325374976121
-0.776133622253288 -1.21978207547247 1.24149800769644 1.07702942249337
-0.486959780050118 -0.992998262230025 1.25022265294655 1.05909863451734
0.0283289534690297 -1.40456431688502 0.783755205843428 1.20309216307973
0.391362372610286 -1.2548835207918 0.266007675854739 0.625414186586073
1.44633456559862 -0.767629905639388 -0.590029895717173 0.110833847076291
1.93624351869413 -0.217434020646804 -0.93852265043643 -0.710670142113431
1.39661176479558 0.787703775037782 -0.910489473259573 -1.38110310222164
0.927520411075412 1.0141601612262 -0.925586600484201 -1.21843959730122
0.37275622178928 1.26065745331138 -1.06685510646413 -1.52749266248941
0.129257935466607 1.35681380860887 -1.06897589967474 -1.32133311748329
-0.468230974735414 1.01531655980762 -0.758579411026988 -0.392969413309256
-0.437590462827433 1.02160869251599 -0.319278419586433 -0.571229674667288
-0.444952975722773 0.628442682417582 -0.112757092015765 -0.457850383334838
-0.716741703504499 0.044504224459922 0.714386683048635 0.391613834388852
-1.12806900249486 -0.18317224469438 1.08997199091504 0.360724232492253
-1.29530143312586 -0.507164182533783 1.73832502369642 0.849796849179796
-1.4776703954123 -1.05071079887515 2.07361504710617 1.28983420501723
-1.46201469669429 -1.59345241017144 2.097916119157 1.40825623814727
-1.73345348368968 -1.60126105617924 2.52324743939874 1.92877758692714
-1.47073524116937 -1.96478566349743 2.12706038815405 2.37491511144318
-0.943167920706579 -2.06380126697389 1.96682506694421 1.88679444976759
-0.0614363190317234 -2.33210432732588 1.0724107622011 1.79350212820891
1.53630053350003 -1.94209638591508 -0.0331981279047965 1.11929729386721
3.22545946048975 -1.49276755182624 -0.737843779111552 -0.384637669853686
3.26152163143127 -0.243230385644203 -1.22624077345486 -1.78966694940521
1.91115396480553 0.817158015093259 -1.17100758722569 -2.15318143990036
0.703654982235584 1.68414125117802 -1.01450046523482 -2.2830478548678
-0.509122759552454 1.97764913883255 -1.15036522704884 -1.58039295941835
-0.714120517548446 1.6676325732712 -1.00059797957703 -1.08455230881437
-0.604516619035708 1.37836251892111 -0.913719143401927 -0.754066212486618
-0.528312967075817 0.889031170031374 -0.747764095527968 -0.10001533310844
0.0278388520922188 0.656123512821778 -0.7886284730683 -0.24525448067217
0.138823329967074 0.498576403695733 -0.564428064721374 -0.0223159209917301
0.212757689114271 0.364426113729766 -0.637784094698396 0.156088097478471
0.0895996045971309 0.31231057990254 -0.486367608616623 -0.236597158816165
0.112521198033951 0.321595422966382 -0.391807235759443 -0.319796392499577
0.220761393388972 0.398984220148718 -0.519750526180264 -0.394710652732623
