-0.168755623694774 1.34107523518557 -1.25730668295471 -1.26050362951137
-0.0151642236273352 1.19530059601504 -1.08030891985281 -0.685337848651088
-0.277166736483701 0.926702433532536 -0.552521963472336 -0.511305246410518
-0.250145973451095 0.656033768143229 -0.471665276837878 -0.176213031757231
-0.625481954179786 0.37941534774973 -0.0432289900430962 -0.0772132225636736
-0.245392112855446 -0.0480884125567516 0.252216120986925 0.144026298452408
-0.694437590588835 -0.227434467864026 0.834938084523526 0.536007764199041
-0.504808212322504 -0.455247065618503 0.505822508370017 0.626304728385257
-0.723850413623973 -0.50179846836009 0.606584521560842 0.707730535127879
-0.483026084654233 -0.794707605290786 1.02541914437045 1.12091903494878
-0.584894407066185 -0.765445199945908 0.713710532366454 0.769729120555526
0.110055323910923 -0.907051119796288 0.384884865792231 0.358638811810513
0.319173125389823 -0.625725926654422 -0.219867364565606 0.555788579124807
1.0284997549481 -0.191257463634918 -0.521846557770393 -0.246852097155381
1.4174694427347 0.0102734899062393 -0.95862120214381 -0.840667153800792
1.0374552767217 0.520167195027992 -0.836651562339918 -1.08986972847333
1.01326046597995 0.698368183095991 -0.853542058359981 -1.11324464527965
0.206200098964876 1.23943950932812 -0.883353854693868 -1.11650939614967
0.0790239261172635 1.20570399781426 -0.86716043551304 -0.92949955438706
-0.289399873837977 0.915963476439345 -0.517756873706972 -0.593420801246328
-0.491410050710937 0.665541473752248 -0.497207579156379 -0.290067772820428
-0.446843445157805 0.322407217375833 -0.00203663777120365 -0.177612404879804
-0.540845569138378 -0.028120367989265 0.510076953632858 0.390688233566863
-0.795615243304028 -0.00644014380066394 1.00859319439115 0.25484610580359
-0.427922480466179 -0.420495450543555 1.01174545564252 0.684696268527355
-0.629944385002019 -0.717732333065861 1.03226224970838 0.664229449857844
-0.527077240830637 -0.959850235939009 0.93988519653723 0.754420809508451
-0.43838471516649 -1.17022632675699 0.876364949386177 0.91609062261809
-0.230744286834828 -0.830302957912823 0.632284419846707 0.77579042813967
0.380319201783669 -0.839731586395591 -0.25385145661976 0.157494846975488
1.27816902589869 -0.50574415393379 -0.55497936671354 -0.120800115802555
1.54257296765571 0.0376813330618607 -0.876752870522898 -0.335173168908306
1.41831388998489 0.268499287584044 -0.773202990028568 -1.32716774919326
0.790640161735371 1.006508174485 -0.99231207076659 -1.1005811318206
0.444072548302896 1.23403455246814 -0.780006320126501 -1.45810913267094
-0.047394770614521 1.20245723865675 -0.836292453945635 -0.940343291387372
-0.388483948082461 1.12760505251779 -0.448844572486083 -0.365638416959244
-0.428323734035904 0.793604906163167 -0.29547005425943 -0.381981736533386
-0.52282071542085 0.483037414502057 0.318424642407931 -0.0106340328826806
-0.983266439724877 -0.0650537997963369 0.481419154534925 0.56636059328874
-1.02967854617225 -0.37380129792996 1.35213914761008 0.76940868551843
-1.45857424092086 -0.791090100219819 1.69855450224493 1.14951335692078
-1.10333846244109 -1.22611984858042 2.18518924278222 1.54133919714126
-1.64284206575638 -1.64138858053671 1.84880051736455 1.92312576341539
-1.58354839312346 -1.706350385258 1.90408760890562 1.65501612454281
-0.866443161317389 -1.97518229941424 1.63169824385338 2.08164142988065
0.111963652668773 -2.02833868471085 0.796463150986705 1.67749322584734
1.27218199696452 -1.75205124850706 -0.0971441227843415 1.38596754138178
2.96088001947126 -1.21934216068315 -1.19747711158971 -0.315272295388716
3.46843363992283 -0.382400003302281 -0.979781118937026 -1.65198030109131
2.05802850609353 0.776495649763221 -1.09424041351332 -1.86082792039599
0.813981567128148 1.60553455980175 -1.14121705994996 -1.64359740031222
-0.33679951632431 1.79506775733768 -1.2372147414687 -1.83481377228594
-0.416012916345129 1.79088822821048 -1.35604073822181 -1.41392777794196
-0.430587307835201 1.50667550376238 -0.99427771260968 -0.660469627915171
-0.475936873633746 0.887445171719901 -0.856057750488016 -0.0693215775023782
-0.277310405361851 0.439987922212014 -0.453856548146397 0.218245240828545
0.0245417754954873 0.124012993601954 -0.477833831834958 0.116047376668417
-0.198490682825295 0.0568740295864439 -0.247421237462641 -0.154970016743862
-0.26178582815999 0.188667980701553 -0.035976750301561 -0.264510802902675
0.344816829505962 0.1021411580076 -0.0615201636283429 -0.446716629018605
-0.0123473158696106 0.171476690357817 -0.0861622383046202 0.217608212890642
-0.317941830261923 -0.105460532399407 0.204514025447099 0.0244972806842628
-0.39816756371034 -0.122855007169485 0.499698364781975 -0.0446059697412399
-0.752291805422671 -0.0776354858361316 0.876590449051809 0.437397866742871
-0.92062143069192 -0.458418268702001 0.971458989604452 0.589262702595511
-0.899008980491626 -0.573287036312278 1.2662832391624 0.767045593883248
-0.752691487277885 -1.08616306636421 1.56346323417818 1.27279976658071
-0.649629448202109 -0.99615016693893 1.31901180098761 1.19771866699078
-0.19055585612367 -1.18736725543891 0.860042809809277 1.1015003554404
0.257190521320321 -1.09063919897607 0.159421779290725 0.525581923616107
0.961595492256652 -0.957572924090801 -0.19346180865854 0.631084744661322
1.87852322950452 -0.323028154500697 -0.693873951748347 -0.414391862550989
1.53656239863948 0.234396754205851 -1.35136227068081 -1.12106293848439
1.13916299962529 0.858356930064187 -0.891676636376216 -1.30198895201857
0.581956065616415 1.21971653170512 -0.933396859375769 -1.39756292768355
-0.1353980618694 1.26654818234303 -0.974921066304587 -0.94464809530362
0.023572500592469 1.28083395224183 -0.819489296543564 -0.773984513854462
-0.556214655488569 1.04739031782307 -0.731310183846965 -0.528335432035015
-0.687731318895157 0.661929790316946 0.0945609173303554 -0.240455874037894
-0.958318298404547 0.353969938089477 0.5289325905382 0.423432696293218
-0.910673207724201 -0.227407373297953 0.794879167232621 0.734054041040281
-1.12934907995535 -0.720476512188169 1.61883610101532 0.884979311776123
-1.38498012413328 -0.864047989966404 1.86613603953341 1.02528964317565
-1.36743099263896 -1.30495312961872 2.21987178324304 1.94284276452109
-1.3849150637259 -1.61552484811496 2.07885619760975 1.77104028116888
-1.20870477429674 -1.6436433440932 1.71206035557655 1.83502274815552
-0.353491573810723 -1.74994748608525 1.41533194992622 1.81864300159086
0.60062151897041 -1.75830420084102 0.432152407216953 0.89109159604342
1.81839709793854 -1.44739532835698 -0.541605583952404 0.328930822299953
2.84980833396125 -0.547021080021753 -1.13796726217308 -0.852348582283517
2.16454140774548 0.593407444690817 -1.25617028349591 -1.57341913823057
1.26439869866684 1.38055995419272 -1.32822255718013 -1.96807501913441
0.0762237867781977 1.70003490687553 -1.21024679282445 -1.69774451006018
-0.0756164220812926 1.49659105099357 -1.1261890871703 -1.38405827679971
-0.221208924446484 1.3302334754983 -1.24892570970739 -0.549944527154169
-0.336896653410756 0.93482629326459 -0.577565886787861 -0.495468136550898
0.0414969010661505 0.892157265595607 -0.859881727836632 -0.262549655967717
0.0425206143559005 0.530017641273083 -0.631029221984504 0.0641148245232691
0.0905087356088617 0.557758127269938 -0.8353607688022 0.0302988249245734
