-0.69947232311735 1.19199145179053 -0.93735396030602 -0.802745132429124
-0.740349512398609 0.935688637774447 -0.596107115084429 -0.528734980345552
-0.716863439227049 0.533374524495192 0.207689963291161 -0.0453440382436855
-0.757601440628861 0.158590205502105 0.217192922281575 0.208654007818772
-0.68329239434939 0.00784990224068494 0.965712379851291 0.788942988591429
-0.869764387768607 -0.665519698141163 1.45332120644469 0.66806014319627
-1.07345792173598 -0.88907308336003 1.98723653098361 0.979562136563179
-0.886981639365695 -1.08435531798248 1.63923674249854 1.28200869785819
-1.13274004094975 -1.38037949402944 1.69792552586943 1.49788738269336
-0.69611177557389 -1.56473533198698 1.38720785516809 1.66347243932487
-0.215452835289848 -1.73720881058541 0.985412194481544 1.35938481222566
0.684095574061438 -1.68531687752615 0.204316227459655 1.10669629666817
2.12156917297789 -1.13631404921511 -0.848798306846219 -0.0291501165432101
3.00620489948679 -0.371613289736208 -0.824117911685266 -1.07968219998342
2.27585735913351 0.554990696380224 -1.06534749301784 -1.71544711101524
0.802910908710045 1.62324140952166 -1.30341316535472 -1.821317795015
0.188136364962024 1.84021199386711 -1.23078897098927 -1.6091001484578
-0.489126230369066 1.49191932446896 -1.00658658271592 -1.3958945228124
-0.357973892594263 1.23405012416232 -0.880154022653303 -0.735904012985894
-0.390835321608349 0.892246956810013 -0.703121569370593 0.0560050973330981
-0.52323943934876 0.293921057216083 -0.628686030326781 0.0741545257488439
-0.240860531607076 0.203569774083463 -0.266894222221194 -0.00401995200852896
0.000730464653359715 0.00503021170377754 -0.0284384364691892 0.077477241870153
-0.283870941874936 -0.0390048541121794 0.169830016572084 0.0419203091407441
0.0274017151520896 -0.0402309107673822 -0.260302608349936 -0.189836655592511
0.14605530995135 0.0614805290774367 -0.0334521563485806 0.194884443345134
0.250304625129996 0.00064513841812565 -0.224378205125352 -0.1209890533466
0.520222928510822 0.0655382189673741 -0.0407889223110237 -0.0575324331655905
0.281537318687582 0.0992792057691143 -0.370166546027284 -0.0531220113037961
0.620182915997588 0.224557487919638 -0.42246625077285 -0.161846735246403
0.381257844600343 0.200457841210925 -0.191991368778461 -0.21620701595621
-0.195397674496802 0.337064597217129 -0.293351408911419 -0.334346002468339
-0.082701433580488 0.311374242696609 -0.0732518054942172 0.096342558021991
-0.576454381956474 -0.0952322223111421 0.454422133639804 0.197237995561369
-0.453321995628713 -0.15898078567885 0.55515179711573 0.468790617172387
-0.882974927169013 -0.260386040852197 0.966295506961821 0.934490568201899
-0.828856681970244 -0.602878789524368 1.08608845254406 0.949893198318067
-0.813366001010872 -0.88861641149951 1.07399281502967 1.16586330691032
-0.732819223359966 -0.980774511771258 1.25742703739428 1.16626386588995
-0.649101246424875 -1.21443353558885 1.18380049114153 1.22436970988827
-0.243351284706682 -1.19284221717826 0.763533789613166 1.11862891150302
0.755918572157146 -1.17504390299134 -0.0254955026699179 0.948154151810104
1.38194882226466 -0.789394555524206 -0.560453318308031 -0.180214565501839
1.83246886342687 -0.158252037382133 -0.996540087061786 -0.665873423574046
1.3340641359111 0.572631705267781 -0.96119700364021 -1.29261338178282
1.04569890266778 0.925770455102541 -1.08724556737321 -1.11733243978098
0.776376965069675 1.24987197455449 -1.02496563135286 -1.46786362851455
-0.0571858081497743 1.42218626596291 -0.885741990285092 -0.935330920836554
-0.536012212334693 1.02887675207852 -0.756967723088784 -0.762011129920587
-0.176524282415119 0.746759296936904 -0.585361893389147 -0.599677287695837
-0.330202063531881 0.725861318138189 -0.322375433863923 -0.331110568792655
-0.594549849138533 0.319874583899686 0.222535408690105 0.0101417712761868
-0.98069587305094 -0.145355620478334 0.826270274166244 0.400983591702253
-1.15228059447195 -0.632081983982057 1.54972264305243 0.683306282298429
-1.48625491672389 -0.983927603388216 1.85418177792932 1.41511524249693
-1.40239356449037 -1.37775627176815 2.45147733657041 1.58744529819892
-1.30294891235082 -1.47118888936964 2.58106243347604 1.98426030006342
-1.34355420980847 -1.87756743183191 1.89003056567341 2.03643093564611
-0.752359241806274 -1.93031585035255 1.72755826084826 2.08640462081455
0.069090051457541 -2.17163089883145 1.07168299409791 1.74346721739026
1.41225927922547 -1.80835265926454 -0.115537092929907 0.871658737712346
3.25864963801385 -1.37497805232962 -0.792766256102173 -0.787499736131307
3.04131400262451 -0.177540040788928 -1.30568642000513 -1.80887576942346
2.06255502951804 1.02413114965227 -1.10268023809181 -2.0455273743586
0.782652345067617 1.71642710613102 -1.08050554044434 -2.21777555912497
-0.0994748018818389 1.96773072510966 -1.13076676972817 -1.83540029925154
-0.772830526118421 1.79175803770713 -1.27573721018545 -1.18902594646691
-0.17352094046046 1.29799045051658 -1.14826510890295 -0.47667470677512
-0.031719000533066 0.882327514652603 -1.14419362397331 -0.16181935986941
-0.332949927430901 0.710942933290364 -0.818169152120764 0.00030208390304518
0.131226131234537 0.423871486089088 -0.960995154190329 -0.337125637696593
-0.0497230968609765 0.526251286671234 -0.714987671900366 -0.108236318440487
0.316377509582462 0.345508456261105 -0.377717197104155 -0.642613088203062
0.126938454944851 0.543220322715908 -0.530002320757023 -0.328358840322272
-0.0658233310907552 0.506113596761892 -0.397221858017648 -0.565591559279785
0.398048586660794 0.512730539293403 -0.420449264388018 -0.451228500622039
0.246875347007643 0.362852444109466 -0.538729689075702 -0.0857524412327983
-0.273789569946264 0.203234766084123 -0.128976005327759 -0.461476134680509
-0.389329358168579 0.246323723692763 0.119214484725276 -0.0344212448675821
-0.231489781678636 0.405380717960219 0.433676395917727 -0.0722972695073285
-0.748953321455295 0.202814915190954 0.688438158182921 0.507715448776671
-0.532231047461725 -0.34916518026275 0.755660929201272 0.522720542625114
-1.10375944726919 -0.463727385775985 1.11601262302311 0.796042108058187
-1.16408260110271 -0.699164402380861 1.41455622660083 0.981408071816063
-1.20097780273322 -1.16860168735766 1.569663860178 0.954658930661224
-0.681527448632759 -1.41391570810383 1.46507222218272 1.43823078554477
-0.612098214110119 -1.50495560810837 1.08273014686475 1.38016336099644
-0.0350612013186011 -1.38223899083863 0.3409136015493 0.895992070183739
1.37100869934349 -1.04382146462906 -0.218743080175061 0.0467607585120987
1.608876871365 -0.539626367487618 -0.889743794059411 -0.605161650758476
2.01039959023551 0.26996698133223 -1.05488428524077 -1.17565400302755
1.41367633577004 0.780323212407083 -1.22192444707262 -1.64920415686003
0.534139154280269 1.2955909330793 -1.11532719891392 -1.24130402537364
-0.0358206620877909 1.55012824458207 -1.05374369879882 -1.20931966786227
-0.373751008519227 1.41032589550756 -1.02978315445734 -0.892149171851072
-0.268457425384765 0.965882353232055 -1.05571631234373 -0.557103385654991
-0.149180246935485 0.86220928180288 -0.583231013760939 -0.274491979289585
-0.438986951405089 0.435321204616555 -0.391079003824294 0.132476280844932
-0.335773525137333 0.0845911356353431 0.176293409224514 0.25439300269512
-0.784419005736151 0.0436435277560099 0.441316431588446 0.468112242378494
