0.722050792277969 0.187611162684223 -0.442745649913898 -0.248756559252796
0.534803091874267 0.382669059807567 -0.495940730876319 -0.549041034851761
0.574486417993883 0.579782184007317 -0.555955012124108 -0.767189923370245
-0.0506308171522524 0.599843097615522 -0.521920949435331 -0.238527071857334
-0.663603306273619 0.657116521435105 -0.0854887425256415 -0.38273527475898
-0.185797636007185 0.327190637847188 -0.0968080537290696 -0.383500528980008
-0.500552885905585 0.078089209954304 0.376203446234645 0.129395904497052
-0.533959967096457 -0.0677293370271835 0.898234703956316 0.543157394401534
-0.87787684441293 -0.479215111805297 1.25580175965206 0.665318585576213
-1.29879241317944 -0.689606280997167 1.76251140472397 1.14831696832922
-1.75885641177177 -1.24027073719417 2.1376312103239 1.22383523502562
-1.50526785466644 -1.4173246852273 2.24234781389062 1.92798000868198
-1.23576359589662 -1.83633227364406 2.40610227758952 2.12860191581804
-1.13358064839219 -1.99998184416305 1.66571341933859 1.90719068383021
-0.430799960265844 -2.16308907770947 1.17606373089971 2.28091101394716
0.990597184720746 -1.97514192481321 0.164426862797648 1.01272721963726
3.06212413949308 -1.44631599573051 -0.983132781802591 0.125571118114218
3.12082242202091 -0.512709776372592 -1.25381593488051 -1.53519296632801
2.28952827533911 0.625568828616839 -0.956783499073588 -2.04427180785248
0.75990740316436 1.60047947900472 -1.22874323768571 -1.83590746132976
0.0788917249187012 1.82899278913517 -0.958268558448231 -1.83499199489876
-0.522506951875764 1.98467906386499 -1.28607986888383 -1.06634208562479
-0.888639645336699 1.14621823739996 -0.883931036554925 -0.392136145415917
-0.297042240027009 0.580067639466733 -0.892278020936076 0.305171758411303
-0.136757721913354 0.488278299877446 -0.848279658878479 -0.0722312140465438
0.204402832492676 0.660001962357824 -0.5567100853785 0.155432429956468
0.347753426136389 0.262588595642833 -0.555553944094471 -0.378160039018756
0.266215677124184 0.516227633588443 -0.754881848504906 -0.591406815020419
0.499209397009604 0.43880823102838 -0.49827212136398 -0.40493133720026
0.516131084866985 0.511256145795855 -0.873180160400606 -0.718737319241406
0.379343745023915 0.700764023648646 -0.679030604744467 -0.732556491260313
-0.246263725955938 0.841647849253092 -0.738795830504668 -0.444208123348853
0.100056583804828 0.715626577867717 -0.372467700997864 -0.20077530236051
-0.258465141050101 0.556905047115441 -0.204432280259048 -0.516509787897874
-0.411418903018539 0.536840522563568 -0.236342121540308 -0.087531546622259
-0.432379356974068 0.18909783009537 0.396658230974292 0.310159768791296
-0.703418281760214 -0.22803638044491 0.473533402525998 0.165867352592633
-0.682195450351363 -0.40519947881522 1.22001671323978 0.830207265715577
-0.853683769663637 -0.708031891931384 1.36783252489329 0.861466846538076
-0.919964467403912 -1.06850950742433 1.13052949853395 0.838900610708471
-0.877615184625812 -1.28441962712079 1.07693771879582 1.33185345818509
-0.384666769915993 -1.28773871377995 1.08860621320576 1.0963264182224
0.0234798041819913 -1.3087947443393 0.539390256993192 1.04966375502948
1.22202557991566 -0.845705432948484 -0.0732873987804826 0.214409004014116
1.83646147813592 -0.433749835879463 -0.968872160216765 -0.426631841906625
1.58401604064615 0.0975861675551736 -1.34113267461663 -1.29609666537066
1.12533444073104 0.904476234594717 -1.51584020205783 -1.31988513992771
0.556490661940401 1.42971080970757 -1.03422653023634 -1.62682570116328
-0.185354314475088 1.53630490597399 -0.954038063249188 -1.45405554670717
-0.314202417593701 1.35398191119028 -0.821893974578989 -0.794223174326664
-0.626210015345977 0.717098998454871 -0.282225158385104 -0.0377101915158568
-0.653004909976077 0.415289824432817 -0.0683615834513759 -0.0676425131872168
-0.864176712878217 0.15341357576584 0.404578681316021 0.440928767081085
-0.822776768442254 -0.312197154423909 1.14005650988463 0.415523870973888
-0.775582520953206 -0.5169664851414 1.4161481218423 0.715538971265915
-1.03286176674884 -0.762506648974258 1.7638083451636 1.41855882719032
-1.44634122733093 -1.19425890435653 1.80473702112717 1.38161075734461
-1.12029374604868 -1.50151808200966 2.00121075810327 1.71781824872321
-0.984533499562633 -1.58953882226738 1.84336702090052 1.58284644286506
-0.0296291873872781 -1.93291550682237 0.626816826383501 1.56809384682617
0.54832995070448 -1.6712233328611 0.0894712654030207 1.25484357546832
2.18312835142361 -1.27799023508323 -0.734738001342703 -0.0119757614976651
3.00449945682499 -0.410842081145754 -1.0605520543351 -0.866193018942464
2.08530559505272 0.555383818939395 -1.35223911828193 -1.62531350392037
1.12297320053709 1.2723015399082 -1.29483917619425 -1.91756924650288
-0.0914844597654233 1.75223610489 -1.37109103262355 -1.77997642175688
-0.38524875400039 1.75376495008551 -0.929059760728419 -1.08219915652479
-0.582812175183156 1.39681326285632 -1.21109212089784 -0.356361689531577
-0.796088414861353 0.933739231613793 -0.882130446230512 -0.208375921017971
-0.593445516877162 0.634253759927853 -0.570612704216227 0.0147036578067997
-0.250808011287879 0.252791303450251 -0.40746771592417 0.180025131389486
0.0409223329424083 -0.0719909505044124 -0.167136600063032 0.101035511942294
-0.222118587933069 0.121708545792858 -0.127159594933502 0.351213205464358
0.277760056475132 -0.0780696645226544 0.112820234233227 0.334834141604685
0.213443842551837 0.148966278421047 -0.227255992002315 0.195938062607803
-0.136855780735265 -0.0820707714711515 -0.155678385356563 0.0513583789329133
0.0559107354026394 -0.0978370856468175 -0.197343790789627 0.192316369364013
-0.0717507199740059 -0.0548619456147557 -0.219596807620773 -0.0591704691352128
0.124532809597133 0.0677826973925601 -0.311276428836119 -0.359487158088303
0.161250723616645 0.462944957564329 -0.274654215751748 -0.386222192409374
0.0223353232260424 0.404634429619676 -0.175581342667999 -0.275653399589623
-0.281560477153224 0.146663951664119 0.378697052283575 0.0234768788063658
-0.438599876546724 -0.0256985489555816 0.463715087097974 0.126150614584019
-0.568895848556877 -0.195929063055069 0.704102550526019 0.687348502934481
-0.864073768851242 -0.533202157428247 1.16574434304828 0.720879952582909
-1.17965320389053 -0.911273778040846 1.36076392152673 0.891931083979167
-0.811770742307209 -0.900350108145566 1.41193714039182 0.769518123478797
-1.09299560878619 -1.16709549484988 1.28661487834193 1.21829835636377
-0.682430116407313 -1.077861699214 1.24758888157554 0.981548837180268
-0.311529392790934 -1.10099093438962 1.00447621410001 1.01336579544523
0.81888336201675 -1.16498894307382 0.322789412699221 1.07350889900588
1.36311661351205 -0.663740800631377 -0.758331262473402 -0.122578372580607
1.9812747796153 -0.286120204953076 -0.771404920202262 -1.02572038319051
1.44286020385625 0.494842904224183 -0.736187412288869 -1.3390273652841
0.968038994756463 1.13545516630578 -0.869649175813387 -1.77184670497761
0.19802922296451 1.53108709682443 -0.89979049890239 -1.30152287357667
-0.0730039106677727 1.43110873502549 -0.874860975440881 -1.21346200423682
-0.27127233294646 1.26377511500777 -0.695493129606416 -0.64700456409986
-0.509532973665327 0.932150987216497 -0.649444382276954 -0.692019279536492
-0.545330048065719 0.683324166870723 0.0163977703933514 -0.185288436192225
