-0.840505420757009 -0.469342853731083 0.947045487067824 0.680593103475444
-0.686556069352457 -0.717352560593214 1.01604330473063 0.975001337607448
-0.984321648733811 -0.892188672266269 1.31760537996933 1.27528122540111
-1.09016218304871 -1.25322923290954 1.45932803254701 1.42056026165316
-0.828563140573232 -1.004582682572 1.0394856215238 1.26288224856024
-0.229466062722158 -1.38320532689421 0.708536271979144 1.04712293245081
0.932946710572113 -0.981297798872322 0.0924981649774325 0.597127801482639
1.42273710876284 -1.07587574222716 -0.224498009817266 0.131393534690496
2.29812438525956 -0.238016155959693 -1.07432264911533 -0.831810984451913
1.66237246547268 0.571062856752265 -1.1906817996931 -1.31247334045819
1.10082464476536 1.08616630114833 -1.14918497967749 -1.05090191405906
0.320317195163796 1.51654344569235 -0.975634169203132 -1.50465344115317
-0.36992032926935 1.62167114054704 -1.13065562940218 -0.91365198434339
-0.356641904213291 1.08170535130324 -0.89258356550387 -0.891997835862553
-0.185487736931487 0.845527792881527 -0.515840711756236 -0.485561416404809
-0.28355244308046 0.571005798739005 -0.232080952672557 -0.101758163440746
-0.393471169543209 0.0994143619036515 0.592520254461455 0.0391299913980226
-1.01762273687678 -0.0175621332117836 0.847264314284534 0.653839070955716
-1.18736141403997 -0.561787297466425 1.93622963089171 0.766817863101897
-1.51127040042134 -0.805812834932616 1.848680319218 1.13840840530524
-1.61652302579122 -1.38858925382957 2.26905184596912 1.78819201845582
-1.59114616440881 -1.67471459828724 2.42018149680611 2.36742945015637
-1.35679398824731 -1.92391709163893 2.36745170565252 2.3837309042823
-1.12447689171639 -2.08698453258309 1.72141547108552 2.11668117050164
-0.0607115045790646 -2.13083651017631 1.12853782177697 1.60682312091801
1.87154608650193 -1.83449920912208 -0.235890793732351 1.25985041361974
3.03288859325869 -1.42843988519833 -1.04697712264159 -0.662592190438344
3.34739219861943 -0.295031486227706 -1.12976872553558 -2.15451047357705
2.33698130690175 0.828461715806643 -1.03113310350168 -2.04390002819176
0.479712656997734 1.65574636888332 -1.21328256145942 -2.2162042334708
-0.384212632485431 2.17524651793638 -0.981738019490269 -2.15449805199192
-0.638280925897258 1.86399701031065 -1.17339264672022 -1.69281582062579
-0.709433688869903 1.54246383901081 -1.11083783331754 -0.817570505093039
-0.188999442514677 0.989283889199672 -0.929803994603902 -0.291819354126341
-0.250953885454153 0.70714284800876 -0.578859810962091 -0.351123086346864
0.367113336478324 0.399740293556891 -0.957795168206894 -0.166339265940427
0.0875084150947805 0.303723564091591 -0.733382523230579 -0.375049043377754
0.270013481183273 0.609502572731337 -0.618805424628052 -0.324755246409801
-0.0533640996603632 0.530471605574617 -0.644831092711824 -0.47167744239913
0.0503586587511912 0.278628543917407 -0.351242427042885 -0.21593643091578
0.0234078022355754 0.520212645759552 -0.757367719272384 -0.154993362044027
0.132503725921218 0.490057847537097 -0.424151088119103 -0.305959612642873
-0.199063509841819 0.276136490589754 -0.107047533451555 -0.0549599705857131
-0.141855809127541 0.301608381357912 0.0112834172550483 -0.23433543656999
-0.25767795951242 0.320386073078503 0.229990282050642 0.149675887350688
-0.680921846138068 0.0356171449039165 0.366129977695333 -0.191915468488376
-0.661191087256985 -0.169024516358988 0.908965781409304 0.524356160535222
-0.873283296274441 -0.518568842205402 1.3585777162365 0.886644384066465
-1.15464075166474 -1.01395713733139 1.36980087292332 1.11911587714421
-1.11281400907575 -1.06605684676121 1.70960786725183 1.2303485016441
-0.430284340648823 -1.26237368462432 1.34397317588969 1.21937154261806
-0.128282869637134 -1.33608682330462 1.12429632193376 1.35657215379878
0.478594372024055 -1.4106117576268 0.333372591846237 1.12407887489531
1.1228246277073 -1.06818895002859 0.0193039094421711 0.673880622404656
2.13134630233452 -0.494627176194115 -0.918099184724951 -0.685834821689723
1.92417033071172 0.355115011108189 -1.24044230352062 -1.20041120755149
1.15029859758533 0.813678772190995 -1.21468182254649 -1.52323542879929
0.5469558968424 1.41469978359118 -1.091072840305 -1.31279776120244
0.0537552429892716 1.78007025262532 -1.0977349399821 -0.985726816648202
-0.370359942838634 1.53445458251594 -0.900068991611781 -0.783833211233136
-0.354709308773375 1.06480820701731 -0.494205617979983 -0.378886796262646
-0.185288251931419 0.892917669253251 -0.418844589563479 -0.381333410724799
-0.278352023504168 0.633877607967977 -0.0714056356102925 0.17456519968948
-0.597242428778734 -0.130623514040059 0.264282500300738 0.28241780018638
-0.366243534663935 -0.214165860695149 0.55630685133021 0.246942156047077
-0.750806387555848 -0.391074128434625 0.714974154738825 0.395311503655324
-0.468061076838306 -0.563401444517347 0.608031236634664 0.776777484887445
-0.506864055681023 -0.760932319852902 0.820745174154827 0.716718644321199
-0.30887768716412 -0.818081522336175 0.672205954592126 0.739066478630965
0.117221389672547 -0.904457522080721 0.0945494063028256 0.717228892036839
0.596083146990149 -0.620308215440813 -0.238589869516668 0.117331572515724
0.827699053173723 -0.246304953293547 -0.38374516427423 -0.0551006889666554
1.23345789619791 -0.0134742992837411 -0.724954927405235 -0.414567041827962
1.26342436816497 0.63782208031612 -0.983996550403609 -0.906902094737896
0.834595635799486 0.955599962543832 -0.96354938554176 -1.27896965949408
0.29866134819336 1.40824640797848 -0.822965060957398 -0.900999709301633
0.338026952484613 1.16348754522384 -1.07252500403751 -0.683067612636586
0.0167379949632648 0.97415542359667 -0.935443470841342 -0.937078801348821
-0.406853565209688 0.618281517132832 -0.223738256858603 -0.53668800747905
-0.200528398650517 0.317094376331 -0.534905341529036 -0.258907660456528
-0.612014498694487 0.273952843727529 0.165334037311966 -0.0232779419086924
-0.88142440369037 -0.133898839885266 0.300536216115943 0.230735526668703
-0.34642457970176 -0.403735765464738 1.02926086458501 0.53648879620146
-0.873031157862686 -0.545466824240368 0.785051279837758 0.83018729705399
-0.916825382851342 -0.982709824106296 1.07729576700065 1.15573520251443
-0.676076244885311 -1.04353347272085 1.22723229984472 0.821338288188277
0.203225536509216 -1.05726996010459 0.418360460706229 0.929711209674749
0.561540609568426 -0.893671761234192 0.162970541405071 0.380453797348128
1.05969937863425 -0.567599047173606 -0.501892897539747 -0.289600330578679
1.49674767652964 0.0475861454393723 -1.18506014052425 -0.52977865193383
1.39049506959446 0.55924587136833 -0.940952558122478 -0.858493954426805
0.415300406089752 0.903896412315568 -1.15369356122075 -0.967843936847298
0.433415270070145 1.08767034915681 -1.09081918543014 -1.02405347333921
-0.292466022536362 1.36461103992479 -1.07377002365981 -1.002098877774
-0.213290642056601 1.18677309448975 -0.732158690969131 -0.62780708734675
-0.618412386836509 0.728760842396717 -0.156125501301683 -0.4086000076149
-0.734131929767059 0.280396485305105 -0.199119750287382 0.210040284360786
-1.19674744709541 0.00760674059164126 0.532342030975946 0.472351263384268
-1.16176835670729 -0.588069782242016 1.18061317588426 0.454967337408078
-1.33441177213025 -0.844792775048788 1.6790823331378 0.946381502293842
