0.0141251356563967 0.76134482488234 -0.446925636284002 -0.423619047462992
-0.281707754050405 0.418009188555414 -0.12421603491881 -0.127475648693901
-0.143291025969692 0.365982852380222 0.215259822694497 -0.140813417150531
-0.755191167203206 -0.114288823542108 0.579019156867417 0.307911676082523
-0.590496149057886 -0.256805144227958 1.02410947583292 0.875175586275504
-1.18358947924366 -0.696368521103931 1.25038920730274 0.698141661201252
-0.789465000765325 -0.847700098938783 1.27212359221683 1.0950650989705
-0.520628507397347 -1.00409766509294 1.2046927532446 1.0939820164641
-0.382891750138589 -1.17403464418516 0.671386232970978 1.11107850506122
0.0468838936141931 -0.930732264335317 -0.034309690609988 0.423050980045018
1.17980268787087 -0.747774549490066 -0.250079013786343 0.212132110438156
1.88908193081134 -0.371156658882221 -0.679225827551644 -0.47122553636322
1.6323656895199 0.397064373602222 -1.38945294779272 -1.40065285231099
1.09150300430963 0.937108687146022 -1.13687585167318 -1.41129487772746
0.586257726668046 1.41275348810281 -0.946717875575555 -1.57221306722349
-0.365712490067505 1.44285358087865 -1.00977503534687 -1.29782287701433
-0.255771503421976 1.10642995155388 -0.909417433059126 -0.575669547673073
-0.765368425501752 1.03483173301976 -0.519185698196944 -0.440801747193431
-0.572244731540321 0.386912846228257 -0.110129355885757 -0.0144247679888931
-0.635147488379144 0.286028619494412 0.211499207309449 0.240153224920164
-0.895498509750298 -0.335956897142479 0.963158125273211 0.394517580437656
-1.04991953121099 -0.61304040159008 1.3918136514617 0.87824838072975
-0.893700493445007 -1.02735809923714 1.57149725954162 1.15221041861694
-1.07063664423685 -1.2410928491818 1.696417222527 1.46878749319314
-1.1067919283682 -1.30889338728724 1.99180419449382 1.55390369560952
-0.921787753199897 -1.50111961906312 1.44341686126029 1.57167631360512
0.0739752140505841 -1.63458023352576 0.853175702393634 1.49711758826073
0.770417512380473 -1.68399101600647 0.156429281238391 0.925077425837653
2.26483695969289 -1.12374852782344 -0.721470372535087 -0.223637068141726
2.6304723722483 -0.216878424085786 -1.20387305782975 -1.06242923324069
2.17235048195896 0.582469268184796 -1.27306937730183 -1.45130125321868
1.04092985666414 1.53777427775548 -1.50161363574207 -1.89407522858363
0.201173596354296 1.70923283989811 -1.23857574194801 -1.53410572853616
-0.2574545640069 1.581805981368 -1.15053899061818 -1.20573949210279
-0.301791497412683 1.06238632047737 -0.968868085930694 -0.548198120684697
-0.0406194962798884 0.885856654271054 -0.973374166543935 -0.560583628552928
-0.590370729833604 0.588549279813385 -0.499680241174948 -0.0345949176948118
-0.018835654535332 0.45226444822632 -0.213330534241089 -0.0226381114958654
0.195813933682626 0.130115709168928 -0.28107535983553 0.4501193463322
-0.0159357489743988 0.0857058663867979 -0.104072517466363 0.00920305161020638
0.159124938939716 0.0530449241289666 -0.331565181808195 -0.168806402463721
0.553074850851802 -0.10207584201181 -0.214427985404834 0.245687142962797
0.370097374328728 -0.0706873336969419 0.0998970867262029 -0.0071630264284082
0.441887400280286 0.0182090668577242 -0.0777883850254925 -0.332032084177972
0.204691094243631 0.0592912992006634 -0.363800196210178 -0.373199407602989
0.303573020479603 0.127222553754785 -0.38381096803915 -0.430234608318647
0.20750460154153 0.222581437123948 -0.174555562546585 -0.474281979328509
-0.264274525679481 0.289216954040998 -0.206320020554037 0.187533663046676
-0.269782409408838 0.221382179394457 0.0214805838851214 0.0964432540027686
-0.481277532643853 -0.00948186050461585 0.261321335529701 0.18420739856962
-0.795664390054798 0.026326484243436 0.478706109105367 0.307676519577676
-0.558026689948804 -0.520319696244228 0.958466153941852 0.464623338751113
-0.745839493336044 -0.880875597306423 1.07326260518019 0.833437342889146
-0.824749733368508 -1.0059848124484 1.28974611404111 0.908941855886939
-0.985497705188781 -1.00843712959404 1.04067157509802 1.21697329994607
-0.669271979225524 -1.27265386949434 1.1515662830566 1.28519483834708
-0.211211578490475 -1.27412137955127 0.702762115967092 1.05700627397853
0.585001445243896 -1.18807380608194 -0.312990761186156 0.805699333468681
1.61252907231251 -1.02613078133427 -0.439031809505791 -0.00617655349695592
1.9950138332543 -0.0712034542878006 -0.934405477882878 -1.03060674871008
1.9266739884057 0.610222973820558 -1.2196860802908 -1.01944784940165
1.06812987529763 1.1327973146531 -1.26998509261864 -1.55787475703543
0.334065868758675 1.38247178414176 -1.22462768501597 -0.874224489348878
0.0132522876115405 1.24568215915952 -0.996782059107756 -1.1123886898933
-0.33410237108005 1.14232456012052 -1.25749828731982 -0.713938322789543
-0.232356372099135 1.06162085947504 -0.52472264058511 -0.408067191002459
-0.46536397277901 0.639546436154337 0.0615482954916043 -0.132307592061458
-0.650783968944585 0.593460444168203 0.634708060663576 -0.114465048457087
-0.792740389984244 -0.294570124203979 0.944584607043171 0.503944034354743
-1.48504996762627 -0.516924855830392 1.41756018930658 0.831086071374861
-1.73179917785471 -0.973902589548358 2.12901663631507 1.42277425703976
-1.23828414680026 -1.45231525877575 1.92220005964062 1.7434771654585
-1.56173116193728 -1.54172252498394 2.41709014708658 2.31990957494118
-1.17322442210905 -1.96735675063081 2.05647696262385 2.01843259773674
-0.780387619844709 -1.97802148288068 1.68985440753101 2.22241534790001
-0.239363965869846 -1.95622318041411 0.768789744093477 1.61101536635725
1.27752427352521 -2.0031625505671 -0.300974463263354 1.03932162582608
3.08061349114588 -1.53376573775177 -1.12119310439165 -0.424062761956067
3.3735098382504 -0.173131167371788 -1.16766772853331 -1.71962122598406
1.61218883630006 1.06416321656652 -0.950131308343732 -2.18902696129491
0.470725985500858 1.91607817398967 -1.29441608265996 -2.23553266554128
-0.269022392803213 2.1601115846146 -1.33003799588855 -1.551513891387
-0.630047413890412 1.79285886561707 -1.32995558942436 -1.58830338374659
-0.750900220095724 1.40869352303518 -0.957089192754515 -0.735603028827695
-0.525540644901875 1.0060218265664 -1.09665603020244 -0.113504931977763
0.0412304098863795 0.798317707383607 -0.909864584064598 -0.048322934586
0.154278611702476 0.723664003565102 -0.640074903786241 -0.418745043128855
0.141721090663484 0.414821743460519 -0.84132513786836 -0.388723128700394
0.453388157578285 0.700521830115101 -0.527393429937742 -0.296762852294792
0.165993450925008 0.658489477371044 -0.669560316657254 -0.661118082054393
0.379520882182097 0.516781576740548 -0.371918753932567 -0.486338565960103
0.364445703021158 0.320106095349155 -0.0982901907061672 -0.272003932835309
0.147320617950488 0.382335291759494 -0.311833084579943 -0.262015429283568
-0.0934630280071655 0.484486224400961 -0.208840470438276 -0.139933297942754
-0.293774292287444 0.397128975531226 0.0629719083271999 -0.537975398487518
-0.420706702325767 0.205113303617364 0.123879853801753 -0.339204678019087
-0.532309598084139 0.118033391834211 0.559057236786297 0.0367870924082578
-0.835272150420018 -0.249134595336411 0.895182608303101 0.595652935556827
-0.797061359012331 -0.533822470173978 0.927323654259089 0.662522832872048
-1.18334159557078 -0.624892357583075 1.56075696194951 1.01852779663484
