0.716894020232932 -1.53220077867591 0.550112162373597
1.69225009287591 -0.626397473596246 -1.29513073709107
0.244462248828885 0.728788096295865 -1.08597883686368
-1.03195967062668 1.32645283811496 -0.829439171473553
-1.41488007171004 0.159404750351458 0.71267437000622
-0.639007101236823 -1.15172107679044 1.32177428253279
0.753655009133903 -1.60014921603448 0.0342467313348838
0.781175805202357 -0.755824183244926 -1.10847151865393
0.228170886964758 0.210048033122308 -1.59078379626469
-1.33439627681676 0.970359269208573 -0.815752808043627
-1.87583118269951 0.513724889203024 0.284549459754902
-1.31233836488426 -0.67984715191764 0.814630624574935
0.208260218670371 -1.41094222459908 0.68477638896833
1.50637635134727 -1.15679466278452 -1.12500676241907
0.710419699187004 0.294723639839465 -1.44910565317749
-0.679770580014219 1.31186846826565 -1.36709091908124
-1.41639659841758 0.748470938559562 0.500129150454603
-1.05283245132179 -0.612821498587641 1.40972713402088
0.442759256483036 -1.73858154359943 0.661280157136454
1.42397137069537 -1.03892510710317 -0.886806715590412
0.561699858749696 0.451809693924742 -1.61615315584545
-0.691180855580907 1.1570532078224 -0.658646501861389
-1.22588377129797 0.275952330749734 0.766859998561944
-0.358048101756849 -0.949646900323895 1.28714898121105
1.05225620420745 -1.18181999846085 0.0492439064488726
0.804210612251289 -0.450631678996598 -1.17570437229409
0.157064013258233 0.888118019734652 -1.24326527673159
-1.06600383851996 0.876313164039205 -0.385662073104081
-1.10322988685985 -0.222827015470469 0.677483987622924
-0.32993640891709 -1.22892643885289 1.12275837878675
0.72559518231235 -1.27995753438005 -0.256789831821516
0.754152464055475 -0.230444406937152 -1.06218541576516
-0.416263543948558 0.944662565895957 -1.13154926698425
-1.05068714357583 0.746348404817964 -0.287123153373178
-0.998992027516637 -0.120449199686677 1.04610969315341
-0.101677291466679 -1.30849262301199 1.06772632721924
0.798043939371617 -1.2462468529569 -0.403763134282632
0.964265009343796 -0.30259227426785 -0.887423307558887
-0.579561101430766 1.16505573653394 -0.828574840590149
-1.29067839848455 1.04680190472838 -0.209109495756618
-1.0147009441611 -0.182171933817142 1.0493532497521
0.00325798372340066 -1.10868526734035 0.746624027825132
1.16531597628739 -1.01749265247832 -0.491812846215557
0.750416914678387 0.421120188137435 -1.48880352006486
-0.765426796992978 1.3844413967945 -1.03666713088387
-1.49531336938296 0.711557423564677 0.235923393689521
-1.04688235798582 -0.852820302453343 1.2041182141496
0.469338493992031 -1.35493202464436 0.329138410210752
1.37765746920957 -0.911475455528604 -0.915541602348956
0.696498659703824 0.41856490116006 -1.4824190593624
-0.833849649861525 1.68325126198488 -0.941024016488791
-1.25117660540315 0.0970241613701448 0.61402221755276
-0.802758705506308 -1.05908478672417 1.34252013631555
0.745951470987477 -1.22772235453164 0.322115253527217
1.18940153302508 -0.527802597694522 -1.07707431811155
0.352648720046577 0.936110709696799 -1.00992000076984
-0.871319773138544 1.25094620955925 -0.313398375161451
-1.20207586414026 0.0126039052647954 0.888019554408234
-0.262824964346741 -0.933330001630928 1.00211628091708
1.07401884852454 -0.933768600073952 0.00482833808007068
1.13219771427248 0.204809678716985 -1.03937804270227
-0.531916679504567 1.25383255244462 -0.691613993970645
-1.15566754503505 0.602297927233693 0.497672243660889
-0.684374827094387 -0.955156060311005 1.71094001368027
0.993203094197862 -0.94925560935081 0.387060762741267
1.39138780706331 -0.32646680488903 -0.659202602933063
0.295470195145154 1.0916023050765 -0.879706006180514
-0.953230986580211 1.21047031452634 0.280637597737731
-0.718143881819453 -0.227424822788398 1.52369008659895
0.410633851091776 -0.99222523025695 0.77363868546179
1.94410972839214 -0.682688049986397 -0.663702775363028
0.789816567123464 1.32280682061376 -0.841826005807892
-0.79658456491731 1.62181723567346 -0.294544395900344
-1.16345365009711 0.326254243844941 1.08207361062151
0.107605273516469 -0.695436578165299 1.49248824560173
1.46888243594012 -0.569741223260964 -0.354924088315738
1.22451283598443 0.703056482957501 -1.19632342392696
-0.572352023557231 1.71649703600107 -0.298849270350579
-1.06238486546352 0.559066006346125 1.28736969024097
0.247309306182689 -0.84055728668538 1.55836254454366
1.72966636621612 -0.689200921273905 0.0460150827316764
1.02499612597199 1.08381753692025 -0.986897861804983
-0.724089135376492 2.0322930476412 -0.424448432491928
-1.10993297901875 0.201154325125951 1.52123427658998
0.219233620782161 -1.1674593328363 1.87294885287369
1.85209183201488 -0.657728862755562 -0.075136478174024
1.06890757447033 0.653844142042129 -1.21447375570055
-0.800964915496547 1.90092122788318 -0.442447997426646
-0.990526499626003 0.641337559788356 1.2780807367723
-0.0305938513030468 -0.866961182994449 2.09570623412585
1.57155810610795 -0.901167337055365 0.186103888331951
1.39896393393371 0.213693346852141 -0.933066187724431
-0.101445800535874 1.64114337432938 -0.773959500224828
-1.03137644524953 1.00873473299124 0.915172084190896
-0.381074188998359 -0.634622366279133 1.98608426488032
1.18614091030481 -1.32659523625917 0.337535907600392
1.81741534131125 0.0341448492391237 -0.914707332089174
-0.182077768218963 2.08027373090542 -0.6617863099648
-1.21028052056809 1.04468820288217 0.573405404960426
-0.507936106909911 -0.46192006643166 1.66694105055141
