0.814337560623546 -0.1970121840982 -1.16985169690786
-0.51511809431345 1.12694363953051 -1.02128730736547
-1.20500710246711 0.885870992489013 0.214165574026398
-1.09182373594486 -0.254159281354158 0.938076679141039
0.0706832863045692 -1.13988900445398 0.716359460475556
1.02333126910596 -0.878469017370594 -0.248496651353933
0.629684441170922 -0.21219835982436 -0.834592349742912
-0.252975107823831 0.943631484914617 -0.687494071748697
-1.00305942675408 0.85158580188705 -0.0519859681432663
-0.718717022351315 -0.259311667711971 1.00042775383301
-0.328963619862983 -0.641944073697601 0.879005845826673
1.16749307761183 -0.875003862051068 -0.260991456052521
0.665884173153189 -0.211729223725007 -1.01917748046757
-0.148872901537438 1.20685478573927 -0.695240443085854
-1.19218833621208 0.796966313210604 0.0697778548889108
-1.25344837252056 -0.36643925933484 0.914942560115214
0.0465977604328975 -1.04456947001547 0.63547896514666
0.655688347650068 -1.1948145096405 -0.0949808620135466
0.787994285590595 0.139521312590886 -1.27041309386121
-0.197487530062509 1.34376694998316 -1.16738631977661
-1.19521651356474 0.813963686553973 0.188556299206213
-0.903278908417977 -0.612492031317978 1.10261791679551
0.282958606840146 -1.08308423671577 0.973901460338305
1.27474123704242 -0.405172331384644 -0.388692408357214
0.531901034189168 0.465658141293984 -0.847217101116205
-0.464617664417535 1.48613139165371 -0.0614899547504862
-1.13554220121576 0.388368460551559 0.967198564860353
-0.271006009315808 -0.815572115718398 1.3029975213684
1.5800108879091 -0.841896318809122 0.273692810684038
1.32405424191963 -0.0229080304970399 -0.937194963106562
-0.384611139635606 1.73901937790636 -1.09786882318187
-0.982285946990799 1.07674111684263 0.160232878052822
-0.674844454014335 -0.48962126591081 1.86127058266433
0.367613043361259 -1.37923965113515 1.18621408419394
1.63903706278333 -0.833331512327269 -0.508667345320938
1.30450161225355 0.628805619887513 -1.62399582207246
-0.774503847217203 1.86447037992259 -0.998622844312369
-1.42238353611639 1.05158585774014 1.12987052089612
-0.812231500748253 -1.00214796892726 1.78495491515553
0.893734584426509 -1.65025862839294 0.6965214732199
2.0249783683223 -0.777154482841628 -0.968913044050523
0.068780312682778 1.34025853190745 -1.31108308394963
-0.798616899916312 1.89875676766929 -0.899895886097164
-1.32152594900887 0.300939246893396 0.916890766024322
-0.789918999153009 -1.20019984751449 1.47798954275562
0.659206813605003 -1.32007020427407 0.286821569869267
1.48306367072173 -1.10142973247886 -0.988738556395461
0.305871735092564 0.507883193027417 -1.63127603217592
-0.982174385663826 1.30090779087421 -1.13543687555708
-1.60948816525786 0.516956579438289 0.757650644201716
-1.10820342248436 -0.696368966699157 1.46181411248026
0.642635222337713 -1.48223218292449 0.450783213260243
1.74494459429392 -0.92803555283265 -0.793673798359124
0.89383313230214 0.658251064415919 -1.42999016036554
-0.97362432633628 1.58063230659916 -0.995409037886041
-1.18225320601217 1.00075110275851 0.669649425913926
-0.978160869967064 -0.696760733025497 1.55422296715499
0.636506833161621 -1.09860870227217 0.976079789660072
1.35803364224832 -0.944749951695685 -0.77460250000456
0.278095167157509 0.747277036972851 -1.34368641536135
-0.804318630545328 1.53398215923058 -0.672597059620934
-0.926296857803984 0.474876854615339 1.07625381424477
-0.520644557054956 -0.6256954754878 1.44513342506831
1.25681422663432 -1.14608824188815 0.311846133200869
1.41109353905073 0.098124698982144 -0.972440289157647
0.208407710596111 1.13828335090149 -1.21085720281428
-1.14215357794673 1.42985289694104 -0.122828302527364
-1.17056993500447 -0.460253815647629 1.23627084010919
-0.0109348819810521 -1.11819624395423 1.17519339982216
1.11281210080624 -1.0113887951959 -0.246635734525465
1.14864864055668 -0.362512047946061 -1.13409509357116
-0.201873886353732 0.766296212620967 -0.828121077256875
-1.24800901933872 0.718721199780686 -0.0938868268895041
-1.03069998254157 -0.0289994161933867 1.16120811288973
-0.0401802755076352 -1.11747465131213 1.21223704690007
1.39746363163106 -1.23369199444538 -0.0966872733794729
1.09658237648271 -0.120927933721854 -1.08565278871101
-0.163134412968881 1.13533732974251 -1.08341090995141
-1.22629229466449 1.20436299243989 0.157987077674845
-0.956879845425126 -0.334051397696526 1.26792076230634
0.0369116265008193 -1.1206273902656 0.969067580288964
1.22959434188145 -1.1237931534697 -0.339730740866922
1.10990729686745 0.364628210229904 -1.46467232354401
-0.543488778649458 1.51518156786151 -0.976570746798974
-1.39806097099894 1.11665229834532 0.621114699712513
-0.855067778668178 -0.94470742913911 1.58639604065876
0.558489259745884 -1.58478349375511 0.655940451504344
1.73651145375654 -0.929179580936776 -0.716735194680557
0.903613922956683 0.727217677702272 -1.49123727556828
-0.855565466833311 1.65845933880346 -0.894210639508745
-1.48044503108262 0.766954818641382 0.79850158407345
-0.678594838075285 -0.932808306163204 1.61849043572079
1.0507889385896 -0.990837479685162 0.642605765247651
1.46461980740558 -0.571517727426232 -1.1953654769739
0.540633203567913 1.15263513488673 -1.31819950027115
-1.16081304775932 1.63683161756391 -0.208460681423097
-0.827141815477815 0.0900419635936311 1.31779915694686
-0.275559026885175 -0.998846046613712 1.33714745272089
1.36429690559568 -1.11521646314608 0.241197330646474
1.40548911995141 0.337532188925719 -0.969729370965631
