0.955984339898323 -1.59032204002145 0.287275196872625 1.21030662529305
1.88547593235754 -1.24577228950897 -0.406639530180256 0.159215284673738
2.73401869204977 -0.466249168849717 -1.03277739581974 -1.05851067099483
1.81155856307231 0.580317790092929 -0.985612248717022 -1.92258874182787
0.773726817924067 1.43297785005903 -1.0410313765679 -1.93427351168286
0.309796298874842 1.63741437849135 -1.11061509742761 -1.57806449156102
-0.608065687155406 1.67788208263526 -1.15287625049043 -1.12609909583417
-0.650296182395269 1.15674362934568 -1.03874487142353 -0.434821415303315
-0.615795511268916 0.821605388979515 -1.01371080552127 -0.0604506866061132
-0.422037201693372 0.449273459284096 -0.649552735469985 0.224088921912145
-0.274620381162574 0.0710154360940412 -0.212497809254001 -0.0804351534087441
-0.171867741887785 -0.124205907975727 -0.270845965220359 0.0481064338889601
-0.018925375286212 0.0914793635045956 0.0872102745730224 0.0548478049718506
-0.352779157159721 -0.0169937809263472 -0.099033802122463 0.219996175023776
0.0109572208316663 0.0388786613197369 -0.107300707947684 -0.0699099035501081
0.279034160396822 -0.11017007286041 -0.293262312958773 0.306846375817108
0.632298151712283 0.0202119315366513 -0.111562952887786 -0.0994509801967485
0.309724599231731 0.122518770237191 -0.33744645065134 -0.138191538374566
0.221858482691452 0.0909399724181002 -0.316718124125329 -0.466676856980235
0.0864189216845505 0.328732154273767 -0.0526128438166329 -0.363635022479631
-0.0627648245149097 0.134425405126041 -0.226010545166674 -0.0707651188380388
-0.50451926965064 0.286329219338028 0.371846530842597 -0.0809839552617324
-0.543023680329108 0.113583785800377 0.230027177961111 0.25780332140626
-0.720175320697653 -0.135782261675171 1.15710089666411 0.864841191763869
-0.999104970146635 -0.639087647007432 1.25588246112161 0.687835380666806
-1.02825884309604 -0.6898835252409 1.13966500231398 0.768825151932111
-0.950884392918581 -0.910141802305216 1.52574066576436 1.03108853734563
-0.696140992432625 -1.2853917231889 1.27991136273181 1.05290746181996
-0.610383144963843 -1.26854685352265 1.14275697397061 1.37967503940296
-0.218480333869486 -1.16876984045097 0.876580494370299 1.03695390799194
0.7453357508562 -1.25895671378282 0.125801070161952 0.935412109536295
1.55654408855283 -0.763558264783789 -0.517504332236303 0.181289623851304
1.89533606780096 -0.33080693348236 -0.566370751455937 -0.729638505563068
1.37092560925572 0.378926264750374 -1.03257914058765 -1.22494275791198
0.81915618305032 1.1780106782981 -0.980301230938878 -1.57377219344033
-0.0647598294760051 1.32480447441852 -1.0200070976845 -1.4202128428481
-0.539352306441854 1.3079514279009 -1.03973740166886 -0.859378124790775
-0.639132085062105 1.16826864914021 -0.818031145004014 -0.654250871465653
-0.342095698390152 0.987964895520352 -0.780881656335686 -0.286714487710656
-0.456293561011406 0.541049480137681 -0.218096687859794 -0.178919929047988
-0.813473159937213 0.541042645020211 0.587589288769472 0.202027881881966
-1.32038643375506 -0.292559481670666 1.05892430313555 0.448870208824546
-1.31159758913045 -0.579240226288453 1.8184410994205 0.84360981248423
-1.80266316677156 -0.781773988479981 2.1406424112169 1.51880378955997
-1.68702019314597 -1.54829176068193 2.53182663147446 1.7200721207804
-1.75430508512878 -1.66534728746408 2.67654192184419 2.06961722632835
-1.40644384617248 -1.88590448407406 2.33944707158569 2.25149388623508
-1.17705346079387 -2.09142772271821 1.88390145732406 2.63791263574785
0.014094420663126 -2.22601642084569 1.16579982369969 1.99866380814767
1.17560480897638 -1.85295253898168 -0.250429338611471 0.945920670981553
3.19502169554371 -1.47658935341414 -0.748042257322334 -0.239196131529616
3.18979749999695 -0.500995674899452 -1.02733244402803 -1.63764870846384
2.05284526257196 0.803509333430518 -1.19075620964452 -2.11598144738095
0.362372519540179 1.73860788955283 -1.0907208125938 -1.92589830318249
-0.165940987040797 2.28287242803781 -1.117828008643 -1.76315794569003
-0.56045253360017 1.90043730869152 -1.32379812048102 -1.49603765480279
-0.66984092991201 1.28604319554408 -1.01845854146483 -0.437788780986888
-0.276265682352764 1.06876630153324 -0.871469146543932 -0.102688531011627
-0.217901968023408 0.674480153084616 -0.67451369531555 -0.105751562790098
0.0565344859296117 0.471307847227716 -0.82569520460735 0.0490364038424235
0.0158235546158459 0.508652589284133 -0.826296017162146 -0.401334720331417
0.319866455807108 0.418181116335979 -0.444134048603576 -0.0952755163320151
0.328435246878007 0.217708595424244 -0.411338366450502 -0.444916874242546
0.0612805036740867 0.590325887284234 -0.52443690202397 -0.355114599448457
0.107444035017451 0.259795128419706 -0.454419352543183 -0.367220949570864
-0.0787358319450703 0.302007355807724 -0.162714079662255 -0.472836564782062
-0.114972134002613 0.429164082442817 -0.109674892427718 -0.205084917975148
-0.426678046394576 0.571059277699628 0.223900239649917 -0.129297798514961
-0.372637887878119 0.351638789636945 0.0784137460893391 0.114762249809569
-0.776111308106378 0.232232051290004 0.50151472548012 0.415058173288893
-1.00703012959661 -0.187435558354641 0.974240704772406 0.761431333565037
-0.895085418568934 -0.681602880302896 1.30920817558135 0.778702501723973
-1.11230449433932 -0.841968609167726 1.86058753254863 1.06849186002385
-1.27190148994264 -1.00288777550455 1.94238759571884 1.32112952437544
-0.902268587798198 -1.33991794963639 1.70006261129126 1.32370907291206
-0.706430010149928 -1.29923615763565 1.27278511533988 1.16272784379048
0.209155541751377 -1.45767420519641 0.656964347713853 1.07550887237228
1.13397430199838 -1.06504284564037 -0.205895628755355 0.560179903708176
1.82134682115821 -0.702273643616325 -0.867796600595283 -0.425775151156141
1.49553914877457 0.190754963639446 -0.901997346458649 -1.16090545878326
1.10109422477564 1.1362841012729 -1.16236623870937 -1.36218870176157
0.563744188295713 1.36620428333076 -0.864491570686634 -1.4548327656158
-0.114028714538229 1.52332585113095 -1.17663220679065 -1.23962759941235
-0.747703933120346 1.31258340836832 -0.739623680921973 -0.533918063042121
-0.65066592589076 0.923113505263759 -0.912848404942618 -0.431137977462289
-0.555178760052393 0.802176999131655 -0.235039084156707 -0.299187311547132
-0.353716682188958 0.224086789144045 0.0848883488965953 -0.340184497634384
-0.234246251876199 0.108834266409312 0.426799181494648 0.127787445248481
-0.514415477222383 -0.189166041302601 0.685853939685207 0.749094249172572
-0.627351874002076 -0.476153450760464 0.862694453968113 0.902553240143756
-0.582372609232322 -0.716579725669873 0.714587082736739 0.726611718222421
-0.592215708621496 -0.884120439532182 0.9713252558393 0.852147790971867
-0.16598620419738 -0.972336275736475 0.667565747346506 0.954629309409873
-0.067780368356433 -0.986500758686119 0.564373383030752 0.277191184194715
0.198225440204598 -0.813465483720387 0.0916179337325654 0.728997819477211
1.05271392880233 -0.404759054894683 -0.295273068711401 0.313198453346389
1.15023962302962 -0.0100474320236251 -0.573904860118539 -0.54691997057701
0.960154544451217 0.718258603581796 -0.964690860895334 -0.714437903250298
0.519047473265331 0.949135596175626 -0.960206138524749 -1.09943102930245
0.0404137688333881 1.09301056058348 -0.907497838797786 -1.00351604560974
