-1.03460931020846 -0.247251503185873
-0.739434487453256 -0.65260464663242
-0.488900112309911 -0.996525693488893
0.215051316807216 -0.988794354852726
1.10673412632678 -0.670325935067351
1.73155011682459 0.157475607083757
0.643140653580615 1.41690169844212
-0.452912518929432 1.46572344214299
-0.922485193569052 0.790692432935274
-0.866486256431571 -0.113621812825457
-0.814059451905181 -0.59582783684085
-0.597714091332285 -0.822570321098122
-0.169137213041064 -0.753292820548913
0.702298315731763 -0.847510815863568
1.75466216486678 -0.449742240046121
1.49501632563479 1.03493653354551
-0.0393638491963747 1.80009143899186
-0.877677494839259 1.12126541618653
-1.06105756126987 0.399315107013034
-1.05450505370916 -0.412877443301409
-0.743105867683796 -0.79975879007839
-0.429575071231522 -1.01322886573924
0.40064638816508 -1.08295996750293
1.3484440079054 -0.579874699962877
1.85471297556114 0.473225287458156
0.42625299775614 1.69474025470102
-0.618769696633588 1.54666543908075
-0.859478766252748 0.620701870750013
-0.935916391461432 -0.204102002262481
-0.842057775676703 -0.73295431125624
-0.607786102623022 -1.04257624007611
-0.0218221171663689 -1.01795662408817
0.985176339114079 -0.86643924705994
1.86973418078956 0.123844270902626
1.13227293595589 1.34315335511686
-0.242269103763884 1.79956257270177
-0.809863243233541 1.05521770764046
-1.21771574000544 -0.130166009474797
-0.919630793507226 -0.442581087142584
-0.73889185970191 -0.89429592916715
-0.0876355388447897 -1.00282664598322
0.631489726273759 -1.0147859315409
1.73919908016655 -0.530538128242896
1.68279548416799 0.69594320993294
0.139368886130873 1.76199752269576
-0.779316206676335 1.45003238465402
-0.924779619160477 0.404327675458071
-1.01781504245376 -0.126655605389484
-0.89210581052514 -0.656420158087896
-0.618595017915455 -1.02539925426386
0.160057445530362 -1.03206230537832
1.19030424780163 -1.02368408014552
2.07222179626647 0.16018366584765
0.895535812254757 1.59870037081693
-0.497257010372929 1.65240436517903
-0.889746081602671 0.896350473608286
-1.04823359201518 0.0197760099131669
-1.01975176187089 -0.554990663914634
-0.788750438595467 -0.723895940687018
-0.237846844907963 -1.09973497869299
0.708172189418409 -0.895410861036061
1.67590450417906 -0.460865485916913
1.73703943803969 0.901531958867235
0.0342762256313863 1.63636318264382
-0.601614349745811 1.40596147483601
-0.876335248680822 0.365459877015116
-1.01321164004203 -0.230376638637997
-0.908583456423152 -0.871573131216914
-0.568843034697394 -1.13469927271301
0.0623997692151495 -1.2330122516473
1.20522686792673 -0.691148721279814
1.8855259755229 0.279662496347116
0.824471547940843 1.54176155444809
-0.263679066537726 1.69407729202428
-0.966517281324494 0.858374333834038
-0.920743274962228 -0.0352554366798883
-0.959467695718169 -0.747091974223535
-0.658533111118341 -0.74590103416375
-0.198058417816888 -1.13072729212216
0.635571403567545 -0.968571122098603
1.7468875220723 -0.733433889786618
1.56269897055502 1.05290037467369
0.0388453991717215 1.9948588712932
-0.694563646817069 1.33311041702849
-1.00863601449053 0.541191140871635
-0.923706225642135 -0.300118613578854
-0.774920671438726 -0.880663239984594
-0.436128790756027 -0.93294016511979
0.404792312259251 -1.00047495481148
1.24123644414135 -0.95999851558213
1.9959404417741 0.332962281101994
0.64457104977567 1.8976510595308
-0.721282720204019 1.63459021726353
-0.869409691859989 0.755502519722929
-0.994428322627921 -0.0121362579266738
-1.05256768897991 -0.506416496667935
-0.717708690661552 -1.11805675981859
-0.20578912202613 -1.29703215705478
0.834103384486206 -1.17039830054245
1.82745748135862 -0.504051701801369
