-1.46974603722194 0.46271649929424 0.102995463895761
-1.3273622787066 -0.926112778813788 1.25464813031916
0.161462759920041 -1.19526438389269 0.404739124629983
1.08388448384086 -0.708026968569692 -0.991293232239762
0.279022539550569 0.390512696243591 -1.57297623971326
-1.04150207490564 1.05110291335389 -0.389982127193697
-1.39215089738487 -0.164897735259197 0.804940794093979
-0.495806073906488 -1.29443905019468 1.27874025062976
0.865823424425067 -1.0163101616397 0.159831689797521
1.14299243528301 -0.502401872870928 -0.996255934085234
-0.0539484363121459 0.852450847880943 -1.23327437450685
-1.2628132135666 0.816796005343362 -0.673978486424239
-1.47432730783154 -0.152417747237497 0.749563560515897
-0.204123269958955 -1.14673693397959 0.844289439084942
0.831673730635575 -1.39807761136578 -0.362896270078602
0.790977859804476 -0.340368965872301 -1.25817338659084
-0.238882652714513 0.659323973206805 -1.38598491750028
-1.06378300293197 0.939024772394337 -0.626787585537794
-1.30940678554663 -0.575410051523183 0.790480847388104
-0.283768741103983 -1.3455917784027 0.656850882480143
1.0188468554109 -1.03544666272664 -0.308221924863044
0.700817676403932 -0.0630594212865484 -1.24721643206894
-0.309129073474994 0.878565985232001 -1.25505418642157
-1.08595308996253 0.841191122862606 -0.298731851134025
-1.15653628300228 -0.596929624385802 1.00323288359047
-0.240624152168718 -1.1518260418589 0.903989510930331
1.20777100774685 -1.38913150406292 -0.318870558493623
0.47740871474945 0.0529348541807746 -1.22290794721507
-0.816918906586171 1.30747355928328 -1.08168415062171
-1.41825055131803 0.56399728372498 0.0178632454998214
-1.32371121091255 -0.807103687076069 1.10164328766283
0.027140727604607 -1.25706185316749 0.350850062747878
1.236333376883 -0.988093238885844 -0.945137814624307
0.53033320708138 0.49857386450873 -1.72352325462151
-0.95897772334519 1.31912228080756 -0.958804677932519
-1.41044654809017 0.592802383550587 0.455533305444031
-0.835845141267301 -1.13513297742217 1.11277918357687
0.978734936542237 -1.34880436371701 0.178041467668606
1.11406136442989 -0.664131739553843 -1.09028230827613
0.220794132959094 0.789608932856939 -1.364381446126
-0.969778313487997 1.19058995307877 -0.560529002200848
-1.01483028164997 -0.120111910863234 0.778274881231269
-0.083145807114719 -0.915895755975372 0.8361009641474
0.93602991789329 -1.05435524379274 -0.388603819125035
0.90899755329883 0.190979610841483 -1.12883137923435
-0.55329193300201 1.4446279751121 -1.25634936857799
-1.16317136348884 0.500315536390553 0.514561443304823
-0.456268683600158 -0.845776361020174 1.0505525185843
0.697613062719012 -1.01425036250723 0.288940341794813
1.64638480652142 -0.193166111123222 -0.928243792308933
-0.0446774481961548 1.3125862306872 -1.05084674174867
-1.04474486462816 1.02518574352183 0.0682732202802209
-0.898342715456895 -0.415040207141048 1.68864121962621
0.40185021533016 -1.34329468503187 1.28398654971953
1.71877780829762 -0.356998161423037 -0.45300336797905
0.631708658757025 0.789253259239926 -1.19550928892104
-1.10537175056244 1.54675359746923 -0.164345505991567
-0.816031895044529 0.251356412604339 1.00597911583708
0.228323779495055 -0.944055088209369 1.30018004987601
1.58997962425697 -0.977802829687445 -0.276477908707806
0.960813963491289 0.713807777382549 -1.40219507501692
-0.567926955317917 1.62176507977193 -0.655987380913879
-1.1410194922369 0.621660673305419 1.41346550194605
-0.0208182203876558 -0.864945369837159 1.69829421933432
1.59294327951512 -0.802609982448823 -0.204101941651607
1.25238237134791 0.913244024740416 -1.07482234475265
-0.587352397887839 1.89982758663196 -0.592831854753387
-1.12590807201423 0.276090854911556 1.50151773287492
-0.103565322874125 -1.33915175602765 1.45028839005285
1.83328323867656 -1.08441104403002 -0.366891418256212
1.20266604640911 0.759503581115053 -1.2118657183343
-0.647266845554664 1.86212022981238 -0.463538806559695
-1.29439381499698 0.459812657748106 0.876953598978003
-0.0951607934088977 -0.864259753724297 1.74986925775126
1.42348368651908 -0.921304210565985 -0.0296752164011695
1.26066914006041 0.00195315064672524 -1.37258006147225
-0.359474000650019 1.74720140140546 -0.852344208711715
-1.24610149435357 0.933129734619037 1.01666281818221
-0.491902486197819 -0.849516457966428 1.69250600347623
1.46739429670199 -1.53578706207961 0.406363862278816
1.58560835517701 -0.106885630544057 -0.986672140117347
-0.153319630603609 1.71647496287671 -1.20871267856898
-0.928577973711151 1.38302017425796 0.310889328623166
-0.552685479343359 -0.504620107653856 1.71992180005593
0.831446637960128 -1.18742853458515 0.737421010491993
1.63576757180419 -0.518282349607005 -0.612821275397742
0.218738942971738 1.29589254169549 -0.974637887408598
-1.06353306428425 1.44440243850029 0.331591154807451
-0.644147966687659 -0.221817227701101 1.58327441526464
0.88469017097248 -0.814877016462175 0.903753689909085
1.5136540196974 -0.454532846905028 -0.630555842871927
0.351224235920035 1.49689925883346 -1.02320060128919
-0.788362004333467 1.39568739609233 0.57560086680599
-0.833705528950734 -0.0647181709290868 1.57053830872493
0.975545869965641 -1.11953409097643 1.20499006359938
2.038622683897 -0.35263618945892 -0.801215293799616
0.461419520689539 1.5691335225973 -1.07490823249151
-1.1230798966501 1.64654576916175 0.405516700924216
-0.651974753573373 -0.201177197957652 1.42939923164432
0.825846010853013 -0.834000239775822 0.683395869749462
