1.08386147486706 -1.03191997239695
1.76600186663073 -0.049286497956687
1.01941318898664 1.37079970848684
-0.426680609449268 1.46658071791595
-0.827483639961054 0.739611699343766
-1.15382771194543 0.00657846639799424
-0.849393076333032 -0.37779757352743
-0.799130729113158 -1.05984255844174
-0.156467545259445 -1.05110319399468
0.615978011977339 -0.959083228656076
1.67766806142847 -0.538731031119269
1.49474144837882 0.736765580490695
0.0954345266544291 1.62656623564054
-0.647569910920307 1.1126597031517
-0.799854679880594 0.332652340951851
-0.91788173731672 -0.224647952764727
-0.874223999242983 -0.673514269459576
-0.421237679494826 -1.09568898618696
0.106398395532729 -1.14329926880863
1.27616091329011 -0.860021652487182
1.7965124420985 0.0145242876449027
0.8573605295626 1.24721738699076
-0.447338157796733 1.5703406925371
-0.911668178054827 0.883865653783866
-1.1118524076108 0.105195857411691
-0.85629168357134 -0.47166185813165
-0.691980126344465 -1.04761029767055
-0.155627955219861 -1.08987841921143
0.723659426883481 -0.988864099023126
1.80674472598726 -0.554055739638594
1.43727107140492 0.754239093267539
-0.0874652091210953 1.83291481768189
-0.780358171913466 1.15259742491777
-1.04961622435071 0.316061842155318
-0.90502759876032 -0.413360822669533
-0.862869979745547 -0.817940019683588
-0.42647963338755 -0.963183770696938
0.292598095276207 -1.17117832123813
1.19761730675133 -0.944987026857592
1.78602491413493 0.403129805630657
0.420743842706108 1.60234091771502
-0.667797544771566 1.53849807839526
-0.956912318862421 0.636629221405796
-0.99519376601202 -0.0991601539830003
-0.985639382018689 -0.667499139144256
-0.691507264711928 -0.993618613267399
-0.283341179293937 -1.10675238075092
0.813727074727484 -1.01468844246314
1.6986742778583 -0.50417253139544
1.45581368544287 0.851283471064339
-0.0579194876104913 1.74572278052378
-0.779310415301819 1.22119680513051
-0.980712177812691 0.0435909168709141
-0.961355266952946 -0.387719602968995
-0.757073264703607 -1.05297741148309
-0.553510484594139 -1.05988253446028
0.191661544004333 -1.27322404280034
1.24708856652565 -0.902800377231963
2.09863109624799 0.0292801730145775
0.766049680115777 1.64387258690765
-0.715781601974222 1.61194586098639
-0.968897475629442 0.814731892860083
-1.10521264877809 -0.0651178593764367
-0.95055472512166 -0.572130075830492
-0.816992001313731 -1.05924968249453
-0.204441353600574 -1.16856571230828
0.541869890936734 -1.25296488843417
1.7138079909864 -0.621744164936616
1.67099418147403 0.912816410180092
-0.0852575583644103 1.82667957995018
-0.771718450350831 1.42628316733721
-1.01159307131578 0.523781400514553
-1.04007731780905 -0.159502578358727
-0.86216034211148 -0.828910947235014
-0.581565867075311 -1.18465758086694
0.0158612302970781 -0.942219680642791
1.14702830899158 -0.886968809954891
1.88965646302964 -0.0919855984994202
0.898713592685236 1.25951801706111
-0.427886214070928 1.65428411234967
-0.93029181767789 0.810349300543939
-1.06012649479707 0.143749025975759
-0.851157802311373 -0.55797680158328
-0.775212470850828 -0.921619246776454
-0.370273821121611 -1.15845456762443
0.470309716693023 -1.13031620877095
1.59338201445433 -0.597243922320965
1.79796210463097 0.619306708362914
0.271524611720261 1.63736120438164
-0.588742359038666 1.34125242353933
-1.00943395428749 0.164536059146581
-0.939560213597442 -0.216897936270956
-0.932930844207989 -0.631114225120953
-0.546238003602253 -0.930902594663224
0.00623192127906175 -1.15925597284433
1.02914286752857 -0.779458652437227
1.79237245990775 -0.206687065430944
0.975628725741583 1.24660482305827
-0.287091483123739 1.75727484158937
-0.876525158258665 0.978905470086137
