-0.010653474762593 -1.74652752905614 0.853398189559469
1.25959736910654 -1.31460869418693 -0.762672691473903
0.687567891248852 0.235901842370244 -1.55471352291652
-0.879045005606074 1.40569699331378 -1.17406899194821
-1.58866304418947 0.807439411252278 -0.00774780543281243
-1.08747765024261 -0.675185900012968 1.297793539902
0.417241723133595 -1.34058991841656 0.670178893061478
1.13227051365967 -0.895142945697972 -0.688410229303404
0.483353474134863 0.490066804260338 -1.22135354155076
-0.791786267293481 1.35664841788918 -1.12677077218833
-1.24214661494875 0.809709702029 0.628504994445446
-0.30507468869253 -0.718004477947586 1.18874716842214
0.472628505384582 -1.47696027122701 0.0490885049236889
1.12774756943003 -0.498913300924774 -1.03207861439123
-0.32033820845427 0.643798535479403 -1.33305838996728
-1.05065133411484 0.976418491705056 -0.651654415898822
-1.08840644538191 -0.0986625162125868 0.753518749633305
-0.593120029612896 -1.11208201247008 0.80699167859243
0.838456803746046 -1.18522378932681 -0.525084485773456
0.427439285605445 -0.304558178882634 -1.26981244893639
-0.366963937677727 0.702688680761752 -1.01904380199459
-1.40212146851418 0.779170776520106 -0.393334512599783
-1.13724694400211 -0.12335701318425 0.563847413530255
-0.232206505952889 -1.00642220828235 0.948590199738556
0.856020948738497 -0.934188538218156 -0.142544466740594
0.806489746202756 -0.129640453819169 -0.949881607682783
-0.28996935213165 0.931334468292472 -1.49473916856007
-1.38803545400091 1.06235450036874 -0.235687220494998
-1.28855280338559 -0.258891374082628 1.2104744421029
0.0416719952295831 -1.40508712406936 0.731511257658076
0.841263736678709 -0.866212947227658 -0.57273938254053
0.651331539317135 -0.196874890752189 -1.31041148284155
-0.850190136803167 1.17688520422378 -1.01240409151465
-1.64960001261508 0.729053435632223 0.303116423756647
-1.17782227299925 -0.924108000122095 1.3035811816034
0.483590643281575 -1.47865764698244 0.305980326205111
1.188193013945 -0.742349157577347 -0.723776314251803
0.65224871589012 0.161197394774591 -1.50324434955831
-0.90202748367188 1.260538311007 -0.958044519736422
-1.51715931672897 0.603495465091512 0.310601101313272
-0.826315694598289 -0.82237920093043 1.274381032962
0.61559047003987 -1.32156190519344 0.254265818878697
1.2706819404704 -0.673127055566318 -1.11402130987907
0.0365551715450707 0.907150963163394 -1.06795884773375
-0.896007796964457 1.19786152236649 -0.362398848629722
-0.988671408986452 -0.0291764006874874 0.964931607419434
-0.589142818348195 -1.06577604297212 0.949458215483172
0.909041435578363 -0.947076689881912 -0.204009214321617
1.00424984992847 -0.149243687007449 -1.17783900242078
-0.592891165609039 1.25163572248679 -1.03270435154206
-1.45468725206618 0.413803278768108 0.596840372303196
-0.906584646218376 -0.764793565848253 1.44849278101768
0.733055983201768 -1.39336257373047 0.290281889787977
1.49485754456307 -0.296107267230581 -1.23740147811755
-0.171704617496966 1.17180242389874 -1.04258305171513
-1.08129422736062 1.36956422959902 0.18064571209394
-0.667264624389261 -0.453693894805132 1.4806008699675
0.374012036063979 -1.09585617048641 0.977388248463126
1.45974753947003 -0.419336805938849 -0.409420099204706
0.749554180451795 0.92745098852009 -1.34756882432229
-0.862281315678351 1.57460737585575 -0.353119847119895
-0.992938216706698 0.00566927048762224 1.37629724858946
0.219850302905091 -0.77203299593012 1.16889029738305
1.40002966156502 -0.796062747209686 -0.427903470663685
0.822915364585242 0.844444935938965 -1.06369228696529
-0.829424198093454 1.81515827698148 -0.74548722506074
-1.105149177945 0.614628601487 0.987570636843098
0.0488771403150143 -1.09853342188619 1.60918916148315
1.69111795233109 -0.916973395152733 -0.207913051563873
0.951896974749426 1.16164840977109 -0.960129994127271
-0.606908027402145 1.75218515441287 -0.319331264709519
-1.22016281970013 0.322674185224354 1.78359533867159
0.208940770536179 -0.879214501487245 1.59234150820802
1.85526127872719 -0.864238972341916 -0.190419085499369
0.862252692920626 0.600082201060297 -1.27977084441938
-0.641060350040184 2.15114450746007 -0.427398352952396
-1.01969812203451 0.548646878747201 1.19418580305383
-0.349145219482986 -0.904655542152899 1.70412483178652
1.73406760743875 -1.32674536981914 -0.0425299501777061
1.58226083040364 0.0600601810307421 -1.10988944987455
-0.351055635038604 1.51197371763458 -0.448253366566336
-1.06457664820845 1.06793931470104 0.831263785248913
-0.346233032175052 -0.829376409467352 2.10279071611085
1.43814523447193 -1.19821690406685 0.447431721814719
1.45503492510812 -0.0865315464994926 -0.93865634893551
0.166837960181548 1.67576753566697 -0.711527271432407
-1.12640791614315 1.20975405378033 0.600343598889621
-0.491339288805867 -0.798651806726389 1.56918530479776
0.823755620063123 -1.04166507576508 0.561453319123554
1.41625259081424 -0.2718978394043 -0.749262045453708
0.270441343681694 1.51485024362309 -1.06439660573649
-1.03199981897496 1.35755356146318 0.392165779964328
-0.905124032819308 -0.130533835932613 1.51790316079937
1.14514374993169 -1.21198619185868 1.15548350303537
1.82650913318535 -0.338592589336417 -0.769135035852428
0.385667694379181 1.49931063470712 -1.09617668001527
-1.18026123416366 1.21212246245616 0.219356231104731
-0.765563690956757 -0.295169024716884 1.70918045084435
0.92296570489367 -0.869578994845831 1.23148212829007
1.9804672889563 -0.377491752705665 -0.533271105557553
