1.07510779070026 1.81321463762765 -1.14949584777516 -2.39351073084665
-0.0957438535569631 1.88667117386762 -1.20765699988481 -1.98638000635611
-0.88222729972367 1.77485004392263 -1.30575999031905 -1.31181218529254
-0.52951097954892 1.31416103956545 -1.09682667247405 -0.562146651310719
-0.169793455440986 1.03717820174545 -1.05388353211718 -0.227659660450368
-0.117523062001684 0.691066434131064 -0.807432791191601 0.183729809004303
-0.164069425909623 0.602783038464465 -0.702780037300229 -0.0687690605217102
0.397979657218867 0.424992682134883 -0.883633650736246 -0.321423837535964
0.227660561654085 0.101915489450446 -0.518042984079453 -0.167535268221458
0.314142839908798 0.466556563543221 -0.553686307656025 -0.148774274294427
0.180950439571266 0.440526053591528 -0.703213045427696 -0.34429536641334
0.234004022487006 0.416855365035174 -0.504541924109474 -0.210285547663017
0.167437277041971 0.494693989629108 -0.0952579480706481 -0.45441088261491
0.0992128892729654 0.610650494052766 -0.274808553467257 0.0230592336154486
-0.234726336593575 0.43667079089031 0.0806686142321206 -0.720061212194422
-0.164737223973568 0.256919886867566 0.160991284713405 0.0168364854160263
-0.947925186684638 0.0996491680052307 0.719126571285074 0.191482673077839
-1.20149978877327 -0.180186609392341 1.2576558960024 0.309644358379953
-1.09434705474038 -0.327830084572497 1.40878885016253 1.07579758040946
-1.16928026344366 -1.09845848546261 1.4904773380449 1.1028964079493
-1.1552739171797 -1.17853365793243 1.90088573676836 1.20798008278166
-0.77026039963025 -1.31632691249655 1.63050736607242 1.35422898544031
-0.127211244400275 -1.4933982020256 1.03213290874222 1.85236448490619
0.450149264381814 -1.57449760962436 0.414453408177787 0.799919468052941
1.2275704089436 -1.34670496213077 -0.240471966304827 0.194762686025711
2.22449794908457 -0.658769110096072 -0.534931011082001 -0.510384804109726
2.1471099347347 0.153845935396644 -1.24252180778365 -1.43556929835584
1.79038936435341 1.09387618483318 -1.18085566246992 -1.58095003426198
0.79301279989777 1.51959918115922 -1.1052667276237 -1.91128351352416
0.0635238941608918 1.4950483963297 -1.08841257377298 -1.52889989071138
-0.261543872575323 1.37436600038927 -0.997738293472998 -0.978154196528883
0.00689543451035978 0.929156326763277 -0.528572076012366 -0.104745470509907
-0.307845933263962 1.00186341810459 -0.199571874512347 0.0304705087784283
-0.514349892070625 0.361206594998961 -0.220862976457501 -0.111388802589242
-0.854923963860402 0.0774801774600867 0.405820127740527 -0.0489958031612788
-0.379126183498203 -0.35009501236147 0.34228883382788 0.0761087020931938
-0.758799788803952 -0.53083796446282 0.59539260360444 0.687174391363235
-0.270750270255733 -0.674271096443869 0.595019019211833 0.552374320159176
-0.387915429335576 -0.878554748156366 1.11411243242525 0.511939902338616
-0.0366267117765277 -0.941175532103317 0.920448603677346 1.06381308341876
0.294611897699849 -0.904018757008815 0.388930763060415 0.784597858906172
0.72307674185791 -0.912147496922908 -0.0852088442249436 0.252235574858244
0.954757955900049 -0.465709579461935 -0.550224694102657 0.300089344593801
1.63518450108623 -0.0529211466994341 -0.727514713389636 -0.646222702224536
0.949935287841444 0.39464998176093 -0.911182663006755 -0.831684495278311
1.01912948947517 0.75259362408445 -1.10297017216492 -1.81734047666038
0.725677079553954 1.10883299491661 -0.960114227439 -0.946974746628232
0.289908889799546 0.922330180313514 -1.27249884776434 -0.697366765809693
-0.426800719559362 0.973440171892215 -0.596171168014063 -0.637509162105119
-0.723185402175075 0.788764954605774 -0.420055934204496 -0.32223078893618
-0.351399473203374 0.383882366012873 -0.329814968235802 0.00214744728146908
-0.788157929478376 0.15122969548866 0.0347981933269363 -0.0137542779831892
-0.885247534799758 -0.256122870522325 0.692888366587273 0.504434208044213
-0.663974032125145 -0.463875491627015 1.01646585373837 0.601746929905576
-0.971719446099039 -0.835959343686312 1.01510929127612 0.614422306931505
-0.8538260994781 -0.84839432350712 1.23220621318071 1.14334186937052
-0.594414819807106 -1.15504803886626 1.06563874792567 1.16002824962553
0.0135161322471303 -1.1304478168206 0.522074788516998 0.619797762965028
0.474747238675414 -0.905830610892277 0.261182537817832 0.819483486442962
1.38758280351841 -0.589275761277381 -0.390268601217317 -0.0512956566239077
2.18438013953829 0.0332464944917322 -1.02261915828223 -0.55953820124337
1.56882285155112 0.573472575146401 -0.964610369565289 -1.11555505900691
0.677093595060463 0.999047967900584 -0.846563520630038 -1.30113948649523
0.4953075915318 1.28766712398738 -1.22289432001217 -1.43566590808942
-0.0585038310016568 1.32411696599559 -1.10669779871385 -0.995476693798268
-0.271153748751538 0.807580741381504 -0.644960369531909 -0.358440278957772
-0.880443818725647 0.869646806884224 -0.229407203235499 -0.450006283821592
-0.893859358545626 0.371325638043854 0.251294339544612 0.0646209437180095
-1.07062733707991 -0.0421896509046004 0.910244263046655 0.5974834028833
-1.15259247195464 -0.607105323501731 1.41122539450443 0.99029559888552
-1.2491329713599 -0.888922249225627 1.80687512313855 1.32422488549116
-1.81368965020875 -1.43535739199845 2.43943774730716 1.98625881524745
-1.63722668802547 -1.51255592374204 2.13223453370259 2.00042806596686
-1.85602216938438 -1.80541114265878 2.08012230106676 1.78364698145687
-1.12419986087096 -1.86456129649242 1.87623528881933 1.97396517678714
0.27811977957556 -2.06359543390098 0.822732617643459 1.52921865932792
1.58372224127047 -1.96978300656323 -0.164309699627838 1.10901936743443
3.22464764799137 -1.51562650558492 -0.947692985532289 -0.117031045257923
3.34654278898616 -0.218734885342854 -0.984002654482101 -1.46750111196327
2.00242679878093 0.804352651031697 -1.26129510424399 -1.65493650047589
1.03461936692256 1.77646748713068 -1.22312751803599 -2.05907959282526
0.320759931604336 1.64300964933116 -1.55338119357482 -1.86756377228544
-0.992824847184385 1.81283559249056 -1.18669571034974 -0.862130022350287
-0.23860292575999 1.0617548793344 -1.11741607413131 -1.11179995605961
-0.773932312497314 0.891175332531789 -1.0315558870397 0.186403200377003
-0.0931822898911191 0.405400269438417 -0.767841787934328 0.11060178524142
-0.0652095381540986 0.34163525788522 -0.289747000030118 0.146047857205509
-0.0177824117947546 0.128231079971689 -0.145787436039327 0.285088846396293
0.228420784801388 0.0619875938339611 -0.246527099060237 0.105884746183941
0.115096337373472 0.0312472377706593 -0.000319995857281271 -0.124022752971944
-0.00586053747993773 0.219614288689629 0.114439811191498 -0.380441166235865
0.110849197434267 -0.318939863078666 0.224883997225253 -0.355099035359877
-0.273156035368157 -0.0800373192751134 0.377334516835026 0.377278270126308
-0.69664065366097 -0.109677058662529 0.819422668472297 0.67841460930633
-0.871657680817359 -0.591853508909905 1.37845351609366 0.614893074855894
-0.96724288952124 -0.791024376663192 1.29094345186218 0.785055234148434
-0.685695659076688 -1.14729281132111 1.30278148380567 1.27442831666677
-0.275599756916951 -1.24667116477914 1.51364555172355 1.29948449160823
-0.500149285323108 -1.23606559836415 1.26045489332571 1.25548336861479
0.281144125121724 -1.28054113478276 0.188877124347985 0.792108536850322
