-0.657020710501112 -0.0567316426652692 0.764737889528275
0.251692674131866 -0.73487063769658 0.70238427225904
1.12917743700289 -0.40365731942645 -0.424124690846659
0.412016659721258 0.510082368758911 -0.763490496873333
-0.616138291966235 1.10952397196349 -0.00955940947482973
-0.758795097913964 0.567672966449013 0.555270335665464
-0.429043209997163 -0.472572450976663 1.21159532409361
0.621878379770822 -0.738028265399471 0.491123215144177
1.68911042214256 -0.332350442199599 -0.569842595813186
0.399011097074767 0.723010249748612 -0.806494498141767
-0.35080276519038 1.16017525526554 -0.709216304078223
-0.946923202285089 0.422443122335489 0.27361572631752
-0.317798359003929 -0.621053429841833 0.914158761778539
0.247409313938669 -0.416521649519597 0.580139844151798
0.898601878472018 -0.436015314789381 -0.490586080088152
0.498085479855423 0.270168316954188 -0.92494007916592
-0.607460357206119 0.931126361787419 -0.641756763641033
-0.819201040021051 0.412510306944612 0.223932799207507
-0.785785100575218 -0.496224038814784 0.700733685624181
0.38350233392992 -0.921807328790228 0.497240582853318
0.719739914785798 -0.401994428001648 -0.151783761260476
0.364890812348812 -0.111366060184977 -1.08783143507095
-0.23831638815552 0.758025767431056 -0.4843043841815
-1.03035289560136 0.654589147184215 0.284974618715764
-0.53994896199628 -0.376555266884611 1.24846488658253
0.431643380399388 -0.635612784519037 0.774923240609848
1.26592611632144 -0.650530489618957 -0.382857223262732
0.788835830022253 0.626939357871437 -0.933464399281145
-0.287588782788658 1.34933394091544 -0.583129955968581
-1.12345278751297 0.763918520015086 0.640733596919587
-0.374285378894325 -0.011634764766751 1.18584633505566
0.430966182804418 -1.26376661220873 0.875901458492984
0.938607810225359 -0.615975137772571 -0.613398319755406
0.8806371902891 0.0503504123307687 -1.22401815505967
-0.376458545393331 1.38642781226232 -0.311835407387197
-0.985889484347249 0.713756006393713 0.554760504843783
-0.790504614921268 -0.758287232745565 1.06915206466402
0.380618328460885 -1.40198236830958 0.525017127426232
1.2674244901693 -0.0274682443251434 -0.489113676841415
1.14825295257514 0.257541094320932 -1.19779877283697
-0.36111316960482 1.25216611112877 -0.875103304964963
-0.890871254207288 0.744694679370637 0.565061223051572
-0.608676091856058 -0.493229883491087 1.25873348830982
-0.029814631410697 -0.799629575975411 0.573080895889853
1.51658740346626 -0.976550899848583 -0.770400196385986
0.92588485589253 0.295010599018355 -1.43122287030595
-0.701897725733635 1.95408818055714 -0.668816528463252
-1.5030640580843 0.857731604772634 0.37385726242621
-1.13814984893032 -0.377045901792326 1.41491691724246
0.195661604440789 -1.61233530924759 1.43670662732442
1.20710319921796 -1.1605701432591 -0.203291565618426
1.32658587615677 -0.531888594505137 -1.93907160379389
-0.19259129051032 1.4497769191681 -1.56283912937822
-1.5806509465437 1.64846610568488 -0.301469398097617
-2.14283193689982 -0.193786963600744 1.36068382087464
-0.802652929135444 -1.39369983002005 1.61757472530941
0.454991308816532 -1.60549952079362 0.0807754754291869
1.79204737549886 -0.895330086315737 -1.10821311761371
0.121119921886604 0.543982361434453 -1.50925246036851
-1.10179910971737 1.63758717424134 -1.12056822324806
-1.78540809337329 0.836454941553746 0.473844325863113
-1.06633720065807 -1.25360850120023 1.43522584386735
-0.00250763274159962 -1.5073959120697 1.21875215213614
1.55368554286614 -1.77345914672048 -0.663401788053305
1.51200159304637 -0.200321815326496 -1.66838171566409
-0.411019299346817 1.61011461085888 -1.64689919580403
-1.45734693855207 1.62384850050172 -0.268606612756182
-1.79045387563844 -0.132430744027957 1.17637419534757
-0.547244353015228 -1.31043174565548 1.72561810215296
1.39619199223897 -1.38460465978458 0.292111571776439
1.95374143985383 -1.15051976838373 -1.32694262708642
0.784855441448181 0.821596915261129 -1.64638643278476
-0.968348436166272 1.63065219405484 -1.184927698304
-1.88647582722167 0.880180882557717 -0.045040138370217
-1.15368541407995 -0.505755678877278 1.42787591517211
-0.0345556127132532 -1.43120401394281 1.32509548960748
1.72292991369632 -1.45640729714168 -0.155228793357051
1.12720026279594 0.155102858576897 -1.48116263372166
0.0268614330571072 1.8340789504821 -1.17046711320638
-0.999153021653465 1.30529995537677 -0.197247988996159
-1.00142208971725 -0.046607846039286 1.40458133350708
0.268527676330019 -0.866445227901719 1.30995430985544
1.194999754827 -1.00540295874364 -0.287033102593455
0.875207083508336 -0.171931543824462 -1.33090678235981
0.203011992348184 1.05881682670715 -1.00211248683203
-0.576284206666378 0.815442529007777 0.0155848923681338
-0.847009854108521 -0.0611466834971322 1.22952656901618
-0.156641570077212 -1.34461674869309 1.30946325827867
1.28015972038588 -0.902290726246584 0.0830822648943156
1.76370271367258 -0.0462442904290687 -1.27120484467148
-0.0802094707146629 1.50423519162526 -1.06960327384978
-1.01360317616992 1.69476010162051 0.365268599041235
-1.17073748700802 -0.0477767879546772 1.39300680753871
0.291298277558629 -1.56770251906351 0.838134539569654
1.81600823062202 -0.846589102581977 -0.368424214245213
1.12256576625539 0.156278047467182 -1.29043260002075
0.126804903592982 1.68392860457307 -1.0402455337391
-1.46901944030336 1.45033428170001 0.434645055041525
-0.825000312785119 0.0362079409117371 1.95513325119568
0.624578311693258 -1.2109657107327 1.23507520166243
