0.635702356526472 0.458371163339942 -0.704819312742483 -0.434548358135529
0.614804047764249 0.668752862870836 -0.830199881831157 -0.586886322554537
0.323352249432267 0.705400685015048 -0.995058688567387 -0.561858776659273
0.610609838438183 0.593791388603213 -0.818991310909104 -0.711542493743757
-0.00099662167315178 0.693939975983319 -0.677974282916582 -0.656027545710832
-0.125876869634011 0.826523775986466 -0.698063827187159 -0.30020416147026
-0.225019927937256 0.623525285754321 -0.238172171725432 -0.130377340926873
-0.597699810343005 0.47330309829802 -0.0243365451368583 -0.077939933219046
-0.684293714660897 0.0694837945851666 0.195984122090033 0.100282561397379
-0.91434832197795 0.00587160981824296 0.666123309895786 0.462311397406011
-0.76461322186868 -0.327552594606898 0.932613871254787 0.632645075287868
-1.10496336054842 -0.729596629380185 1.56504426149896 1.18523054079797
-0.999409199880715 -0.92773908608164 1.42399558670948 1.15572781948147
-0.418343067180581 -1.06311398532542 1.27287999309752 1.13698794672653
-0.523530689241685 -1.22280242292613 0.88338957174534 1.42414396582766
-0.0937110152711259 -1.3402001608484 0.259682853222393 0.865735538865172
1.17040904834989 -0.806646460732393 -0.211350907674158 0.319149606422643
1.73454699948164 -0.331613110823954 -0.568543541835739 -0.162307775032912
1.85543967026386 0.356658032367172 -0.634500944140975 -1.16265838814952
1.17917797402136 0.789844612293014 -1.28191992542552 -1.45809611834322
0.370755694006278 1.28350034784616 -1.08474143729074 -1.00985016918147
0.0570014216573133 1.53392249196673 -0.729328714487566 -1.25040046465692
-0.249121531110795 1.177905204375 -0.890560758762793 -0.983838226788433
-0.420488455688232 0.74368327649941 -0.392735614780384 -0.584651306850931
-0.597741087003182 0.434441043719821 0.0206903033149571 -0.123489793842803
-0.899445928848003 0.12475449858867 0.615526762054921 0.380464841247443
-1.06006086306223 -0.193007592226407 0.935021605686438 0.508607568309757
-0.986348784977696 -0.700599710218844 1.36277541603474 0.966359843968672
-1.19064690021282 -0.967549360630205 1.8195554350793 1.1412227450841
-1.24644865732284 -1.16083498350822 1.81206283447736 1.7003095225004
-0.944614513601786 -1.32212996982346 1.62701908302666 1.98805131302814
-0.848107214389259 -1.56104453024003 1.6295644748456 1.38701552349819
0.0185347243861916 -1.5130198243944 0.849132771627885 1.48012978788306
0.674252864767884 -1.58853653336152 0.3759441104538 0.781075796398727
2.25105862478214 -1.37048020818073 -0.692843451164959 0.0242429062841573
2.63649768391869 -0.532602721022944 -1.07993023212748 -0.907277203796771
2.26589406588387 0.681607587446797 -0.943464121374045 -1.70514771870204
1.00295726209788 1.21865080444582 -0.864918682836575 -1.66196698863826
-0.0792863290059641 1.61960659784486 -1.20239481342089 -1.86068119433907
-0.283972446447678 1.86442485202253 -0.899406611412582 -1.27147927358806
-0.316436165372295 1.11063996239485 -0.861018637507311 -0.304214890752408
-0.191666756793282 0.788133778823471 -0.569414136442839 -0.634133022165908
-0.418378495433595 0.643054709483561 -0.723167972131735 -0.168578224799333
-0.220443082166979 0.366966794665504 -0.259454335001266 0.174894523574322
-0.086418072141565 0.179989511174697 -0.273613441204494 0.0773632629159889
-0.186591061353366 0.00788822146695841 -0.143814402910306 -0.0828185659127176
0.257483357678528 -0.140999517167266 -0.217675145394064 0.133018658578451
0.0851569843748662 -0.109616477872495 -0.227336189667417 -0.0111892054830409
0.0721276880991629 -0.179813133833755 -0.207214046027154 -0.241461946764234
-0.00692620534946968 0.0133274795265465 -0.401757813535879 -0.177736740211002
0.405367112478155 0.145329443811399 -0.611620578729148 -0.399067372666327
0.448658114958844 0.189701054724628 -0.137008333779194 -0.321733928394703
-0.0795831314989975 0.375890761541341 -0.00450357093430412 -0.369651935040702
0.0889167396977675 0.203371224568383 -0.121117315068419 -0.045285371215269
-0.47778455639452 0.229810896840505 0.106987089214698 0.133463575939329
-0.271102020553225 -0.0726313458059637 0.351599064307584 0.323010706622959
-0.807764272664382 -0.293983119613166 0.675405101853422 0.608613114891777
-0.740411189691703 -0.567282976594791 0.830009987955346 0.731082616467209
-1.0152927459499 -0.663681082915059 1.40199567102433 0.80205068922348
-1.11790601693635 -1.00734521789295 1.28492142873288 0.779044957481164
-0.993652089486893 -1.06003926955563 1.32901185923709 1.30042487573132
-0.412377144566143 -1.32091824024885 1.21923809623747 0.930860024219938
-0.219552456162262 -1.0927428068726 0.514564110472442 1.11536212177567
0.229025041232661 -1.17537478798431 0.209221496979298 0.922486328907459
1.33229702272297 -0.67447003485065 -0.459681761130163 0.287368092656233
2.10713722056401 -0.320078558305475 -0.873074993182942 -0.798927127181441
1.6913641081279 0.706564232000182 -1.19602976599358 -1.3342801093234
0.623989737696033 1.14179115994821 -1.12428004027436 -1.50427970800513
0.192529147194247 1.3796012363073 -0.835569062051498 -1.35040524105507
0.00850825705588504 1.41601049500313 -1.31399512698561 -0.903854349330344
-0.279429436906862 1.21847885091833 -0.671164406512963 -0.459448641438961
-0.384151036367599 0.732052297285315 -0.878664878807854 -0.535520828274742
-0.492620112179291 0.410931733722445 -0.19284891019454 -0.250981427727424
-0.617497024647487 0.177896396417901 0.320285312530356 0.345566813784342
-1.03565542397703 -0.213773151145579 1.13225470222731 0.436750602970888
-1.33268277603286 -0.534584317593887 1.55827097084446 0.670663620268991
-1.51196404770528 -1.01340319138092 2.01483773743894 1.31675684633834
-1.54985222187719 -1.38329245180788 2.5011473519264 2.07427675285678
-1.30496353512399 -1.6678327111086 2.49807197761719 2.10161546555305
-1.21462444282548 -1.94438986498019 2.45364255938046 2.15173397708713
-1.22809025011364 -2.22346066149957 1.71168340632864 1.95047650848476
0.198167400188473 -2.11397461060962 1.18576024773711 1.72669239552686
1.42972341566024 -2.02304324598154 -0.314839294465343 0.934078534625116
3.07338161539798 -1.48642815390386 -0.847140915238358 -0.671327280608277
3.22636647498436 -0.244407364849581 -1.21362073773197 -1.54473866266114
2.07392247647786 1.03406664150319 -1.06673448315635 -2.02116991824923
0.798681491044229 1.8423233212585 -1.06505606660083 -2.21345774186101
-0.31880726164218 2.0037515611495 -1.16577366881596 -1.70480913327305
-0.251930515790866 1.69245371546161 -0.992419792754868 -1.03307171173011
-0.827802316400587 1.34526677170773 -1.10486272557783 -0.370225867240894
-0.472455382335227 0.985363404858518 -0.937898263557007 -0.461163768433335
-0.246574795672188 0.615542018759909 -0.871712508369392 0.0300999352156741
0.00214032802336857 0.550114226041487 -0.641273300408899 -0.178478104025783
0.122015893419602 0.322883779416869 -0.444790667073407 -0.320800184198342
-0.0336038004803286 0.494403687185061 -0.702057218130661 -0.275246959697818
0.193106098623453 0.336577653082672 -0.274988106724511 -0.494936727750526
0.0814027632148028 0.488895126877222 -0.446925010807169 -0.102652173059373
0.089962142585542 0.421336451857718 -0.235114287462335 -0.369705558825426
-0.0919816471057181 0.316095600097472 -0.418536793425814 -0.384625062236836
-0.216365135692389 0.352168989153262 -0.0338900566430868 -0.0562422581887495
