-0.127435622090063 1.21598448082014 -1.05142655418232
-1.27068697036886 1.30053892515455 0.15525994754568
-1.02137634141708 -0.561374558292186 2.04718471234269
0.666813823464015 -1.01055177291224 0.652622713030711
1.57706035749268 -0.34541011475598 -0.629126331319642
0.380990516876333 1.32137445121481 -1.22082265056142
-1.4325595778823 1.40963940197332 -0.133117389093103
-1.07468301401552 -0.303548576445896 1.91500374821368
0.681363826457783 -1.33238583385291 0.923005013766973
1.5363552163653 -0.387510060580453 -0.750279541597126
-0.307443415613348 1.2026165404791 -1.29605906448343
-1.2693147015741 1.2762760974494 0.344917399336566
-1.17328288815253 -0.503826969308253 1.48949010324962
0.325699069962929 -1.28977803287193 0.528133845175081
1.42794256337598 -0.418030919362492 -1.0688827507463
0.0653634118205266 1.31505996040637 -1.49688959274871
-1.34470246588146 1.02134292425401 0.0363159727501716
-1.35574937042377 -0.956585863969448 1.15500246904517
0.249371898470793 -1.28255445917828 0.624445692748131
1.31479608487312 -0.385605518375131 -0.736306171397921
-0.194720206458656 0.657488054761522 -1.1281101714455
-1.3591543851441 1.15561085165955 -0.229525716436389
-0.913084020129776 -0.278652192583433 1.37685246915494
0.441632849925797 -1.38925038434986 0.774353004311144
1.36472615666142 -0.995047903644223 -1.16463765710663
0.228230134094986 0.828234040214191 -1.18188628196087
-1.3404013001669 1.13399424439623 -0.611592498203165
-1.17412099446752 0.024387728682622 1.04388739946985
0.309517220711506 -0.8331285263835 0.925021504498657
1.27110960570245 -0.64862925806715 -0.259675242300506
0.508700507080468 0.694635208095964 -1.33792086414293
-1.02249852878016 1.21064258630983 -0.685182252733072
-1.08601641379137 0.138326532203529 1.15980530906728
0.333823089819302 -0.853044605243699 0.812016374724935
1.18117276446484 -0.430233661810245 -0.599807678421805
0.0927570067238209 0.561924740190893 -1.16853224277866
-0.662416326817985 1.08646186380302 0.0398695998273183
-0.77623517854168 -0.257397744272816 1.04080191620492
0.764596372148519 -0.673094378576841 0.747694109736088
1.45394968466293 -0.182941093533314 -0.905053122747637
0.0150683517224456 1.81034806007023 -0.977787820257432
-1.23558978507473 0.923785680973517 0.415061334367449
-0.437002511887436 -0.418964126685255 1.61320922727042
0.563826017220514 -1.53152838332648 0.0673077220461486
1.0653811777005 0.024721247481964 -1.28020720261256
-0.434244580114357 1.01280974163986 -0.966790131541719
-0.830822805664979 0.576593602697391 0.535659060667943
-0.668581359692711 -0.855617400036582 1.35387018297117
1.00638977345761 -1.03051619047046 0.381319618267108
1.17282781313439 0.672314870522481 -0.955396877455969
-0.564007044266586 1.94138145286218 -0.523884376206673
-1.08814834986734 0.150131981886122 1.12402378747108
0.0308939967293071 -0.876088310434611 1.4248235680949
1.83135301342492 -0.73832215483227 0.0370034037974538
1.12249863775 0.918668363515494 -1.05551370121576
-0.761432283061966 1.42301193438862 -0.0724296598345804
-0.699420839326385 -0.0223195368088301 1.63024657197203
0.215028963383753 -1.45621676107607 0.742326778554827
1.66120735426881 -0.891869495379034 -0.663140789995999
0.471327373563328 0.93909725555803 -1.2629019147769
-1.11246022988936 1.14164814774917 -0.214532934270357
-1.14591658586199 -0.126191633820166 1.00952206398552
-0.101932406057959 -1.45268993276593 0.918138014476816
1.32785686417231 -0.804570861365773 -0.594781075423974
0.612744346905798 0.475211395073362 -1.34848000992092
-1.08849868548901 1.59827056900017 -0.705113896217226
-1.35563547597708 0.0222358121199956 1.24492812218429
0.430170990274815 -1.48277232807806 1.13438368285728
1.86851597655485 -1.06072420931144 -0.468370248986681
0.48878432424471 1.09626777534092 -1.35959026227408
-1.19562058029893 1.1809825502309 -0.259596950317808
-1.08701460470141 -0.477650865792081 1.5856743570466
0.612317807452781 -1.44805458386617 1.02014551671437
1.81841835109715 -0.642186527748088 -0.757487157555009
0.274152854019003 1.38076132644938 -1.12065603968234
-0.81668357698287 0.894635589731233 -0.0232229171253622
-0.727786954324921 -0.291735349493255 1.25586564120277
0.842869094500384 -1.47691513617131 0.508601096675021
1.62765437332398 -0.622080702572528 -0.753820976639824
-0.0645095032826862 1.18891535882384 -0.916888872754629
-1.22581213376512 1.48913779625512 -0.0494149350447638
-0.804801492021157 -0.690600410049028 1.37184321808893
0.936232934606189 -0.978009867818305 0.536352399412336
1.25234850163142 -0.749685557326096 -1.14597453519796
-0.09317850703199 1.07592935835618 -1.13288012551039
-1.17304745764061 1.12576322130101 0.309482896445157
-0.777041880248289 -0.522159148879149 1.4060995698209
0.685901839852343 -1.25737019822631 0.672510888869336
1.38731354359231 -0.524920543013869 -1.19905302219314
0.0571451854862316 1.37140424841839 -1.06488677814059
-1.19839422795524 1.02096828021896 -0.146932530630819
-1.17165814350698 -0.769377002329734 1.3343035878925
0.676359515460965 -1.59422174966434 0.713424414411037
1.08043439515352 -1.11345229188349 -1.25963280675164
-0.216226400153811 0.320000391183437 -1.39355297900209
-1.3709694410495 0.865787332363165 -0.862945025313541
-1.15715467638621 -0.105948954497615 0.973894577783316
-0.0747826002438805 -1.4966715623277 1.17795936801888
1.41832858648519 -1.30588835718496 -0.649366001928694
0.854932725217625 -0.0614194146749367 -1.44959764637863
