-0.934041090263626 -0.281815567756998 0.762681519570592
-0.286209813546958 -0.784550239975737 1.04599979893912
0.842165862476027 -1.18347894467771 -0.042970126548552
0.597351465379741 -0.0200910736664876 -1.17761949637974
-0.55064472117543 0.944551514013413 -0.887244365736691
-1.0213490700624 0.49113455670721 -0.315565919252751
-0.93212912557493 -0.426723356136853 0.711287732076835
-0.0542480925027096 -1.13348588113627 0.790030860138383
0.933807182821741 -0.838464922959067 -0.443034631624021
0.830365764398065 -0.0938481706928738 -1.17683386625847
-0.260078920816807 1.34704273429453 -0.99132271047236
-1.32394514895508 0.800689769591727 0.264956362224237
-1.16137578355858 -0.187824411343037 1.11831753445341
0.53277917075991 -1.05871901273013 0.715786910732632
1.29414370185325 -0.737405121558726 -0.393913379274506
0.497394852474926 0.524291881712188 -0.846173679415865
-0.598227491705446 1.40198351665901 -0.284273976142035
-1.02335327910061 0.268525448933244 1.20432317255548
0.050619881339207 -0.794733344136943 1.5266749597454
1.20542306262029 -1.10161244206494 -0.367536717695311
1.29717167418091 0.106268048691079 -1.00278001607983
-0.158487502081045 1.50775263217377 -1.19197653543999
-1.33893974595226 1.11185094755218 0.202052991143918
-0.868630973243566 -0.16216676827142 1.71844259221879
0.541507431989181 -1.2521358803204 1.0481750796542
1.68247520381848 -0.937940079806248 -0.646589857508614
1.12475071541709 0.694694531005192 -1.15430363078195
-0.638334979613541 1.87973216885023 -1.12740989907944
-1.63308542354332 0.975256610839328 1.26262373641098
-0.982852185351906 -0.704806535959215 1.75285428164849
1.04627849258294 -1.713320366521 0.356985394187049
1.76229570526241 -0.860266882168592 -1.03724385841436
0.596444936440215 0.944226491804402 -1.56907292559918
-1.09290705084833 1.8789969143513 -0.680022786424724
-1.0731756649443 0.185209506890009 0.74499035070359
-0.35665403730092 -1.23212715628303 1.50912476383218
0.638455095884927 -1.77294310176032 0.124236156245735
1.53442980931635 -0.821456432346539 -1.47518819329567
0.322274088616023 0.73860423013993 -1.62014279824987
-1.12856401223693 1.48750304802952 -0.890340764960013
-1.48668639019941 0.878107688828423 0.177709158103874
-1.17714043938566 -0.832907033167536 1.58860494322784
0.171126906842297 -1.5181414447986 0.632633742377956
1.50384109498268 -1.20220768008408 -0.726202113596755
0.972022770697278 0.409747973006117 -1.24736276071128
-0.787659313214011 1.71462462018552 -1.051426860755
-1.19924290240474 1.04405121167367 0.618436605083392
-0.647159074034298 -0.540050901475282 1.49034831005639
0.817763211192935 -1.26055679218336 0.63099974611987
1.3864099727454 -0.721848957025609 -0.68752012853265
0.533893257824457 0.673273042752441 -1.24919006176388
-0.871222584674426 1.52057965945778 -0.649273372164783
-1.08497906467727 0.128425634154819 1.24219095413036
-0.310959190952107 -0.836446547231639 1.44949051498322
1.12537002671398 -0.954566421258651 0.204845103385753
1.31394913546454 -0.289508291710101 -0.972203590157618
0.220700839629793 1.01305715594842 -0.941529034945689
-0.922006977060371 1.29545221033226 -0.179767689708811
-1.28957483977256 -0.21572748359424 1.02585067086306
-0.337014161632592 -1.00118916402958 1.13339194468218
0.869094934841172 -1.09839685523438 -0.400664732768884
0.851469083835316 -0.0696555155529467 -0.911390723858937
-0.0531450947199138 1.03104312181402 -1.05876898357785
-0.939997407011835 0.981665713880675 -0.401115774445993
-1.23341984966128 -0.0503728441268737 1.0160348542711
-0.0264730678470729 -1.3795537561961 1.01644565270696
1.24125397833557 -1.0217933599601 -0.387306343548166
1.14737830671059 -0.082983366192546 -1.20800602180793
-0.123101733715196 1.30302835508453 -1.0417086701134
-1.18219457093404 1.32579912757322 -0.105993674238012
-1.09234327341403 -0.338542672791903 1.17279292270704
0.366361661822846 -0.982630676555986 0.947794851160643
1.41556165129857 -1.07888873069453 -0.295311548714962
0.762151496359626 0.06851593947137 -1.17318337345403
-0.582221449648228 1.37473346900022 -0.93588734944728
-1.66924521274528 0.649186709595701 0.288611950275344
-0.914625458893941 -0.688440789760665 1.87282486686241
0.582959005607767 -1.4631428555381 0.579521090226793
1.6301885341501 -0.750691061292638 -0.915257678879674
0.665694674591124 0.701818736704987 -1.31098446558273
-1.0345279596587 1.62117699370842 -1.05822494425455
-1.43043642473634 0.634430691922245 0.667915786075772
-0.656580650367667 -0.918179792010362 1.34456331840312
1.09075976107303 -1.10258052108493 0.133006850494535
1.76071203213207 -0.385666983986247 -1.16944265661818
0.430344728441624 1.09975111926123 -1.47092751984791
-0.950961542921137 1.35030339686306 -0.302808970131253
-1.26547277065816 0.358515355829121 1.11605457647341
0.00433535403588819 -0.865030470800638 1.152932795787
1.43187091218622 -0.866395903131885 -0.151405914510948
1.00201509708347 0.306036182780917 -1.1239514023121
-0.296869244556396 1.64414403192759 -0.699918457685647
-1.23941989923555 0.670148409694101 0.832736495621838
-0.427542346536744 -0.797330630563948 1.56946626048197
1.22734713458754 -1.23336647268758 0.23714343560351
1.65865139046518 -0.232152060699011 -0.777068833757377
0.15654621488344 1.51220506376215 -0.632753136850515
-1.14188997941537 1.13868340210785 0.637711803557544
-0.558930309547413 -0.00401650079434603 1.47841208955267
0.680370030444234 -0.853941341072156 1.44010143362018
