-0.534564826784908 -0.869415995522252
0.065354650929961 -1.00373034396651
1.29910476369938 -0.763574757406494
1.79886982065391 0.22859373362323
0.717186469285775 1.34279201607657
-0.390073410778672 1.68376381881351
-1.1031068695702 0.879805785075382
-1.03206055810071 0.023944895049439
-1.08998543776643 -0.680869983738465
-0.50242493012144 -0.717678359677189
-0.0829049527161729 -1.20622567018263
0.771875586686927 -1.17882868109381
2.16556627834473 -0.262655723716226
1.41482737735355 1.16541789380016
-0.123014384979975 1.71156742107462
-0.915949067609628 1.30284692500446
-0.978864343478722 0.16120005380541
-0.976161425788547 -0.414783419564105
-0.80534314532189 -0.888946661163003
-0.454423480635139 -1.00440435432329
0.454482504730583 -1.32020825854973
1.52486279494281 -0.848193672101063
1.75689929450493 0.601367095377518
0.216828840821563 1.65367659181376
-0.752320987161257 1.2901378271971
-1.09589979242656 0.590670342331212
-0.987010063930917 -0.239430635053266
-0.8622073926077 -0.605795631976552
-0.541066846636259 -1.02112892893519
0.161019562628708 -1.171857235173
1.22752663396124 -0.888427892711435
1.69610936265542 0.177443876496976
0.924661863501717 1.36385145446045
-0.41918162508076 1.65495144854385
-0.813401695974456 0.83392135231071
-1.08248651914924 -0.0431882173071464
-0.901990001239635 -0.501677668395961
-0.661022724304446 -0.892346260516135
-0.169108427094755 -1.11849343250933
0.642628949742916 -0.893595923731449
1.68224304978749 -0.501963438856803
1.39361130492931 0.844095802282267
0.203184182804765 1.58523423261613
-0.631127967309457 1.19348925828941
-0.966396106385355 0.416609062200057
-1.12090368982671 -0.12431991610962
-0.819222748432779 -0.851058875148183
-0.480744273244707 -0.979678753265158
0.265465874644198 -1.10746687311968
1.14074776842912 -0.775308011195535
1.66855700974193 0.218729819762062
0.556681948765195 1.40637135193697
-0.624339109304637 1.45551177767875
-0.85523938134546 0.70326910777495
-1.03262104322223 -0.0931641333562669
-1.00894938880308 -0.510736163955985
-0.683789261034292 -1.16835225039998
-0.0384456904661393 -1.06339855392654
0.812000978108715 -0.959525576713158
1.69075664159266 -0.421849037217663
1.23333462781901 1.0901135114983
-0.270974824373525 1.70214796019727
-0.901114999834676 1.00108627650879
-0.91233413716081 0.220314440255962
-0.990697255318564 -0.454469214558606
-0.852697504566517 -0.932717491982042
-0.332895320784046 -0.953997006041646
0.415506097073098 -1.06479197500195
1.49377029387543 -0.876123450078689
1.7629179392933 0.46793441896478
0.364265881736126 1.64621927095296
-0.705912232235504 1.42303922797452
-1.030163121176 0.399944182047433
-1.05233770998232 -0.188420466367695
-0.849971259319467 -0.654028818910793
-0.453130819687948 -0.963945549278136
0.157651393650963 -1.3244356658537
1.26512275432868 -0.832854845920014
1.89550570162745 0.0591909998081616
0.770006147060019 1.46658958608478
-0.549938355161393 1.5400764109501
-0.980785207215253 0.823293391622967
-1.12093847458009 -0.239784999351407
-0.873015515797074 -0.817699525013951
-0.74561766438973 -1.10232455915147
-0.33458049860862 -1.08644073465714
0.81943209936539 -0.906197390993019
1.78788718028133 -0.478807844239166
1.3658448316474 1.07881120839459
-0.0518517803949457 1.82276089270918
-0.786183879172638 1.21386135976084
-1.33655041839375 0.224160577236179
-0.879014104623136 -0.487843152241681
-0.699617162159289 -0.937905823785168
-0.43619104805143 -1.26441627908409
0.503572124479919 -1.05177732512504
1.77491535763982 -0.502480515913207
1.49189499121123 0.44658152097289
0.215113854128718 1.81639046124222
-0.884929926845377 1.2819632835505
