-1.26540579491413 -0.210755532199365
-0.94569039325029 -0.878235218910638
-0.507960032474206 -0.875458300040532
0.0939051619002284 -1.13093760531291
1.13805403932341 -0.842065833252256
1.86037436391045 0.276818210337222
0.661391590413045 1.53131353485911
-0.519835804036777 1.71499883548591
-0.889037897180446 1.08614015994585
-0.980198786292365 0.153982373911178
-0.952008150274721 -0.553654255974819
-0.75073251295809 -1.02236819714533
-0.0730671984602239 -1.13856171655795
0.756022222919352 -0.955948970209158
1.5316967616492 -0.516178893472449
1.43230816192321 0.927251635090693
0.045457168785311 1.71604437470281
-0.649869144473095 1.28563555688364
-0.994645013283949 0.198653907295264
-0.933507989920368 -0.275927049344064
-0.878252968109017 -0.77671509177008
-0.472372539227841 -0.875706789003186
0.266180798446245 -0.963691040686554
1.17396085691401 -0.683741525857056
1.73692924850819 0.287008987239902
0.603566543308013 1.51639508754359
-0.47530786089742 1.403113167214
-1.05964622813468 0.81369687850159
-0.822134558217181 -0.229535972030213
-0.89908477575635 -0.435952186780215
-0.609191801509047 -0.944230919688625
-0.202171149783588 -1.02213869160445
0.796734882950037 -0.749752226923938
1.760179047477 -0.111285101886855
1.25417293075542 1.32974272787163
-0.137522497123763 1.58492120135333
-1.02002856908485 1.03959957974458
-0.921830701654229 0.261724853571016
-0.922884219710162 -0.571041551107537
-0.694720250964366 -1.03370121495272
-0.322768890578155 -1.02481620459176
0.515798299956693 -1.01340338427365
1.72805915690932 -0.755181332643304
1.76164765257167 0.504717312091542
0.343784333834087 1.73434966771633
-0.656281089554983 1.44373892122521
-0.854054851095116 0.550780544809859
-1.00121920165038 -0.108490451408608
-0.835624591909667 -0.607688484980993
-0.435760737478544 -1.31171442695221
0.253485029817358 -1.03474415179632
1.08347044349991 -0.761758744514832
1.88566255591109 0.149024161166259
0.710228135288295 1.53767376695465
-0.512276547704955 1.72090090347774
-0.836443157176954 0.806704298897374
-0.938485289072187 -0.101277795236081
-0.906929201245049 -0.300084332108522
-0.714804608025714 -0.886300134646765
-0.0310162904137282 -1.04921681508022
0.852234916147876 -1.00793984505586
1.7270777322332 -0.334639234183183
1.48831661755126 1.05701542612301
-0.195172072447535 1.97452358851359
-0.907929335858907 0.840606118770331
-1.15272094376362 0.267551338060673
-0.967583085248753 -0.296063867770215
-0.745207738397212 -1.03435833989837
-0.237811373427851 -1.14713269559477
0.39482500419708 -1.06623118523584
1.70769378076058 -0.398379618204292
1.66828417674791 0.614408117581494
0.211744373201794 1.95659255884259
-0.852422209934203 1.37006614479
-0.935632177377677 0.417043477919376
-1.03149839684148 -0.304958515275896
-0.717913441724688 -0.842009027851691
-0.401546119308498 -1.04751138238571
0.261406105555354 -1.17829787284681
1.31454122460024 -0.818525958063403
1.95894651841049 0.230995609526167
0.82265592602713 1.72163671363116
-0.618412394485265 1.8374689627406
-0.959359540173904 0.878096552747252
-0.99442854991552 0.199156972444083
-0.940813563558854 -0.596332927825448
-0.695921546192032 -0.930241382338387
-0.186228468772923 -1.2028046968355
0.876567702625001 -1.1583336715743
1.70588613485678 -0.467105970223801
1.30046353330191 1.07442052915521
0.0513225323600669 1.66931536387577
-0.90839975232949 1.27318838272932
-1.16282142925323 0.288040372519608
-1.06949968585441 -0.280600700790341
-0.927330613449207 -1.01001736973701
-0.427238579902301 -1.10940715885468
0.595603705726414 -0.967631423681088
1.54495200554297 -0.770603417920239
1.78307093499656 0.476329527230469
