-0.988730212790781 -0.126349551308906 0.743926963600244 0.541465356223144
-1.10652394472083 -0.664126686817756 1.36273402456062 0.646746083724606
-1.22345744763667 -0.625756673995524 1.49589169423168 0.847618019042001
-1.1554169779052 -0.935539608149344 1.73104078996814 1.27790144108264
-1.24832805888602 -1.4403227516227 1.72210319109338 1.70250925322961
-0.61364095235572 -1.56311630018146 1.66569213228588 1.53296575578193
-0.247924799894223 -1.64747278486258 0.593660628811904 1.36705146482844
0.602137289696616 -1.41829328333131 -0.0948958512627238 0.805104258071326
2.11999546338409 -1.05480786748548 -0.615444627694762 -0.166161563400065
2.71286038846435 -0.225433592229824 -1.04431164181534 -1.21411436244178
2.07178183414047 0.776484039137261 -1.23933813935985 -1.30953117246639
1.27849793394956 1.26470243226563 -1.4695229079616 -1.58098380639904
0.18035724949654 1.7229066839094 -1.18094743516733 -1.66492710156847
-0.160322499647308 1.59886004454156 -1.11097465373567 -1.20199902077757
-0.263103892282285 1.16948128562333 -0.998786739528452 -0.952314121572875
-0.678968247146004 0.796692970819775 -0.592476080591851 -0.397002843103553
-0.377402377705743 0.650139331378142 -0.431873413616218 0.054475515842563
-0.00138185433593307 0.353002077629571 0.0718878527349641 -0.274103712586343
-0.0567875867648538 0.287051417322109 -0.312267022622898 0.0282417323896914
-0.16867290740689 -0.235760774838494 -0.0984462018871126 0.106180671369781
0.0100701476797216 0.053130870863881 -0.0974524600311356 0.254069460983255
0.24157598945399 -0.00691709329865759 -0.264867375010087 -0.0543882546488111
0.0420199749266469 0.0458504637452544 -0.204268461047684 -0.0308321135064724
0.239574239501097 0.153274694095857 -0.195515609783074 -0.13640771252303
0.159718400163784 0.219516276897464 -0.187664525197276 -0.47765784529649
0.164431396481716 0.455347465668301 -0.512368602641758 -0.40492693053017
0.0284070768667011 0.413294355513972 -0.261629786770291 -0.052735986792108
-0.238778688841247 0.221606744531701 -0.220757618895289 -0.25607372597355
-0.133449896928851 0.296083840094454 0.283445306411827 -0.0348607245044285
-0.535796810467983 0.096153037628487 0.379633514207091 0.0615197874028888
-0.497829579271788 0.00403224461626839 0.59673865798375 0.165333143613889
-0.705083980603232 -0.457800519971949 0.991742075856674 0.843821163446
-0.719706142991534 -0.547356948719612 1.05991008429193 0.812598920367832
-0.67372947590375 -0.814073501464917 1.13630148905059 0.917648497682048
-0.86857483808051 -0.987214526353635 1.22253981997253 0.88545825115619
-0.78502164340957 -1.06840626764857 1.06049854321856 1.1330736184783
0.290298875786405 -1.07521578005228 0.718975659008042 0.929573893475452
0.563021667598971 -1.28484930414054 0.304826277366685 0.917711745242169
1.48268031562782 -0.834407857982806 -0.508552809230111 0.18553743981306
1.93663413965853 -0.00506238251254013 -0.799316508425709 -0.883049895143275
1.601405494946 0.569562042189235 -1.28486314740607 -1.25162745438485
1.01564155639928 1.1507416292397 -1.12396767023745 -1.48231830860411
0.0786115337109423 1.33450494380807 -1.53126696653923 -1.25519745972955
-0.00518266724376562 1.57316817316608 -1.33094543912171 -1.2716715963839
-0.229128114644148 0.996923640340332 -0.809841845902664 -0.886404261335764
-0.392147957264674 1.0011793983877 -0.65934030469424 -0.508003580394999
-0.67339627929543 0.705299939001331 -0.368010566517673 -0.571921887452666
-0.645693017604832 0.336404692749215 0.269994000213734 0.193075650708239
-0.691076823123915 -0.152078586941446 0.70434567921424 0.728637517601811
-1.15487139201709 -0.576607989057142 1.54754297492145 0.59441109633177
-1.70917595245558 -0.933467969147504 1.87085209879999 1.29818696322769
-1.67303281441835 -1.53016350069668 2.14064052292498 1.67920783396697
-1.4840183971372 -1.52373181134242 2.18948305017668 2.08089341509991
-1.11472043900669 -1.84331475669229 2.2422417257864 2.09314327061179
-1.10228947656583 -2.24138589642685 1.71548945209259 2.02251980680097
-0.205327433222647 -2.10702122533008 0.786446465291851 1.83345327686976
1.67995685066986 -1.90981431923673 0.137247994788217 1.00970086118201
3.28611872758898 -1.46717433354501 -0.827633039488591 -0.53327032048786
3.07010922763323 -0.173914333464312 -1.08028837924527 -1.79216155137767
2.10963283130547 0.887694965384173 -1.19761972666804 -2.03801446861092
0.789830548451345 1.90996205294094 -1.40008472098051 -2.03007063864608
-0.0609800043187011 2.21623642174996 -1.15009393373603 -1.65376137214626
-0.805604476611096 1.89961072687227 -1.23968253137764 -1.19857175823605
-0.687122340758621 1.36566416485316 -1.08027031311444 -0.714971320022042
-0.0604153720472145 0.892518162593193 -1.0819251015335 -0.0575568172501172
-0.370727892374008 0.661002423861715 -1.0046980908044 -0.36900554876562
0.00192781953847442 0.674970666179178 -0.801924039311674 -0.0605611431692704
-0.0759788154854692 0.407440828320039 -0.735750962133398 -0.413300700123409
0.444157714740699 0.568986664486056 -0.521271423547703 -0.397468258968362
0.379031231047753 0.519541510992465 -0.65223336249891 -0.38679172610259
0.180356156474029 0.478201172540706 -0.696563043894917 -0.346403290366709
0.380578738322836 0.408064258007508 -0.514171277207542 -0.00868570217246995
-0.114659197122531 0.33300756433219 -0.349836545084124 -0.442828864739847
-0.156235979756329 0.552600199514487 -0.420228430749219 -0.20116210026352
-0.21352186072923 0.266502866212939 -0.288384487286516 -0.299840989442486
-0.366298770857346 0.472508325822971 -0.0817376579139588 -0.246159400968586
-0.563442670278559 0.325619036394491 0.473352901212355 -0.09980825600022
-0.682968215933285 -0.0328442955445725 0.697155385611004 0.524605933312357
-0.689812080878012 -0.385719264935501 1.16502254329208 0.666248400977191
-0.688189572304317 -0.834435956639932 1.57505768029426 0.89323967095427
-0.873207114450927 -0.801210868730557 1.29956260419575 1.06756045050509
-0.771232837717305 -1.11596565376966 1.40843515268943 1.55443912131773
-0.475764122258042 -1.41198669507485 1.06995629349196 1.12466822743223
0.134301387496068 -1.13176021609965 0.246665171767389 0.933599456681528
1.18714390095751 -0.956690144818829 -0.336295183968529 0.406434402805569
1.99593429002582 -0.356816454021964 -1.12192210062725 -0.567879463421583
1.80137027937361 0.168600921630761 -1.23227565615361 -1.03230657746767
1.29965609641602 0.995034034680407 -0.900225996127081 -1.65302769775084
0.656947682457552 1.32632319815891 -1.02319347445918 -1.77369293701525
-0.0812600631707081 1.62841845158759 -0.916008639417977 -1.6417642696035
-0.103066824904584 1.29373018060025 -1.02116602254219 -0.893921365327503
-0.483827726681486 0.899691985996197 -0.624286213637403 -0.546516111438996
-0.243404174844902 0.809607093414173 -0.642018256896681 -0.608337601822456
-0.324240775999388 0.588341224966998 0.12373923735831 -0.0155236657553027
-0.430812307248243 0.181530069717688 0.0232382918929185 0.360709363870383
-0.196019742417349 -0.135111324145123 0.269405827813059 0.387442430041886
-0.670686931344612 -0.365268755932451 0.676746919051958 0.685059078665777
-0.700114575031763 -0.491892138312212 1.14701855166803 0.744140636398333
-0.572873173240507 -0.717873431901442 0.818122959999106 0.823936060569131
-0.225613251690897 -0.762269928199383 0.752390833899351 0.620660959804252
