0.559274886046673 -1.21640734597252
1.66925899015198 -0.719256737316956
1.90264379625075 0.554743917987202
0.20005024043561 1.91156340539699
-0.68799370396111 1.5507617446855
-1.10810645533012 0.423133790273928
-1.04871312202164 -0.296671283841313
-0.995052101039547 -0.971288026052255
-0.59797079103921 -1.27409071319645
0.120975989248701 -1.2645064490259
1.11605877545726 -0.776876522889099
2.12715042304403 0.0363835393617873
0.895274819238635 1.45645919780852
-0.473166505525927 1.74110625844571
-0.981692186553767 0.841817542825883
-1.20195024202327 -0.201199095554119
-0.974558395374715 -0.583100095665387
-0.655442912391521 -0.950986730790053
-0.320270156479724 -1.2124262450627
0.640333147834254 -1.0605076416543
1.85786938254819 -0.521589449950487
1.45584658831656 0.817197467543831
0.065807244400603 1.73262515369915
-0.787002208880034 1.18571084941422
-0.990991947274037 0.419861969827031
-0.987843941353047 -0.41969593154224
-0.916629680588735 -0.82354621771438
-0.43623373017911 -0.862552515570781
0.453288119159045 -1.32010044756935
1.37161704138116 -0.928106984289206
1.70725927669096 0.420970875829821
0.625876046264968 1.58321304773222
-0.457735784191915 1.5470038473625
-1.10156319861983 0.562590624462654
-0.92229872221436 0.0826694284364102
-0.969640701128031 -0.839932071498115
-0.638410677990373 -1.1095105708911
0.0246163388784023 -1.19903902902941
1.01137239051153 -1.06067884450744
1.63942708403316 -0.183302204142473
1.15041036402491 1.2878445266717
-0.180959420458838 1.54149810661054
-0.906299627320751 0.898238307106673
-1.00525994366655 0.113540765702019
-0.995588745269026 -0.640501917574522
-0.857265428135429 -0.875577109346571
-0.335153089082309 -1.24728147391182
0.730349556327977 -1.08795026654424
1.69699028508075 -0.570130771188843
1.48851699421836 0.607481944327796
-0.042507338435104 1.76772235866797
-0.62282703255576 1.24816427678169
-0.928815454109598 0.478450771267464
-0.820404915331462 -0.286273427419657
-0.801392122879549 -0.686710355406816
-0.5105681760273 -1.0783361951214
0.249256664240004 -1.13605041907837
1.36839349160539 -0.75930619052865
1.7222440001387 0.240868737180441
0.58794895344743 1.42072390965795
-0.517311070424471 1.58011467940693
-0.933764220354707 0.670816900697997
-1.04388320895376 -0.229675971646705
-1.01517793006309 -0.559380448693325
-0.492568862660643 -1.06274628696767
-0.0970810059468462 -1.14486809096908
1.00983615161609 -1.10231482262626
1.72884459952286 -0.213271031257851
1.17372842664808 1.16080800010039
-0.115906097611263 1.60134074033022
-0.792479053863632 1.14206217066677
-0.953336994473854 0.0470118083806071
-0.996573443413966 -0.564739627939524
-0.719478881980745 -0.931620272694297
-0.178487915684587 -1.11461472959954
0.627706466969183 -1.00972398563475
1.38938695394621 -0.68207076826278
1.49595154928596 0.440867530741045
0.277103969980106 1.50605073848151
-0.880144530122846 1.32687752370946
-0.85711631800749 0.486894093116144
-1.07961984808037 -0.169589062561527
-0.946583148619699 -0.685155355264274
-0.594067147286224 -1.11860349535844
0.185835844462406 -0.914213859138842
1.11732836802809 -0.732181063462039
1.75631145184784 0.151916874982006
0.750442879456717 1.34028957571771
-0.463564947665027 1.47114408359174
-1.04804861515172 0.812235146248673
-1.00869015042027 0.18601247807226
-0.982484946280709 -0.473944409180761
-0.802715594054419 -0.794912595974457
-0.17417701611829 -0.998239093009088
0.668088874067895 -1.1243904991508
1.72508319874427 -0.375777631620086
1.39964464861038 0.874723885653263
-0.0818108538510979 1.59669796069615
-0.713065666754318 1.06229716453287
-0.994958346886379 0.235014660665681
