-0.336074977868541 1.35538936520862 -0.988957575272093 -0.487601175148031
-0.330804110605683 0.829824176018674 -0.76201008434665 -0.27404237904557
-0.481960269551368 0.759611669108854 -0.723829506091648 -0.226431766799547
-0.267026035825701 0.23418116832733 -0.280383667316641 0.0991068518460497
0.0518756580167588 -0.0412444652646501 -0.341889789036452 0.231160208403979
0.180510407326873 -0.00482074716085771 -0.0975302306739464 0.0490172514436906
-0.293756470500191 0.00514465706246792 -0.148368993501049 0.0150208274216972
0.428336331558332 -0.181227929868511 -0.319879224504266 0.16672887419082
0.149789066236157 -0.0764644751949865 -0.0450464444493977 0.597052187192554
0.130695349560684 -0.132885198801029 0.0266110858251967 0.0471790714795446
0.46641803873283 -0.00834768960986653 -0.221928921089787 -0.00208718451039854
0.14481409189263 -0.00993870833088597 -0.189955006298566 -0.278875985278127
0.095947140542651 0.251601959450898 -0.145849425779686 -0.313518743084322
-0.557419920796061 0.162368389383426 0.13518760032266 -0.58605997825694
-0.481030069604825 0.28615734695071 0.166395241529207 -0.0163305532726449
-0.00242933988711331 -0.257105990695056 0.872420242964329 0.0898592546266074
-0.667035407639109 -0.329569820278518 0.71145958176393 0.671263466830868
-0.995069315170583 -0.327630842925347 1.07224746756765 0.563983625608558
-0.946801134146529 -0.826332526088622 1.25077355951064 0.907135730720723
-0.839099696753355 -0.871640739121896 1.34813559802672 0.907012923091929
-0.916688055946662 -1.00631353969808 1.22667622942125 1.01790832925406
-0.672830697751348 -1.24789805237451 1.09192404087596 1.54403844575965
-0.483164159789509 -1.09180777817715 0.72970515693767 1.28934435374736
0.613756948784456 -1.15179717879051 0.333602743856576 0.46029574084584
1.35830459858245 -0.985396572900998 -0.560181732128346 0.0335625856640908
2.33452941231697 -0.248974241363167 -0.814138400583039 -0.855055631842155
1.90546427897369 0.480419355225881 -1.24188244868568 -1.32543402706137
0.794483028650008 1.15426548489661 -1.08663629327527 -1.26689935490323
-0.0915900225299425 1.68567439381226 -0.969474580124797 -1.49093619200993
-0.146993122232115 1.40114380588564 -1.29440611532688 -0.994662266785937
-0.396712343133387 1.31898772380083 -1.01314388430485 -0.806285213810649
-0.477851479315089 0.901793713473999 -0.740410920033273 -0.50539676424184
-0.423103668782785 0.860739797659669 -0.0848010040301591 -0.279064714563523
-0.904853872504844 0.257213177056711 0.579748108893098 0.25924239148177
-0.959156922909861 -0.224219919004808 1.00358056604546 0.763070480665065
-1.13216338440163 -0.739704723730851 1.65538165945041 0.870256907447054
-1.57161735561569 -1.33736008903697 2.1102244716944 1.32945503261587
-1.50144830538755 -1.34381434456561 2.3822397710681 1.89969766059924
-1.61433444407272 -1.78263888155264 2.95090204758497 2.25479797178634
-1.63584456260264 -2.1130740121894 2.2912050842261 2.58069802507951
-1.11800750377022 -2.14779863592609 1.68038039889591 2.24598933914307
0.0741499585336432 -2.30149459617537 0.870400056062531 1.90043702753119
1.61850488043902 -2.01638734609455 -0.0224189242088568 0.95088885585713
3.40535188249809 -1.63840785583293 -1.05192226490538 -0.489632117260874
3.98423815452241 -0.469451547046116 -1.11865812427416 -1.68917466403477
2.21963782491439 0.743499593443577 -1.13115859829733 -2.67788919809698
0.639231364009481 1.69938633461102 -1.08117137061354 -2.1371699190716
-0.1137751142966 2.12437220982012 -1.35680034641044 -2.30807011618286
-0.512395229169218 1.80616071933345 -1.11332471549554 -1.53076059899459
-1.19374811322322 1.44390019318933 -1.26719396645826 -0.82860759957826
-0.867573991732849 1.08163368707615 -0.972244959499351 -0.220145581321071
0.0245941488032127 0.651967982508577 -0.911476009541051 -0.292769435039542
0.24860178262994 0.630087696779657 -0.688122385612928 -0.0988133721343466
0.321273248356172 0.272211273293632 -0.58429578045999 -0.0132120666096803
-0.109731773102813 0.285283086646503 -0.719830507928849 -0.0509024420643297
0.0210288981680076 0.483483693962421 -0.56998878173236 -0.516080601551902
0.202817545236484 0.805439507121705 -0.547678900721392 -0.334053036188521
0.0726400273641903 0.313613344351666 -0.335870576495938 0.0630486222352071
0.193126913335021 0.323900356498839 -0.43761149456381 -0.352216277307858
0.293944406657257 0.631814230156533 -0.156897540263878 -0.291774455125256
-0.0629204409220802 0.369062948322063 -0.141730429050141 -0.184873176054503
-0.577859151862827 0.250292010403073 0.210600288741397 -0.374850686307201
-0.443282491026314 -0.0882816599841738 0.684664555122357 0.326480182030817
-0.700704076006594 -0.356020009811613 1.17051991043525 0.43663250980139
-0.820772322247234 -0.586352200644236 1.36565126840309 0.721802440573413
-0.90031809234523 -0.936810731445431 1.79273374808068 1.21608381109888
-0.855706783237942 -1.00271832456825 1.77458070334498 1.40154754915164
-1.08689092505075 -1.36091005376806 1.44683823295354 1.40648027380976
-0.497513073764057 -1.58194220114226 0.991333310093215 1.17284910654738
0.372375773783797 -1.58003722711559 0.402650666662254 0.94866598536117
1.26119581144099 -1.25229916557396 -0.452450212569873 0.198872508245942
2.039973412894 -0.586454909351565 -0.759600722516654 -0.502449538441701
2.2704166235686 0.178702914375083 -1.17663929684943 -1.24531286598331
1.45515235454568 1.06283457103586 -1.07467387982691 -1.75050892994798
0.496652976520372 1.73668556453622 -1.72845611337379 -1.60022500447498
0.169187551986404 1.56372018189939 -1.25437693351006 -1.38563130632675
-0.180373921644931 1.40113259309076 -0.851170208907081 -1.15905809307246
-0.160397025754327 0.969465245832655 -0.546472893784702 -0.216971504197292
-0.248158417137098 0.659274691798865 -0.744402323137795 -0.151580087516721
-0.344099381959117 0.299482713165225 -0.115774553982423 0.18515042217068
-0.54744388925807 0.179550399579155 0.331917549146513 0.341456988321491
-0.386571005453383 -0.130861578738771 0.638607167978527 0.396350127031745
-0.809915743042727 -0.353911002592626 0.740918141265095 0.455266937161081
-0.792084171305559 -0.851438473692784 0.873017437393161 0.779220910728509
-0.46548911105535 -0.747657952434961 1.22630523043264 0.799485754659579
-0.115801650298655 -1.05589395339534 0.714828753239904 0.778526681850292
0.226561390221794 -0.897365446776456 0.202973473241679 0.764324814658555
0.811244412000938 -0.867118205600657 0.213113953801825 0.666895575257282
0.884810099624857 -0.371699991618504 0.00508152653396749 -0.215535243417903
1.37903672749562 0.0605083552433419 -0.896077327268329 -0.182056474488583
1.47275484906139 0.480849945575204 -0.867800984584956 -0.954429198627465
0.589069852820461 1.126587753657 -1.15697113837444 -1.22428296247726
0.238585405537601 1.38186947705981 -1.03213963450047 -1.34858408744985
-0.102186126178241 1.18646704579592 -0.984117525764451 -1.01197879730689
-0.217780314192775 0.921457147638871 -0.712103435903679 -0.625780340865104
-0.114321011377231 0.64719632368063 -0.581353774611608 -0.256807045933533
-0.299977673465939 0.45440237129492 -0.0695759468453541 -0.383819024654419
-0.38642549026951 0.116111047831389 0.470795439292612 0.412789386391885
-0.906072564741801 -0.113011258529552 0.507887887041557 0.698584437288434
-0.575926903926815 -0.652390599346415 1.02903687397069 0.399969334011177
