-0.986907889775138 0.703088735480269
-0.932838455815153 0.129076050472548
-0.915990179333498 -0.686585221750846
-0.611994053464489 -0.831056732872475
-0.0197987459076176 -1.00870932220173
0.718075923947781 -0.9628011129363
1.82938329137246 -0.536967571343959
1.55651378825935 0.978933642597059
-0.0409453830627832 1.60691859952734
-0.689856784423567 1.21175902567926
-0.975574793179065 0.386923418833916
-1.15861380816993 -0.482217342760253
-0.778653696086207 -0.839753800017607
-0.360167248862307 -0.972297160112497
0.363015412651361 -1.17371173851983
1.47750785111164 -0.675145660506523
1.83584625273007 0.427620022881376
0.525131189273379 1.52452146099852
-0.645388729669141 1.46195849246549
-0.912164132677462 0.620760964061217
-1.05557897494779 -0.275883095082095
-0.682092223623438 -0.748161494221409
-0.622667059302933 -0.941310883897723
-0.23145889395928 -1.11981248890319
0.864543331414321 -0.872925442444162
2.02770141495203 -0.487943657878858
1.42990525115306 1.27834337561089
0.0261757560648759 1.84158738438456
-0.753363301577339 1.22929371749778
-0.856265092769063 0.175752277305658
-0.919584493654077 -0.463139748652816
-0.73343552908656 -0.741465924643137
-0.237554730765541 -1.1879663579852
0.428134460905507 -1.10218333159295
1.52921495292231 -0.857687840706749
1.94753874803356 0.489839582623986
0.553391448133928 1.75435088872798
-0.548897571732634 1.54078245781005
-0.913984782778949 0.601939728386479
-1.04465130684281 -0.067364857164039
-1.00780782457003 -0.694288320443761
-0.702695245657941 -0.995915937107997
-0.0667122904821074 -1.01211575833991
0.963321198960343 -0.881881382127532
1.99743687456769 -0.30292779726953
1.18541921035435 1.32811939926508
-0.284195150123884 1.8682990404531
-0.928488998979607 1.02139412186294
-1.02854976777596 0.115741589397991
-0.827258117619004 -0.531776079288748
-0.745315883547759 -0.832026445951458
-0.352709109523409 -1.10891390115464
0.514743884709476 -1.15643080269678
1.71065826456255 -0.537615269152668
1.88873410236731 0.654449942955938
0.259709808139185 1.86176629101925
-0.78124055420792 1.59117123678857
-0.92383246493377 0.598110556397686
-1.04623508816757 -0.205046481795978
-0.785213326317342 -0.568469758411669
-0.495083629160251 -1.07673898007745
-0.00791231170620234 -1.12558421273783
1.01794365362442 -1.02939087577134
1.89971278566515 -0.242285027518129
1.12870244716811 1.36149900903765
-0.427915359188327 1.76677133618408
-0.827122878045628 1.03565433452862
-0.912996316524321 0.0924397345171244
-1.01957361376518 -0.589210523357732
-0.833633028519999 -0.939485739329191
-0.157616080297236 -1.05009475648501
0.689185338328105 -1.09241476755285
1.60275781987483 -0.676578459765902
1.88188743779083 0.589285156517152
0.305951839171516 1.69281087469818
-0.568474489110507 1.38207930294427
-0.887531837718968 0.513391393479164
-0.989576016691274 -0.27130271669634
-0.732421180436857 -0.618796297503691
-0.471752551332002 -0.92140595644853
0.200925270355376 -1.02892860252284
1.12840097063133 -0.899054530548665
2.12567691633231 -0.0361903404831768
0.939820541981749 1.52785953328373
-0.388384820361604 1.82882653313948
-0.891221733821977 1.00342246774995
-1.02589734834216 0.0775697180571114
-0.959913464672567 -0.58452189663449
-0.667161055297066 -0.879468920046711
-0.199463636605294 -1.18080991402398
0.737421843567487 -0.950870265169525
1.72386716304801 -0.431693465672595
1.40758088767828 0.887355750943669
0.0878201821998242 1.71577441491162
-0.500537915002308 1.32661642642742
-0.813852583757329 0.329051707185974
-0.91958341099146 -0.303349008117476
-0.651255890808455 -0.636561802525214
-0.387800465135665 -0.936202535506759
0.335605786661849 -0.769471382659668
