-0.811471121612444 1.00901185851526 -1.21083591638822
-1.54480956013613 0.615962260848004 0.262872387211959
-1.06576210567373 -0.471673328262265 1.02528802568762
-0.095924036081491 -1.58439391019246 0.605399155616884
0.919450330931543 -1.06143928655787 -0.610736256660621
0.838404973423047 -0.0471073850217085 -1.16934509934474
-0.206959133226937 0.801644926114754 -1.07282133129805
-0.875619771787891 0.787531774628538 0.0792550850407083
-1.03781157328451 -0.241134801863223 1.17056712339691
0.00286835493757005 -0.979380343115751 0.933227055825474
0.629306901111562 -0.88326791611716 -0.217837545637088
0.489273867019248 -0.00650986967904909 -0.969292031869861
-0.181329495634566 0.654275351280691 -1.15950583071531
-0.950287076585303 0.741326304441449 -0.326848215424548
-1.00061731965675 -0.246935402197673 1.08407158633513
-0.281582166119199 -1.05541550173086 0.529909687241655
1.18741008306539 -0.946944103757777 -0.14188014744937
0.858377539735291 0.003689271209105 -1.05113586591218
-0.0328551591266812 1.15192100361837 -0.926597583739467
-0.855045190099939 0.930312384549363 -0.0149472463667849
-0.731516481756256 -0.210500019633427 1.10252876382945
0.103510988221684 -1.17558827088772 0.855106066492134
1.06540493657934 -0.677285330137239 -0.315707732837151
0.855521686890956 -0.176838059920911 -0.716044711461289
-0.234543038752136 1.37698262640535 -0.961572277604258
-1.08322714483467 1.08761744122901 0.245245727667728
-1.1367021433235 -0.45717782233241 1.36219600551667
0.285996907503141 -1.35905691647911 0.902380588452163
1.647201130927 -0.675959664762039 -0.436832356930313
0.824148031405679 0.754065888774798 -1.11516613534679
-0.559932776536219 1.48714594487954 -0.347957681533965
-0.838859138907258 0.391797856872627 1.54994601991231
-0.144216027167644 -0.996728969179452 1.43029968900693
1.40253295832922 -0.951385542041644 0.0573400463817781
1.06354451505787 0.108275510979924 -0.993176738910529
-0.445373185241674 1.34455448302732 -1.09483831952404
-0.782230041942242 1.20332381991868 0.538606436988151
-1.03624931916337 -0.397091864789176 1.7165887396927
0.538899227904363 -1.18793334068895 0.840889484908779
2.06179315085891 -1.09477398319363 -0.353474310746476
1.29696707618344 0.594158978595412 -1.73388940833395
-0.772571796891775 1.77931923797992 -0.801146649012406
-1.38590924799653 0.737300346886706 0.949531114286336
-0.773133125818313 -1.05093941722039 2.0080781313273
1.18158773993613 -1.54406235631024 0.725872991861216
1.88207581362879 -0.616461485168337 -0.959236744876929
0.595526812513146 1.25116341259579 -1.71467151306461
-1.00684538400001 1.70307163470338 -0.51460867131946
-1.17053764842759 0.12843769172188 0.902070989544717
-0.644696866787287 -0.862479961783116 1.56680493826431
0.82596050428194 -1.51655864778212 0.313363329153638
1.41976405616147 -1.00904821069638 -1.33368383717123
0.434359054258811 0.637347349056088 -1.37769200906566
-1.17267515803695 1.40217679044238 -1.21324350317393
-1.47686962209925 0.473676008668012 0.453543374435684
-1.12216032942949 -0.868561697082755 1.62750952935727
0.398650115748093 -1.54068548758621 0.813209169269607
1.59660208685751 -0.909221116359776 -0.642644212099683
0.762850885241629 0.237739050655612 -1.34723157638532
-0.485804175195649 1.34144157840754 -0.789847611012601
-1.45756355917912 0.89915702368887 0.539852401274777
-0.60887263537582 -0.319117580796075 1.58216061875884
0.627367576746631 -1.45853715761458 1.12275592776812
1.69362726059757 -0.684138665640481 -0.965509423797453
0.660250276175 0.784189504770194 -1.44196772010192
-1.06685899359357 1.54727793493291 -0.566461010395957
-1.2134056167732 0.464124034746368 1.19469296980695
-0.655014827773017 -0.883926951471814 1.39550562697317
1.27884991152609 -1.09074216759311 0.521608102398752
1.35038386095112 -0.306841175537881 -0.803024085857709
0.288751455145635 0.749861974696181 -1.15289679420937
-0.932339120519587 1.54222260650316 -0.107264396682025
-1.27762333789541 0.162060091375287 0.81200794377914
-0.369352012826816 -1.07280185492968 0.871736023933897
0.89395960298469 -1.3100642919971 0.0913938227380211
0.942287492927734 -0.112661744747655 -0.967694870845473
-0.0614476586426987 1.25012050284952 -1.07327294493457
-0.762667687817416 1.30562163100097 -0.187289388415864
-1.04718788515684 0.036456607847885 0.674945554543828
-0.0984973802544138 -0.970306194740499 1.16187223912547
1.37593637923157 -1.09706323793824 -0.214849965823273
1.01023521645994 -0.156379541425175 -0.92478207657409
-0.163326995483206 1.36316608948946 -1.13296057198905
-1.34503791094189 1.2157948455486 -0.10426627370926
-1.24877178239738 -0.147162491234164 1.57401878925932
-0.191537120000294 -1.14064187342401 1.03116248802969
1.69245015827079 -0.942446356265161 -0.30234253247458
0.939939221969757 0.36247224908959 -1.19355925179742
-0.610908238302279 1.60953150963706 -1.02872180554741
-1.37218631226334 0.949314944262193 0.501395478606893
-0.691932724354146 -1.03850469452357 1.62158063809186
0.392530925000238 -1.30311709798129 0.626918044524237
1.59394421401936 -0.621333952619455 -0.724830397926352
0.898524642674239 0.518294045708332 -1.17699690752474
-0.827469348429328 2.00919261860802 -0.540881073380387
-1.46213801854991 1.03304874770107 0.851342986319518
-0.649397698397103 -0.690014310834876 1.81302487709797
1.25627040803016 -1.17075679271845 0.552227280468679
1.6387408362388 -0.667681879026326 -0.801093137206307
0.355624058598082 1.44960227612928 -1.14678935579433
