-0.236566455583214 -0.877188420290527 0.656410832291789
0.859415082616293 -0.831919052615765 0.0616505810095443
0.75906514895753 -0.350878102324578 -0.820937580594
-0.602491866853738 0.70067444082561 -1.09356807096458
-1.15967527250919 0.475995917382433 0.0513394332685879
-0.801456620186884 -0.679652032144569 0.962115655686272
-0.373872896080729 -0.752358655542108 1.00713217293437
0.70643698696015 -1.30233607063159 -0.198686196443304
1.00168115954396 -0.215015687298497 -1.00833728237445
-0.374859435344175 1.21701762725534 -0.876861195663626
-1.13483679945144 0.937074682463209 0.0947936978180885
-1.08307800156266 -0.400063258834715 1.30902367350106
-0.190671234442841 -1.22001935236286 0.743430722706934
1.01573833616503 -1.07086366871362 -0.462521734665841
0.735446933029675 0.0922454704276328 -1.16160549504659
-0.358131400274179 0.98478433248354 -0.862901113187675
-1.30501361472146 0.952665161208516 0.120281360884123
-0.783558440308233 -0.262872272436729 0.832096597893574
0.578926535540785 -1.04800968733582 0.713840416281086
1.58941841373945 -0.673177059444843 -0.567615304094863
0.705674681453472 0.527426834298025 -1.00018487115298
-0.6726713692487 1.68007555312585 -0.474350623960247
-1.16915368806315 0.241686087392591 1.34302521576778
0.0992500145053035 -0.677355889057623 1.33002050075255
1.19494997043322 -1.15912603981424 -0.225233727846409
1.06691604213448 -0.0494735419244549 -1.13703562865997
-0.192482091803941 2.01134865649311 -0.839399300597776
-1.12067990238878 1.37100885875078 0.328545207036446
-1.07452568694206 -0.482541260412579 1.81205076390123
0.718905238900675 -1.13349406224209 1.10261079631805
1.87435595011759 -1.07339107261383 -0.744745298197109
1.01924167851567 0.422432064997953 -1.64654232438353
-0.366243393771392 2.05185150824119 -0.985260562354403
-1.63053004415765 0.58273750482094 1.0285313219038
-0.752379720856514 -0.764170115092699 2.23635609859942
0.916931103083015 -1.29180911572594 0.661442615326337
1.82665188308289 -0.646674483891282 -1.05109745957467
0.218407770663834 1.25563890935305 -1.41653556417887
-1.20007494823068 1.59062021352742 -0.553563628929779
-1.77574968094875 0.122022693092583 0.921064671604581
-0.785380039495248 -1.10520020376248 1.32929563454886
0.865057271420125 -1.09055089768212 0.392331952272882
1.1631199300204 -0.843165032592531 -1.02670544106827
0.512320809547458 0.674446912467256 -1.66194527086536
-1.1258615119715 1.55453940763206 -0.906624224448644
-1.4902623532848 0.492952595001424 0.414361390613052
-1.26938059067278 -0.565693488093747 1.34203294663626
0.571744542645416 -1.4876892314483 0.799891659867307
1.4430073552211 -1.23000018463077 -0.803933696332382
0.843788115536244 0.259996404295271 -1.60756820759957
-0.822139382087911 1.44453783843018 -1.21437039992046
-1.21245724573741 0.710147019777312 0.40717309482207
-0.930004777932332 -0.531603230341274 1.7966641819249
0.514714829483522 -1.31318860413958 0.874859415761459
1.54946411196884 -0.702399055413649 -0.637526722885035
0.471747611283384 0.486537646258272 -1.44625842002062
-0.634604744547546 1.64499005583101 -0.728078065226763
-0.974651521569539 0.747704530955123 0.847468403809334
-0.314067699904522 -0.932550952876934 1.33907359940236
1.11236481109846 -1.13838643153657 -0.0665580912521364
1.40677860225101 -0.0456524820051343 -1.03284994589563
0.0760992174930262 1.00511447290087 -1.24506432987348
-1.00944242958667 1.23221569546564 -0.00776026457109981
-1.28612488909847 0.0559949174264448 1.01353813619658
0.0562427022383267 -1.12428529413953 1.12086140767799
1.10781509988111 -1.0267466498816 -0.182806078611343
0.965002359927179 -0.121187976239093 -1.14631659176908
-0.150194492348024 0.919428421739418 -1.14057167574815
-1.07927380231468 1.11124018208809 -0.240460106006562
-1.2635190212117 -0.188110770471766 0.874043210644954
0.0546580555820482 -0.961339557647827 1.36835743521725
0.996333232996944 -0.993208519269468 -0.404085628211249
1.28461529787266 -0.320875681778894 -1.0304673197145
-0.204728072417322 1.50595186081755 -1.10184971148863
-1.15357155246801 0.875416313427411 -0.0733599114672747
-1.00548749789121 -0.335587719656847 1.37605312077217
0.0797704696213173 -1.33089503880672 0.945050147271608
1.36474684368578 -0.99892658410703 -0.345431035303435
0.863208731357895 0.326134546887895 -1.1619652626306
-0.574354624407972 1.68343512595061 -0.541605688591099
-0.996770211472409 0.556174667813674 0.190337384315494
-0.941957437976499 -0.603324751918607 1.4675026719975
0.652210372462567 -1.10418393105371 0.735204822317228
1.43632791646164 -0.826759802678347 -0.832424023158219
0.677746954629707 0.588298347650629 -1.14311344918813
-0.835691504946718 1.8637328015114 -0.93709368315704
-1.36888411701132 0.899224215977939 0.918500660720633
-0.814415133786472 -0.874204618303872 1.42208145736342
1.07237619243572 -1.09962511642196 0.576560367297243
1.55104038214111 -0.670704924312537 -0.714523204517796
0.838814123812139 1.11474278970679 -1.16643102038526
-1.33679582102477 1.52143846767104 -0.152513957803753
-0.839024430287559 0.442111215826484 1.13422792581212
-0.116964223748956 -0.88199538240381 1.33724034387401
1.80009194178946 -0.90026142441063 -0.339461578409999
1.30507367719998 0.588567912555685 -1.17940334641364
-0.101514049617829 1.7339339869782 -0.827673380652151
-1.18296492885334 0.994453375045357 0.48374863985132
-0.292801884668227 -0.841010473391417 1.70976883270889
0.948298064564526 -1.0990653320611 0.641791516875478
