-0.721753923330009 0.856362853344408
-0.862427919130396 0.114312915714934
-0.801678484631106 -0.53084212862895
-0.707114614693035 -0.793749998564266
-0.23973755056319 -1.07464724134028
0.629115859703179 -1.11226069344871
1.54549556977791 -0.438246377057322
1.79390301626555 0.617282104093863
0.182799812735036 1.77806019638646
-0.762654051158188 1.32671293641053
-1.06015612930738 0.471672646144358
-1.00979603532207 -0.182254703552282
-0.869967978355423 -0.829587365975334
-0.425957144497754 -0.888103483899214
0.11898735576179 -0.973815632931904
1.15426903227016 -0.930942019650745
2.01540184789224 -0.0511760593678012
0.81426227509034 1.5079623032831
-0.44364280827867 1.614594690423
-0.890526699729077 0.866927200004693
-0.986410259610887 0.0428012107584563
-0.868075531213532 -0.585653595566766
-0.760326919562909 -0.882996334053271
-0.0567231361280127 -1.01864251917196
0.652478616781935 -1.11691820983299
1.8854732275032 -0.491660030328452
1.57305409629043 0.863329789133142
0.0769863025316247 1.74943943591991
-0.694562984480823 1.14829547310249
-1.01568425234302 0.545134138391488
-0.875302123560292 -0.375756640219278
-0.767148368699551 -0.697548413367938
-0.368965423843429 -0.978725106189631
0.160635735352163 -1.07215315371316
1.21769827507324 -0.805053529505314
1.94271041178932 0.0813980964522662
0.90201913230152 1.43255386968145
-0.367259784645949 1.63879358206318
-0.777889793001742 0.873384691704497
-0.797916450866798 0.181737350227155
-0.821143639406546 -0.591070436104317
-0.632048186417831 -0.863821020838741
-0.26578840636868 -1.13621440480613
0.755895857952151 -1.10947397014635
1.8572764569121 -0.416918082524042
1.68085276620566 0.90624257079135
-0.00176617441820836 1.94669689114621
-0.745895816358725 1.14616518051534
-0.998237248109096 0.521379294811836
-1.04773984455263 -0.225380728543867
-0.834594597819387 -0.790646351260649
-0.331275673705455 -1.24747039807661
0.426933396460249 -1.0869066937416
1.45875012919248 -1.01368098519974
1.96251335841008 0.214070214266986
0.699641149165746 1.6106436601695
-0.566152352683572 1.65421568502474
-0.899314591906716 0.844383791035336
-0.86648615798932 -0.0146905754124423
-0.892600059908505 -0.549124069462595
-0.721330688753263 -0.945076191148774
-0.308104178818331 -1.21140794300877
0.562487598527187 -0.987210750328849
1.6916984580032 -0.400083855762283
1.56060827640436 1.00504073210346
-0.0364315360773346 1.67100249415634
-0.689178710972782 1.10868706876714
-0.937997200815729 0.381481802826857
-0.929486934834703 -0.348273106402742
-0.789515856682101 -0.7266512556156
-0.461757888931766 -1.07500730452643
0.258718682753628 -1.06528588220932
1.46384239987672 -0.891456578105948
2.10361405707444 -0.00517966347350543
0.736632512306587 1.71146011222472
-0.554850168880223 1.7924671015373
-0.832481414797253 0.73651183678833
-0.930154008569037 -0.00967536252515305
-0.897879613348877 -0.555455779592504
-0.750114585450872 -0.80203415890249
-0.146897616417581 -1.22449039273344
0.684801879138904 -1.07135068984045
1.85917038094013 -0.341352985705122
1.72058469786067 0.793018713748213
0.027296626385577 1.87424751885053
-0.840043026192558 1.29381760309614
-0.831715912105569 0.250774628608693
-0.880437345461317 -0.392580918695761
-0.724163101008486 -0.62739754883878
-0.525515554418362 -1.03243612711993
0.0556062145405952 -1.28691202767935
1.20305653108022 -0.956667079046757
2.25232631472613 -0.156076421888071
0.976685571797704 1.67150167969406
-0.455628574005755 1.62946389446883
-0.799120896993996 0.847962410768272
-0.841989583547778 0.201233864945427
-0.756874292846726 -0.481810271172467
-0.693174665809134 -0.948099511349961
-0.294719410496721 -1.10512147542988
