-0.0629588632381146 0.770011791410471 -0.962303439106887 -0.393226461636417
0.146305423509886 0.619299268065965 -0.434452245028432 -0.296236844368042
-0.39775766265699 0.583007277615809 -0.232799075335906 -0.38018796454391
-0.816554512760341 0.230884720157377 0.322840998416016 -0.206131037008229
-0.651662160733686 -0.172018198610933 0.539122271491069 0.359727655797062
-1.09233339635045 -0.314339199493896 0.973728156138475 0.554804235637968
-0.766874521375554 -0.714246975755137 1.15437597756834 0.739268436074172
-0.847105418013723 -0.868749465009443 1.19722889706174 1.15384163181097
-0.731389774399084 -1.37561402411954 1.0831479332521 1.09659886316053
-0.484651795718005 -1.15116701877943 0.778393412393549 0.938509427096989
0.522264526864949 -1.16319706761118 -0.127922281010526 0.538924922065462
1.30644532126605 -0.891937484912068 -0.169250004412249 0.230163203613361
1.83347711724169 -0.575342396934124 -1.05687409971766 -0.341526459092146
1.74700611346161 0.511706625308418 -1.16044233358088 -1.02602887801429
1.14611074574032 1.16051003051476 -1.34238377711117 -1.48928167812017
0.755141273749739 1.39459501106994 -0.993777912664099 -1.25556767556738
-0.131799742495345 1.57150116127156 -1.05642915696013 -1.1965666840581
-0.16130757722866 1.33937289243052 -0.911499394081257 -0.743069798416929
-0.435999947826518 1.03068046979757 -0.233766365501797 -0.395170476293396
-0.461812134430584 0.64302449022825 0.0469321520510831 -0.0934945295938701
-0.61805406331403 0.11741445710487 0.485580528082944 0.399227425248756
-1.08016198779151 -0.319033558785564 0.915734593689549 0.444574815193694
-1.05070547554218 -0.507357758653609 1.299611189314 0.9732237112289
-1.09806407533218 -0.95819825951954 1.78861120175853 0.935055229017324
-1.23901562734726 -1.0808441614869 1.64283860777437 1.33134875680579
-0.963867481343276 -1.43992921445519 1.82388431419992 1.63993485157306
-0.745988554645654 -1.42406757521417 1.64331320289594 1.61795549540129
-0.276099237755805 -1.70110629391506 1.05610090576101 1.4113632839138
0.890540872672341 -1.66216926539791 0.0268378525648726 1.14269070627185
2.16176490313999 -1.07691999859468 -0.66360667637258 -0.021565851617944
2.85315859435977 -0.517151589394718 -1.09253329134139 -1.04619654382053
2.31305875816641 0.592785109160862 -1.13518558337559 -1.78885495920958
1.01630660759649 1.38253887200354 -1.20479463576912 -1.87692182196271
0.121533041137858 1.75167122149962 -1.22816865986211 -1.63610668340918
-0.487134594041782 1.58782024493076 -1.24743855264189 -1.17444613752879
-0.0704826967027558 1.23596222264227 -1.22817755174369 -0.472017364992461
-0.423567202522212 0.970838205485755 -0.544582520937606 -0.41248644627728
-0.316328444877126 0.479283291214645 -0.642032819013525 0.134880541734471
0.118695551906828 0.354247867765691 -0.387269466520874 -0.0554095139553764
-0.290713640462252 0.160789883504343 -0.167731589028648 -0.000767892597809677
-0.119791890628761 -0.136071126766031 -0.0807216415036277 0.122316036974211
0.147229587869689 -0.0235489754772162 0.0910243672646802 0.33370968039335
0.335779601590534 -0.00944158006749154 -0.215045931524463 0.262920925159089
0.0865654666254969 -0.237137288069152 -0.163513071611483 -0.138309021761499
0.471306696648076 -0.0635762374655749 -0.088552248686782 -0.288135895780737
0.372130457613067 0.216903259479135 -0.307907749424843 0.171155078731002
0.440430690972427 0.369754099688789 -0.339476726414633 -0.428479764029051
0.0513890793777631 0.191458790854037 -0.223043362323595 -0.312074797883744
0.134749641351853 0.377777051868624 -0.435090071547985 -0.308190798317033
-0.158908925170853 0.198986494798716 0.0549010172248789 0.518046496316022
-0.340078865528011 -0.0417365379853753 0.39274353559078 -0.0845939897267793
-0.697262089565723 -0.243598280397965 0.893483153190559 0.197676752705148
-0.791831556958148 -0.405276350835218 1.00439435698331 0.729969278446887
-0.638806534449397 -0.801975447734101 1.21469745145869 0.718612283000953
-1.24404923766241 -0.903198625769243 1.27551186415207 1.10311817454267
-0.828499656933946 -1.10751507423987 1.17053357282164 0.958320221148647
-0.396529005950158 -1.1989008072069 1.09690680178478 1.10438900414315
-0.102377977334894 -1.10871747897532 0.673746620155732 0.894790806378687
0.546451417675199 -1.14898091105911 0.0199752567383132 0.473025673714406
1.51421367700523 -0.690370726066071 -0.395417196045314 0.172473896309309
2.00705197523265 -0.260336841187794 -1.1023349571466 -0.870492972576188
1.7179084861299 0.554151586514078 -0.971783345716381 -0.966562571217357
1.00295686564944 1.16358700028543 -1.28110988203486 -1.55600055569112
-0.000916354253152434 1.48158723271561 -1.10762261119706 -1.43300099941876
-0.0767301908329019 1.27716201846325 -1.0576309787233 -1.20176285009824
-0.228269310445176 1.01620530203461 -0.865601174796775 -0.500469932573536
-0.506203819198968 0.984034045206274 -0.392314160270571 -0.585992505551844
-0.253220157359959 0.751337282807466 -0.168492792199377 -0.322487380077967
-0.448940955625664 0.349945594699554 0.506749028906009 0.163157069440485
-0.854967990898979 -0.0245286694946792 0.897972646308658 0.322947747177494
-1.13480529484975 -0.501736068515253 1.60273852361529 0.903267848307829
-1.33309725876339 -0.771557915540612 2.06772841058645 1.3258727708372
-1.59520683938311 -1.41971785371418 2.26377055873529 1.81453570441202
-1.57356327792924 -1.55431958065587 2.47231092975332 2.22870701110873
-1.21202267192943 -1.92026664565246 1.91214320783728 2.39377131094208
-1.01369218013458 -2.02920560489773 1.77952059243366 2.15214183574583
-0.191858262471404 -2.20162243995916 0.819513734612682 1.69895545518514
1.10753496817515 -1.97883044586586 -0.156705242748257 0.718498092773763
3.21323228672909 -1.4429845959686 -1.05431513708059 -0.597127912667271
3.13273770806246 -0.267758048158404 -1.14102176054037 -1.55681393663289
1.93008208585806 0.740773102014288 -1.50252002638164 -2.48874667740586
0.341713800226119 1.75207288081834 -1.28199952868679 -2.22401624623923
-0.184237115846389 2.04495569283099 -1.2716642754204 -2.11799325540311
-0.442869689585285 1.82993436110378 -1.32953300659836 -1.29220597439414
-0.920494336614556 1.43327061305381 -1.05017423034529 -0.612632975604808
-0.543109929363019 0.979883374520867 -1.06769624292792 0.050673157849869
-0.25327297116599 0.643326542231518 -0.74898132339327 -0.556151202304101
0.048880540930904 0.558224714649014 -0.699124458586149 -0.154442583590557
0.321041454602468 0.494971906812097 -0.545456436937888 -0.391620030521182
0.295967756706122 0.55101350695066 -0.730579045001277 -0.181631664222768
0.108379208430614 0.365964916545136 -0.343073836211597 -0.100702304714731
0.0134048696626244 0.279165270692968 -0.172514154685914 -0.371955346444091
0.0908226075474589 0.52713218749024 -0.571221250191371 -0.348603814832154
0.265893611368148 0.356312964411164 -0.126347342574817 -0.171074432771607
0.113270224746981 0.562640277193249 -0.105900704935906 -0.185531633043751
-0.32662361184986 0.304673887186025 -0.190693215735694 -0.106486866727036
-0.450527844733142 0.262711132368284 0.167408831015577 -0.0762491080954861
-0.698606563096816 -0.119255317751395 0.422755897596454 0.284280408886588
-0.646874472905029 -0.0883543639256685 0.830048553520283 0.609457801708618
-0.832296189278258 -0.493952857425587 1.09973944456925 0.762917988418507
