0.113722839345268 1.11160102058002 -0.29409832447826
-0.407238204230264 1.48208285928933 0.277226702384531
-0.255123104237843 0.243405572846816 0.907698976751715
0.266590247584381 -0.548036460041176 1.13193052848683
1.31986092949074 -0.302414973507479 -0.0677302710372565
1.06776665967911 0.216929720582276 -0.730965072204619
0.588823803476396 0.892940065550054 -0.431279099642293
-0.595099637437893 0.628305971893994 0.0770677524477612
-0.595196166017433 -0.161748326670873 0.564564002270866
-0.320589033282213 -0.510377498222878 0.662503763441788
0.914740213470653 -0.50621749871884 0.157577750735886
0.956741841211193 0.237353484361613 -0.579143175619991
-0.0824484071788328 0.71994784271594 -0.600248959449435
-0.543355822917565 1.03705258229946 0.156396109956484
-0.512866264397027 -0.193421650818847 0.983757337677981
-0.284037734756862 -0.732386205064957 0.656303750816308
1.08361816891663 -0.725009849986518 -0.186332560413449
0.817223582186565 0.231315076842753 -0.704848979078086
-0.150293660089961 1.01430862359463 -0.662201469273172
-0.739883110693506 0.513195608239301 0.458521319672138
-0.895911247230136 -0.349886998374947 1.3082536976526
0.475849580613631 -0.947388400074287 0.644934265352001
0.741925193131452 -0.932752116207628 -0.0784113533115009
1.0013565465076 0.885802166901821 -0.91275645305714
-0.747678325691915 1.3822362507902 -0.605896618971203
-0.51457336413541 0.256540426731951 0.742631916209473
-0.662642705971781 -0.433553747653002 1.41264555740723
0.644377627598129 -0.952299608589544 0.23976202220616
0.959212373817782 -0.139004982278055 -0.500880878155692
0.55823431792558 0.340848636825516 -1.01311918808737
-1.00784237560383 1.15014931204576 0.0424057336716896
-1.16616256486671 0.321822277761655 0.636148494004529
-0.717554339633383 -0.144787258867346 1.05088229001031
0.233287706282442 -1.07089377930693 0.643356197084303
1.02239480263859 -0.532639763836825 -0.297066365889669
0.281269381146285 -0.0331973782425202 -1.1018410129163
-0.496455200756561 0.65214211881916 -0.716987830151614
-0.855462555458975 0.542362728223852 0.289878629335614
-0.680582799364071 -0.160324105252679 1.25952387982228
0.0345820881918158 -0.885124369376549 0.777669383650374
0.980020741206051 -0.456923838281396 -0.551605697694459
0.405506109606015 0.221881039903753 -1.12641089228826
-0.102036561720011 0.899632490521037 -1.34996189391064
-1.22044953591964 0.913223531905408 0.416462094080667
-0.826004101908743 -0.584543108490102 1.35105388681364
0.820678943173733 -1.02801031974542 0.789865386558602
1.34809927598409 -1.26351874836893 -0.404929028932834
1.01649502922779 0.789472664013987 -0.832662808044535
-0.40352126746345 1.79731024094727 -0.265489696523218
-0.456693673900702 0.803576885080749 0.68247960205593
-0.605826396918521 -0.00618925409490916 1.35061044428853
0.643405568661807 -1.05252611343416 0.833326605841603
0.92997039732028 -0.190431341702761 -0.405380154773071
0.796450455193666 0.776949199585812 -0.719591387016366
-0.499681234938949 0.997888436779237 -0.56957645237547
-0.950440950423088 0.570013762867924 0.619262436468624
-0.496135537170389 -0.238902185285201 1.51796795245137
0.35005729410997 -0.973696164985439 0.634687626584696
0.983984828564516 -0.540529593202597 -0.583997865549406
1.04478966913092 0.192272549913486 -1.21175000428123
-0.293239753201696 1.24405280891016 -0.820131525368104
-1.52158986888601 0.506920051667919 0.659700393464917
-1.32167841327473 -0.724948371275918 1.32064486535227
0.45348672424165 -1.293146209634 0.657330534056699
1.75436798284714 -1.06480074582024 -0.632583386107379
1.32683614482134 0.410507828735011 -1.62217300355029
-0.664965018494905 1.66282359623437 -1.26066943678012
-1.2480618679401 1.13791200076759 0.0882592885840622
-1.0989276551381 -0.61320887063381 1.9044619497221
-0.0374274000256078 -1.61838100842781 1.24070284456845
1.1877038740461 -1.63617442385596 -0.295476167095303
1.68341141920033 -0.397960461312927 -1.78278115857224
-0.216810486351917 1.58317307548444 -1.73175372044113
-1.72997533966366 1.52731859991901 -0.173312929897402
-2.04119796251174 -0.264537201349286 1.57431912662095
-0.868747420030753 -1.71768818649495 1.43332775100931
1.064688468736 -2.00569257248815 0.28298278303634
1.95974458029786 -0.898987994844784 -1.04774209740173
0.562655467346361 0.685240181697849 -2.21830974156164
-1.18717904874407 1.55125892564094 -1.29057658057622
-1.81191456215749 0.509539077267681 0.131682356784677
-1.34677458292078 -1.26857130560701 1.61199450423169
0.0709965402050481 -2.2373090380106 1.08563119870843
1.88452338958765 -1.38063592160041 -0.725465308642301
1.25834691671414 0.00391147006057591 -1.22599926608797
-0.389262676188715 2.00195201594306 -1.54972475662665
-1.89155233729802 1.23249034312122 -0.421574505353189
-1.51756594325044 -0.293436324459216 1.1631033113557
-0.657160778720094 -1.42940572494633 1.82029089535637
1.23266542891229 -1.81143754104143 0.347040145211662
2.12529057682907 -1.0374091190221 -0.794544013124435
0.675393347334727 0.721331173369847 -2.0203334569269
-0.95216755748565 1.83323196573671 -1.46115601155911
-1.83483522901849 0.835717228623535 0.364771716411205
-1.31807872988585 -0.94831111551621 1.89066884073246
0.0772565917644383 -1.44986590186822 1.2673903741489
1.59959011342712 -1.38693310467557 -0.44001493873356
1.39522383869866 -0.046388182360042 -1.67119110794189
-0.117475920228249 1.53184064031757 -1.6687165573368
-0.854843184670285 1.3201808320155 0.237734187262193
