0.558605407101545 -0.66361397497474 0.988780906120997
1.4747881192825 0.0237271416217052 -0.163481503642596
0.678210942688039 1.03201380110001 -0.978373085109372
-0.418791776417754 1.72077204574533 0.0568178563956221
-0.774184792613788 0.379083510372621 1.10492834484427
-0.196687582236567 -0.369524701349138 1.68771220232576
1.23464159178904 -0.825592493802069 0.209750627869415
1.2062944849083 0.378208124612978 -0.604825719423087
0.0949278641373287 1.23972608214594 -0.196485994738781
-0.537876964825212 1.22440051397511 0.487692516463275
-0.473282187498027 0.123980371636027 1.29054798577431
0.361375661067964 -0.57398113281801 0.955104375442172
0.870145522904679 -0.837459972801471 0.0370850106012654
1.32121654593024 0.345410913575325 -0.84080294792229
0.146273637195205 0.723950469160211 -0.684684807958239
-0.84779496424718 0.899662576971389 0.111070967258603
-0.617741680634368 0.211270231991758 0.902358765402908
0.214642311933737 -1.16663830588342 1.43761857871041
0.704989777478608 -0.292407567389354 -0.0609885074836453
0.831207723762637 0.334993511991646 -0.527514288574562
0.101454364402299 0.948573177513292 -1.09333346286313
-0.633496031846904 0.901490703008237 -0.110648513506006
-0.982280084597382 -0.276445116502253 0.990346280800444
-0.35349171685827 -0.826946839988771 0.456946411470445
0.851883641203902 -0.911441567936173 -0.12738606275417
0.741745784294608 0.236075961699664 -0.928300782280457
-0.21382780285701 1.05045009550582 -0.686795357069245
-0.89998787962346 0.815191272639968 0.218811274987916
-1.02984222694103 -0.423431882036795 0.799493199403468
0.840194080940366 -0.871275867336538 0.236186571723259
1.10496656619069 -0.550204244137739 -0.545461679052712
0.622144134152631 0.629886875849128 -0.612101347008415
-0.471468683805929 1.00271733603841 -0.502686934553595
-0.867350156062887 0.451299884601106 0.349373104423784
-0.693463937413366 -0.571760936632684 1.25664521616437
0.985036123346014 -0.921806765483616 0.523202073413162
1.12930394119877 -0.359216031323587 -0.00101081025422489
0.476773475461037 0.474370896105546 -0.915899062741673
-0.627504502031846 0.813957346413186 -0.346442973003208
-1.03398173859948 0.651248786427718 0.958354640044735
-0.669546702483329 -0.0917384890978648 1.36418736814209
0.287649488100413 -1.20008486149405 0.635751632387494
0.247971234590884 -0.340955965230604 -0.578510867096404
0.396822949795113 0.356995210963427 -1.16586863536013
-0.822106165161236 1.41093585615786 -1.08175310948008
-0.980216530548659 0.269294045520657 0.633257486725077
-0.925488419779181 -0.766821785020595 0.747728225120693
0.369263360593551 -1.00923652099337 0.651423794988427
0.967736020890611 -0.500397046080114 -0.439868690578488
0.176970617626932 0.182906346059984 -1.1496432425217
-0.416995115676298 1.12622457422072 -0.509817084251512
-1.06336132693044 0.678404838690303 0.278423046978928
-0.567626153015909 -0.47581129577801 0.960180448172873
0.631186914738462 -1.13936336247813 0.54336723509236
1.43569329572712 -0.465427858713753 -0.155122742170467
0.846182335025347 0.348425099616334 -1.26114330378476
-0.278468404800394 1.2132843229567 -0.172794252019978
-1.01950818838104 0.851025983905317 0.586178562683713
-0.706154606969506 -0.787098981801035 0.920271153843107
0.702591134519097 -1.18224513378464 0.988791958864771
1.14816932473401 -0.555245669984392 -0.127662438661892
0.616624325839546 0.826373124462533 -1.2248327487663
-0.684920682188439 1.33030252005313 -0.417095181769518
-1.18493220908107 0.630047105898176 0.524153918008847
-0.719225411755042 -0.70609846696818 1.05221647183766
0.395042870696143 -0.969945142982827 0.56449296252
1.3569207072506 -0.740764490086571 -0.113165113258702
0.686477635802491 0.958527242666303 -0.911718313939138
-0.664623458263945 1.26830512037532 -0.744211686759167
-1.4391303339492 0.775985738835385 0.354066733089105
-1.05424309329638 -0.94582104995244 1.54405335795049
0.37320906921039 -1.1576430073896 1.52658198811951
2.18778172619517 -1.34745334489699 -0.315655878040132
1.52466596227395 0.197371685900008 -1.89105786455865
-1.03532713198454 1.46621710431318 -1.34814288839332
-1.70854287731574 0.881395372054252 -0.191536532789122
-1.19880716145018 -0.523176023152975 1.35088323362349
0.0465303929293139 -1.88538019142428 1.36478249277798
1.14399892586672 -1.19102119491425 -0.506929548235266
1.43935647704647 -0.192760246330701 -1.79384018900425
-0.143625827961047 1.3580669132568 -1.63339914370267
-1.54653229242067 1.49484727469434 -0.444626514658939
-1.76657874139745 -0.10818059901402 1.86708901073035
-0.90472240362324 -1.55094943397898 1.53101295071517
0.859595309743428 -1.61578167116755 0.510220162777505
1.9501518161283 -1.30884596998195 -1.38920067535787
0.612904686273673 0.779341241252737 -2.0534080439688
-1.2881725476014 2.22351617572124 -1.41891717719546
-1.96982133790409 0.750055544643801 0.682561183742604
-1.59506424575445 -1.02313653977207 1.32583444923695
0.226213237158474 -1.96609094537659 0.781560276921416
1.6315761209885 -1.40530175092687 -1.01238711667362
1.15382951480217 0.197521204948194 -1.73739816236475
-0.524761593367007 1.97613752728672 -1.86574763547008
-1.98075171864188 1.94557936927333 -0.609705038443719
-1.97665092575451 -0.233227279476516 1.09989702665303
-0.735316018341448 -1.92460152769037 2.05673236441376
0.882362001470113 -1.84140712686717 0.363883913923534
1.95780647163572 -1.44933830840966 -1.52992405092793
0.438170705885329 0.933550507184636 -2.14610260953928
