2.29517467289441 0.889121429345373 -1.33908383459995 -2.05532173784232
0.720073235208084 1.53965659910435 -1.12467837931728 -2.34595758533569
-0.264701877994531 2.00099972377436 -1.70998678907298 -2.15390586810618
-0.483713385212594 2.00743528260339 -1.13097390180094 -1.29801769979033
-0.918730933874081 1.30081465264935 -1.20425172287785 -0.603639636802723
-0.582960650310679 0.926700573866037 -0.863783408274861 -0.35603956453893
-0.230052359836505 0.418874257588432 -0.640999185270959 0.180574380995607
0.356253846411918 0.537020277810898 -0.85392211890206 -0.233953259792029
-0.100267360007262 0.306151237137704 -0.525397093647446 -0.113133309598421
0.335890870544093 0.513469825655522 -0.438247396740783 -0.508857215871816
0.420374272098428 0.326492968454008 -0.591753017376245 -0.339148147439514
0.00760455058773225 0.262800559391167 -0.58605976977552 -0.397675555738052
0.2114682255526 0.45417474950116 -0.444241160309988 -0.132909932484627
0.0744028133223693 0.304518764741415 -0.378207887452875 -0.199103727122787
-0.0798559311577344 0.239785428516173 -0.17643251692457 -0.339170959641162
-0.0460139035105374 0.114056880362585 0.047311264420519 -0.29220568305004
-0.288345370295477 0.109639025455688 0.0447474363310248 -0.218466411819782
-0.72587768588501 0.196951758580922 0.639864750943606 0.387343800117818
-1.1663832188859 -0.300277018421969 0.968253661538583 0.932648276134507
-0.704509302467295 -0.836874316072187 1.22961838899476 0.898306796127856
-1.2306441547267 -1.29476942866045 1.56546924030663 1.11923280740433
-0.962303878317505 -1.21015067382455 1.6962716711512 1.4065710172959
-0.951675918493785 -1.41360903705796 1.37670959349627 1.62794739536767
-0.21636730297153 -1.44750327470486 1.24110124916216 1.12580680176238
0.744131325537607 -1.45569090106825 0.379604002272921 1.01610728156547
0.966735398382067 -1.3019104125428 -0.321402369264451 0.455522703081929
2.34926392888307 -0.548863294121224 -0.936647194437851 -0.491653395627901
2.07301598132551 0.3029384416349 -1.21122093263174 -1.09769402533706
1.51014223746825 0.913179223610941 -1.08652213080119 -1.34109472127191
0.754989281414084 1.54246250781042 -1.29440942816342 -1.8104453411545
0.157932521597046 1.58042681434147 -1.06563862746389 -0.826336866514115
0.0210378029951456 1.28306112439074 -0.805322502582025 -0.990529127157539
-0.705868862993169 0.924036307360083 -0.642458936615676 -0.397287315459546
-0.370690309389701 0.649273653071352 -0.339105260297736 -0.308482022676183
-0.375158728909669 0.360325245049932 -0.378988628970207 -0.0643616733124474
-0.430379863837239 0.105353625560933 0.199444927712093 0.446246489727617
-0.255557502307594 -0.465727731212934 0.709294992217469 0.426564441124032
-0.838231754352486 -0.619870648755709 0.884775170828829 0.712504304176054
-0.971457964960634 -0.51378559011087 1.00465370344234 0.989615242481252
-0.270863241132918 -0.913292647753245 0.810022190270513 0.859895691721142
-0.148135681234906 -0.873297175003291 0.991280440954488 0.808102749299278
0.222161582861844 -1.11965101130899 0.445091381397857 0.817415041099569
0.799482445799057 -0.756207034193728 -0.175041664163676 0.534714848446012
1.11441476896836 -0.639551911146844 -0.624389279151157 -0.0922938188981939
1.31568717482763 -0.289636220497929 -0.694033899949697 -0.0822181562525566
1.38287247119927 0.448504553749183 -0.840220074394148 -0.99329751302954
0.754906382462234 0.908667760088946 -0.946944774232217 -1.26861819303005
0.245492889675264 1.17881129556211 -1.05255373937494 -1.04559024947883
0.124845544478309 1.13484406124628 -0.885153271537738 -0.862240859092459
-0.103888229436779 0.975801437586799 -0.519950553954345 -0.515188699858502
-0.157608348964675 0.654206650472272 -0.355661664325686 -0.435872782146642
-0.621280318200063 0.271208660553379 -0.254886837850001 -0.185065064584688
-0.471415696638543 0.227306501536603 0.103185029761053 -0.155058525407763
-0.547627210837391 -0.162061375512531 0.91285740883322 0.470029440150955
-0.958341754074293 -0.638941274521187 0.867344255264075 0.479047753057538
-0.741312749391474 -0.815438929874739 1.36282906942551 1.26904679208717
-0.732852905928611 -0.918364126105606 1.11982113174931 1.28167654840852
-0.367748813490328 -1.11318461979281 1.11846930991513 0.94904060628146
0.0666717783662362 -1.02958709331812 0.537928818433921 0.701430039281267
0.988548624009916 -0.893588421733551 -0.0779424378578758 0.374147372723858
1.36713792314087 -0.518776943099897 -0.437761536188517 -0.462161267826959
1.77588082406239 -0.0209443354290296 -0.800498238311987 -1.05055241174163
1.44062252005388 0.709266426815418 -1.07228876822341 -1.34913979433361
0.869351588989682 0.846871439432311 -0.922237147303565 -1.25712079174594
0.52893165579914 1.35145755283883 -1.08142537929844 -1.14518121252354
-0.312522698421254 1.34005063377522 -0.826065698096831 -1.06126082817328
-0.220607137622818 1.19643938997479 -0.26552646129379 -0.352193696444602
-0.556322492110967 0.852669647323761 -0.300463362551888 -0.390473735482619
-0.931850817641169 0.308333610814823 0.266606897629912 0.238616299774521
-0.605829089940653 -0.0649119751015699 1.00152625098783 0.521383331690077
-1.23235586021194 -0.558515942411824 1.68957768456771 0.821898081143394
-1.25702488391336 -0.808785963070404 2.10828388608195 1.37550343535733
-1.75853831308682 -1.25270797083533 2.38467374885105 1.61684831217595
-1.66981508314311 -1.52057344629664 2.2220168507616 1.9278366388183
-1.64448561962475 -2.09932510563564 2.05302650216755 1.97795626473753
-1.03202233786463 -2.05920945622131 1.59799464556062 1.90980383460882
-0.195174275891012 -2.19398915192972 1.0311926528934 1.6624054303595
1.38772789215553 -2.090568335156 -0.0321445865874083 0.922057618926558
3.26888749850683 -1.34182472080592 -0.94954073197623 -0.481816883195044
3.37558908878768 -0.200250046418009 -1.11381163057719 -1.29422700177099
2.10354349489934 0.827967476758774 -1.18422003821554 -1.56716967684553
0.781163534656485 1.50455917302411 -1.33075252210577 -2.03849389600819
0.0639632772810435 1.79245021128282 -1.04203739181488 -1.64539944875669
-0.705338016231172 1.46647802505214 -1.5227167906417 -1.11408611171916
-0.89588767362573 1.17008269671062 -0.954788611005419 -0.364293430458945
-0.459812525994252 0.684152576021352 -0.567671842821666 0.299174180057312
-0.15747778743404 0.567270002104382 -0.705928616688164 0.146224678306873
0.110929273223643 0.259308300635807 -0.287290125458014 0.320594252595085
-0.37511137091088 0.231480843813061 -0.360994453853842 -0.291314400265004
0.484635368120729 0.262213477374773 0.330531467680752 -0.0365372003971668
0.116580934275487 0.149196950049931 -0.179255773683086 0.221307048341636
-0.0587199618893121 0.0767897258320517 -0.375896739159146 -0.0932808273489441
-0.324506847612967 -0.0930068752465331 0.156810733320593 -0.0707401660290184
-0.340581747621414 -0.0185141518325995 0.511005867442297 -0.0487198873474062
-0.940213722602254 -0.279748116101144 0.848613594028165 0.420944244868822
-1.08957402849104 -0.473845350206064 1.21782459426283 1.03071508948179
-0.738877307969571 -0.711007693999998 1.7015621860863 1.1298466875678
-0.801899776482552 -1.1025680056266 1.36503631339475 1.26502495653312
-0.886582222345701 -1.24043894515308 1.09242838863331 1.59868455429127
-0.476564732112321 -1.2847633199062 0.995167483046354 0.988633754124236
