-0.249264076771953 0.501147751321924 -0.372825392086603 -0.565861080927442
-0.301622817498922 0.658217610022962 -0.142859899306777 -0.352473258367183
-0.694634730890425 0.154408676884202 0.257407664076479 -0.143403712750257
-0.807311901199814 -0.0330514309382676 0.615521848209322 -0.005785526442836
-0.929678381953721 -0.371405714574712 1.26929488108064 0.649286132479475
-1.19764711062878 -0.749740197526159 1.56645555165031 0.886336174130025
-1.24255439916073 -1.10717608289021 2.07542228185113 1.32478917393645
-1.49125005455523 -1.43402496564791 1.97075089466503 1.61125776754285
-1.4839382837848 -1.83221706847144 2.41793594266275 2.04069091539956
-1.16316466986352 -1.81099434520633 1.7455672233881 2.29384506018377
-0.0694951871306034 -2.08337923510761 1.01934595381054 1.88169856109372
1.03057118854605 -1.89033608996345 0.0965467832239899 1.18893205078148
2.81064418213695 -1.38427314128841 -0.742736628258594 -0.083504429842597
3.07168668335732 -0.541671028621265 -1.16370150365193 -1.25820358208694
2.42330816219869 0.636186739048358 -1.15409354681481 -2.06719758868391
1.17197727809943 1.36081675505137 -1.18251864618893 -2.06533242415003
0.0907911600111752 1.8925764026882 -0.881426529908809 -2.03839804809815
-0.597825233369126 1.69422977743618 -1.17051657541276 -1.34288178642498
-0.341996631717823 1.32385757997649 -0.81767039000889 -0.461572042507966
-0.136815709206988 1.06489194190351 -1.05115538326646 -0.0944178694893484
0.109149260163623 0.456662320473125 -0.977825639942719 -0.149894438956372
0.404408150821735 0.753684662611278 -0.686173376153995 -0.245154614597928
0.399639445808788 0.550944922810995 -1.01564639132361 -0.307614225295089
0.550630026733436 0.744219290935496 -0.780016567842708 -0.14253721300404
0.308699675735837 0.784272625135234 -1.00024831956014 -0.788626151882927
0.668716838321544 0.799829800534254 -0.572030386913688 -0.467354883513922
0.25178042725388 0.639872261806011 -0.992402791665485 -0.727194975813417
0.186727213668091 0.694758832138744 -0.756758610854888 -0.620172128547993
-0.258514834729618 0.682636632471707 -0.646375325528546 -0.339678144661577
-0.294338199571221 0.622524779759652 -0.482534621245446 -0.0331036909482704
-0.356806151946758 0.120968267272144 -0.115888748151281 0.177756666927361
-0.526816516013341 0.0163945076832178 0.224712155769452 -0.00454631067032907
-0.692202377008642 -0.235948626007113 0.451039627814652 0.25783344523259
-0.799741228689877 -0.505890454663062 1.08917107606109 0.75883719832094
-0.897316211846259 -0.611362062751215 1.25256448881862 1.01713740453954
-0.696675723294216 -0.997091945139446 1.38348157497989 0.869529760894853
-0.508999533713951 -1.33512352348526 1.41522247311239 1.39650372516973
-0.231163640649489 -1.16732117368159 0.751809346258847 1.15689008186791
0.539567455514905 -1.2432549941192 0.060652594911832 0.719482318522319
0.959749263047806 -0.99350553820355 -0.329454529333014 0.0670608988027796
1.88869317223449 -0.342223969998328 -0.920011311977658 -0.369033941315386
1.64881739567185 0.481865886987907 -1.10978829554657 -1.16501019191959
1.55458154233275 0.864687589823607 -0.918092917778914 -1.60886177789138
0.574745909530053 1.33757891381156 -1.01465877868018 -1.08620055723472
-0.291851987613162 1.64430523280567 -0.876401410512563 -1.26427412624358
-0.0752122809361553 1.16667325845205 -1.12880410517908 -0.789043815002133
-0.391579972736876 0.638803298596076 -0.464694452745307 -0.426545492770226
-0.626930299112415 0.623377304197054 -0.0606117862194154 -0.0152990284723412
-0.604857047463228 0.307147509899088 0.458568390127871 0.345444751020781
-0.728976475950648 -0.0873533641638371 0.870486868361451 0.454281666097204
-1.11848181289786 -0.465567665436142 1.31377008139273 0.762233906647272
-1.33905059284143 -0.929310952549221 1.59243912962335 1.1550854024031
-1.15589441862505 -1.48451206511636 1.64747013560198 1.48406638870569
-1.13326453692817 -1.5051626358015 1.72194472916386 1.51210760538923
-0.822514429284371 -1.61515872877902 1.37884738712684 1.69942549879754
-0.147201784476383 -1.75968275498884 1.13602171793448 1.3712027927643
0.896415945669765 -1.71874782701223 0.089522257374043 1.10118925213302
2.03513626914811 -1.06478032983148 -0.854455444430582 -0.0448870449603329
2.62748656547363 -0.399291768526713 -1.0091118495437 -1.16931680281391
1.93905847404726 0.591585835405592 -1.01908870279311 -1.65066608744036
0.911857759772687 1.48147988348181 -1.22287906271018 -1.82614223756482
0.107118277413422 1.74700454249688 -0.949893937742314 -2.02217163127597
-0.150942012736426 1.81564538177337 -1.1811674950211 -1.31779818100084
-0.385261135711752 1.32469477979622 -1.17601432091989 -0.887400904314409
-0.601857320322095 1.22532146008029 -1.06896295875833 -0.351467518684515
-0.481090583179226 0.521923524914273 -0.599209295459254 0.204953330073667
0.188700703811702 0.374560638625331 -0.580340815244925 0.139818664627363
0.10618408584692 0.282518132583322 -0.353002875287857 0.20462474702638
-0.0526664801040551 -0.177109052312252 -0.00992945823087945 -0.303433343282975
0.0259961027670265 -0.0554480132623447 -0.0113269473999193 -0.0749275577339363
0.277244602726651 -0.064868436193421 -0.207962409607415 0.244428336957343
0.507476040808726 -0.00889420933905031 -0.20914428704546 -0.309198638550964
0.479929221593007 0.0614520184186612 -0.208850533714279 -0.327507910910308
0.282485339187182 0.194940497694222 -0.203599345372146 -0.022987032497008
0.25615666611015 0.215700196396286 -0.234679837099802 -0.295818083913435
0.00490280914412235 0.238432754707275 -0.366767806958179 -0.223385152313064
-0.282528768946139 0.247924748469032 -0.358118803675285 0.0785671433023534
-0.279422374610595 0.212557084509866 0.00431582050303603 -0.176794426531692
-0.501605908512857 0.00646250683788542 0.18756194246701 0.290737288483903
-0.662956537795369 -0.0714109424230318 0.784711627405392 0.476963028028883
-0.873949302675561 -0.283717495174936 1.25372058244121 0.478476216313851
-1.01056785871283 -0.789101089941062 1.24023373635456 1.0189540474672
-0.766825931505651 -0.966695789981898 1.45377584008524 1.14299449656038
-0.75667665075047 -1.24222825322884 1.23189641947773 1.02721892738937
-0.565301244854653 -0.988208434061751 1.28340991503045 0.805994528967529
-0.415299341342021 -1.31290683531067 0.498538979663287 0.925066858875209
0.636839160358022 -1.1673602621969 -0.0459221001514732 0.575449552174753
1.44225501211282 -0.811026524744419 -0.567670607781084 -0.45535711126813
1.81752551545669 -0.209875964815308 -0.929618392535054 -0.859662043527264
1.83988252976697 0.496059143016827 -1.00883627797194 -1.42586647822447
0.910552677970756 1.11193929803287 -0.937650432712322 -1.41338482596489
0.36792760541222 1.38246656636577 -1.08160205427448 -1.08819789463707
-0.0433797522576263 1.509248004793 -1.05371580042237 -1.21117970542228
-0.303786443801058 1.08574149849242 -0.8463618614378 -0.865805033029656
-0.522869651979353 1.07065408459109 -0.415197672842241 -0.320549274313249
-0.54494706638009 0.676469848313377 -0.221204631699134 0.179766082315361
-0.630417924626435 0.373537288639778 0.233571215904694 0.2329577259103
-0.942637539707658 -0.180656015425131 0.936174448163091 0.658098592526624
-1.52248652975295 -0.556983462207228 1.51057788530319 1.2421915251253
-1.60295019145983 -0.879810389865407 1.96974740905172 1.5629162867792
