-1.13339876827681 -0.512478659825127 1.1204354963112 0.890077698180506
-1.00402553750943 -0.569146417978994 1.34858402497475 1.12094486346793
-0.737790590975781 -0.908466971805938 0.925210072930144 1.09190217785787
-0.512756694343279 -1.06173794936689 0.797580471847917 0.810958259228746
0.327205164440847 -1.05028497820802 0.352633061164196 0.802520129656734
0.794907838111762 -0.798612326957935 -0.551760851176493 0.0951756968965551
2.11673092496813 -0.342990627172272 -0.655005531900199 -0.557890762920216
2.02245697079741 0.47101906749294 -1.36638255836057 -1.22047045494894
0.803772126422583 1.1109661359585 -0.971346466188352 -1.55573692766094
0.0706408133804272 1.20158798519479 -1.13101342521119 -1.51592110802568
0.14264089396063 1.43367861686279 -0.985888173269212 -1.46019441144631
-0.286504710449226 1.38856588831835 -1.02692183076667 -0.707853398746702
-0.737727396161303 1.10758182503588 -0.740958596146338 -0.572800291066153
-0.499459041435589 0.637911357298387 -0.181734377935475 -0.122038314558569
-0.586832688531506 0.405663942162381 0.211508462267216 0.123182606154053
-1.04930081859477 -0.256331502100649 0.76475414307014 0.627978868819639
-0.797750681607 -0.43004677690875 1.23131332991548 0.63828692746396
-1.05386088757562 -0.770207320336406 1.84688641325934 1.0839838536424
-1.39949175140461 -1.10003138164926 1.55063993044156 1.22364063751438
-1.26389886106231 -1.41039090113615 1.7350205249506 1.39129201791394
-0.902280179989906 -1.4548129649944 1.45587158318822 1.42999385957831
-0.123750721680337 -1.50124564753014 1.06340005830555 1.46118336063122
0.757971458310927 -1.30587304829952 -0.105099054942172 0.849769999382003
2.3072007967908 -1.08790128299862 -0.682122805659124 -0.312194278710019
2.30305486253244 -0.460660543569446 -1.44008989286647 -1.17544941759402
2.01715582513798 0.66197620751177 -1.26728575352353 -1.67577754607563
1.0537393041634 1.59947966253988 -1.19882516878211 -1.87378070517732
0.506746968275231 1.73141949007216 -1.07819329857645 -1.68295753760498
-0.336955664553433 1.61722299811076 -1.14168913799862 -1.18678495269493
-0.26806467027583 1.41268061742154 -0.856580304602781 -0.613962976839791
-0.601885825410466 0.837798329597409 -0.729323939957773 -0.289605504080412
-0.337774179123761 0.806677783874672 -0.463268124239635 0.0540099156491534
-0.195135076294055 0.453072189019194 -0.245034642151115 -0.0417679930244711
-0.106276155673159 0.103273751169669 -0.427618366364019 0.0178827793617909
-0.0266406422045817 0.052285939009944 -0.285764109877332 -0.0387004967263732
-0.206115717836063 0.0451740061322376 -0.0585479211623935 -0.130142937687453
-0.0178734314990798 0.133399999301644 0.0185770428826107 0.0141945238024445
0.069650507498354 -0.0217187350932181 -0.0504602959937746 -0.24188316025935
0.137097674943288 0.143968320758266 0.0349219646824685 0.124329789334872
0.232364380963784 0.339361642191015 -0.191437049423839 -0.495043406211564
-0.0229231500127035 0.34585880354304 -0.191911401478666 -0.209474350916071
-0.00950725247947614 0.310856785314936 -0.250107955466362 -0.234155525116362
-0.0453518868541305 0.368117635910034 -0.123608641040968 -0.35235042342615
-0.0691018006305384 0.440839906518799 -0.112326809184684 5.05371475324839e-05
-0.462288045042087 0.0509473625974323 0.143130327507076 -0.223893159687523
-0.581775330350013 -0.260974899389647 0.763991703291854 0.0766438805356628
-0.863674692727804 -0.137170007129778 0.873557313218155 0.369074203396419
-0.746340183891479 -0.64199445513086 0.909508765280672 0.717881847195342
-0.545399626351885 -0.817915952190047 1.33552379027607 0.932640138033126
-0.617102398098634 -0.92220343875579 1.36887698698053 1.32109965695266
-0.726138763652766 -1.01798188715854 0.984809530158082 0.9622175518147
-0.12103483148126 -1.13745007375482 0.571322952175609 0.889727070612426
0.528281907725255 -1.19689791580613 -0.230036649596854 0.596972345377024
1.3515341355607 -0.798099731274858 -0.94485715627288 -0.315416963603545
1.9668151249643 -0.0686657205146643 -0.820294723674705 -0.91285818715157
1.61049155296033 0.644636370897333 -1.20500012675608 -1.34336642951071
0.745002506747367 1.18040841969209 -1.02196248215039 -1.35346224697009
0.178574725914912 1.56846217924409 -1.35841604541507 -0.90670559172936
-0.0440742271586949 1.35635855874111 -1.12940876478876 -1.45681113888589
-0.0688125120601691 1.19787957139037 -0.769648162832341 -0.836502125972193
-0.148669369433352 1.08571521224849 -0.554927506867239 -0.567882230840671
-0.790407107595274 0.715282849288378 -0.426908394427232 -0.375121728665796
-0.716824298567829 0.454007288834445 0.107428723931983 -0.109345977329322
-0.908126281382405 -0.025304951119284 0.868806465370144 0.335042117621697
-1.23019123819602 -0.248208520115089 1.24759868143328 0.72245124429589
-1.30186934831965 -0.863039423972142 2.0656248576588 1.29522822680756
-1.60305586068914 -1.14403105020468 2.27098921320463 1.70636063201787
-1.21664275337227 -1.53779225494566 2.29184148283555 1.85324328770373
-1.23814763620797 -1.78926837778857 1.97659106658831 2.15289879671881
-0.687120578845708 -1.95555135478719 1.42212359537301 1.86439655218582
-0.0728347056986989 -1.95877925689943 1.08008674140026 1.76058919788043
1.59750982167341 -1.95105546151381 -0.153198844881907 0.903541181895107
3.35369510534503 -1.46745220824973 -0.984250133044387 -0.750544011535011
3.32180669292085 -0.0304640413808888 -1.36972505411019 -1.65857632096187
1.84171789917491 0.997315468250519 -1.36321007466166 -2.03561560883467
0.810814964624043 1.66061119313267 -1.2574811381226 -2.05805533772347
-0.133303552810587 1.91668402715108 -1.28510805737525 -1.90627898960256
-0.63449749871491 1.75608211546025 -1.10765954129951 -1.00229404517626
-0.587604247803677 1.51327423154612 -1.11694824676952 -0.675265912451909
-0.338813412232114 1.00387565589444 -0.863859649495459 -0.200629711373734
-0.128827103528923 0.663599596756145 -0.913312139202897 0.0193516387741316
0.273400133081594 0.655862754358618 -0.652571274464146 -0.298501014993946
0.160679542202379 0.410277369197378 -0.741207414339153 -0.481232428312966
0.403081978892618 0.428119084552607 -0.594904223505194 -0.352651335667832
0.324275101580678 0.560602592296289 -0.569538501192621 -0.388959063999422
0.373392138179271 0.654818471259679 -0.527275982898084 -0.292399452874408
0.243097506486077 0.379321205283717 -0.572208039466402 -0.296041921533703
0.158395830010791 0.392360726962654 -0.538360671562873 -0.265948341903781
0.0440302413878258 0.550379657425867 -0.233340358677054 -0.367002351219299
-0.0261193916220321 0.469681534998541 -0.311872648055706 -0.62545594691057
-0.451439440417079 0.331543613320944 0.0351719629445489 -0.0528844525095967
-0.758209515815547 0.252089982574516 0.425126603608593 0.369954286420683
-1.0650501877155 0.0314293954770707 0.668821901181925 0.466268141290269
-0.571771518047313 -0.551691452147043 1.25682186375716 0.684140883928929
-0.823882859927226 -0.638291824188953 1.23043438957315 1.18422331972048
-0.922564576425947 -0.977003405616442 1.33850170932017 1.16719425440523
-0.739658320540868 -1.21880207593788 1.37982666038821 1.42446513899008
-0.358037968652786 -1.27912716215075 0.840857640175918 1.3697122938648
0.372427762913684 -1.24071088406206 0.418858116647148 0.962262357360858
1.24038298277838 -1.12319955303736 -0.205771134319791 0.417700161966298
