3.45016013992732 -0.399188669837686 -0.793557529959133 -1.55728589773785
1.9812016678555 0.765759582170782 -1.06825928244725 -2.26828471619556
0.577839153897777 1.88640674585531 -1.36127475770294 -2.01360404379397
-0.0823072283066234 2.02177029448747 -1.35422807299067 -1.62215473677333
-0.668690365805016 1.96165836699256 -1.2860279003513 -1.1046342631737
-0.931232237698207 1.24923865247927 -1.07728705083892 -0.677907558163281
-0.386561129720044 1.1514214492174 -0.868254923367082 0.0279296648194758
-0.0816770250877902 0.51403168083168 -1.02314424905188 -0.0261485100356066
-0.179360758566694 0.357901088465841 -0.896228853653861 -0.237727250941471
0.205529944602181 0.250453116046161 -0.469949318396177 -0.300152521253785
0.531053416682327 0.242136021117912 -0.548256025608915 -0.658572491301697
0.114987082016096 0.195831807874823 -0.427245944060893 -0.169342449663117
-0.154339899246416 0.525604177276577 -0.409926531900963 -0.404989595444837
0.176876229068607 0.380878297547449 -0.245585120955639 -0.461568326574811
-0.0882086120161684 0.168353090814179 -0.28926418209645 -0.473161268334882
0.197345182088044 0.352933420184257 0.0486722726364948 -0.105410891547894
-0.255847974829233 0.208488705724167 0.217524198851565 -0.414548455958634
-0.410900885255199 0.443285852205817 0.274328631176837 -0.0722623158618875
-0.887780252622459 -0.0574360629880548 0.770255563773444 0.109972983472512
-1.02885448535464 -0.331780919978315 0.873875417449926 0.79154901801422
-0.988342319801583 -0.620035463903824 1.59369333999784 1.02383678787294
-1.14056394680949 -1.00495583472764 1.52162535327073 1.05613866763772
-1.08006339770196 -1.2015779125125 1.74728339333873 1.2929680649162
-0.850977039358564 -1.54234906923564 2.00139032792737 1.4794255904727
-0.520493141319337 -1.46501947895419 1.20839975583071 1.50008203502498
-0.145398722209085 -1.68589817341219 0.456680069319931 1.28318203871013
1.32384555667061 -1.31435430906272 -0.213036902689103 0.346213092364988
2.26124767252874 -0.577623555101423 -0.859153401723696 -0.102865412732378
1.99458565050795 0.446929784039405 -1.25149324891325 -1.07114755446304
1.1650588917502 1.00238292626634 -1.2153663273869 -1.26375036608629
0.760116181104816 1.26321274384084 -1.29661142654031 -1.48399939668749
-0.357875317316479 1.38327447686096 -0.912035889659063 -1.11111195934608
-0.301342194339042 1.39702015406276 -0.911737418215189 -0.693744936012667
-0.344707477960911 1.09065459510568 -0.731604306830134 -0.387548385655677
-0.314641451317974 0.609098214894913 -0.415328080748016 -0.24904696895141
-0.53281641685175 0.326925267464344 -0.144327538833037 0.00832619441041864
-0.265710483839075 -0.151218305709056 0.450759513635036 0.504521452011048
-0.750091957791231 -0.252478927925194 0.790401858375177 0.459537238745121
-0.382183760187995 -0.398933782938091 0.62179630502915 0.560710891885508
-0.651068222897037 -0.649573018104487 0.75989463421408 0.821471814996889
-0.758433180448933 -0.899348192119978 0.962226234611995 0.87645670611767
0.0346221648391606 -0.783438187000726 0.735650749565759 0.826120830359417
0.240079972748892 -1.06786930493996 0.209788321199649 0.718544587833767
0.622330673471229 -0.507342686615583 -0.265609110273521 0.424694133362754
1.05930029485608 -0.343203654152526 -0.417366944003855 -0.052388382205712
1.54080426470206 -0.0300824964277855 -0.680496985392988 -0.446165837562491
1.27460682375798 0.276766395066265 -1.03753541400263 -0.829867122217681
0.6640189290479 0.857668756692137 -0.922977557970588 -1.29483751272198
0.264888720895884 1.23702442610374 -1.08925959726368 -1.21796764004329
0.0700563280928506 1.21740090352492 -0.942867632616195 -0.977171231881184
-0.473442888268661 0.733734681737491 -0.665963898432365 -0.589866621990473
-0.305022018219215 0.718454465322331 -0.405442493490278 -0.38001744515117
-0.53823148574588 0.380724409807553 -0.118984021853707 0.138199741697532
-0.0568141242539865 0.0669927301434726 0.413776597514913 0.343466797895755
-0.511746566401937 -0.341561160598485 0.757356433331714 0.334943836524787
-0.697786042802076 -0.504603700633011 1.13271047974804 0.669856907174752
-0.614088140006084 -0.754221701078183 1.14762809107065 0.940976835332584
-0.649428236220636 -1.04178572337463 1.20812053475617 1.21126810385501
-0.162438991086933 -1.18264993052134 1.03833166286419 1.09596794361984
-0.168828121959261 -1.0576189751892 0.660814666437303 0.692588441143283
0.573568173688057 -1.01038495925219 0.304917557153443 0.687244959624603
1.59274219240041 -0.544720221992359 -0.399140070446113 0.149940158790907
1.79391977634387 -0.200564195755095 -0.587808100046757 -0.659562894841184
1.05392581240475 0.550367685049592 -1.018185353526 -0.833833983500799
0.553671104093318 1.02950874954178 -1.048256514745 -1.51178460381965
0.318696020825437 1.23456954956352 -0.754242079546161 -0.961199763921379
-0.161650690482962 1.34443319377423 -0.969748213514471 -0.877187646939222
-0.642116041740814 0.933377229001404 -0.607687611216866 -0.396642418315713
-0.292680264157057 0.819474355023543 -0.229888827509498 -0.0659048483847923
-0.746947993156601 0.0908041028542789 0.414163524286732 0.319255647006881
-1.1432087807889 -0.288933070306864 0.968778262005225 0.825948370456481
-1.2643930818585 -0.741613700437919 1.45210140182768 0.993128479688281
-1.35611302416607 -0.999877448283502 2.08422752658458 1.53495954386514
-1.63884645494906 -1.17547302539571 2.20429422425366 1.80788810316214
-1.63005364802753 -1.73779853734337 2.16878399979464 1.82348883594627
-1.13834432621232 -1.95715237128338 1.83896471606393 2.26481705850057
-1.14235379372939 -2.05159537186996 1.59533682989067 2.32481156687973
-0.306093804233058 -2.37223554102122 1.10912543589774 1.55815178744343
1.06251281721677 -1.96182399075013 -0.10018229667267 1.16082740897057
2.87502905165949 -1.22671003366505 -1.21611492100138 -0.394037108080805
3.26827724650768 -0.315168226046867 -1.35890422970987 -1.47836300510992
1.86572228045963 0.658486278538829 -1.17065175671736 -1.76215690324375
1.06472950482716 1.6129820779953 -1.25232679838782 -1.86466659821254
-0.343999132213302 1.76287822714678 -1.38873217270899 -1.96536452737345
-0.440585218787816 1.97173881726513 -1.03282889026426 -1.04751610853056
-0.484445694401117 1.08157460230091 -0.889183263435823 -0.672283057507729
-0.431076295420983 0.748399858669599 -0.732814177600385 -0.0658834547596435
-0.205046616364627 0.68613405004844 -0.633830646298813 0.323778923569226
-0.133605284769065 0.282103769366034 -0.488108414291934 -0.0854720899539583
0.10199267725801 0.0946033543985357 -0.513576091275853 -0.104593593875177
-0.192357139634796 0.147930347494282 -0.156841739803464 0.0903192506146036
0.423396249758339 -0.121141431901163 -0.216376240583225 -0.0484682514539368
-0.0768390538083179 0.0780161800877937 0.420600380184092 -0.321862487059105
-0.308808567875648 0.0378959541374558 0.350865954862632 -0.239908507754539
-0.231817521073911 -0.0531205332050335 0.687644516598183 0.137413647867818
-0.947710457276229 -0.616412167603195 0.878783679136163 0.33107239894684
-1.04396941937668 -0.379995564181793 1.05655002008821 0.698274593980712
-0.595939244114615 -0.713565652801224 1.41470600841415 1.11719506699911
-0.892233142578379 -1.15518333186614 1.46710381166735 1.4415514857411
-0.549206657733802 -1.06007709047771 1.36118409488678 0.946926230776758
