0.902770986785139 -1.03513772072676 -0.451072877374459
0.460794233685794 0.136314423544863 -1.40074538861986
-1.22141576153805 1.12332951580617 -1.29704366819266
-1.22007532102922 0.53656885440132 0.0989409561707278
-1.14580155129248 -1.17100233177556 1.41963084651531
0.167036008030004 -1.79436589197273 0.46064546122189
1.04797948430659 -1.41205340094122 -0.891208969422028
0.344172724202355 0.604591918903093 -1.61569380644187
-1.26652856217005 1.2646984835904 -1.44857991470307
-1.65401384812182 0.358498739915633 0.287789999602917
-0.748635357532079 -1.29135381514236 1.16294310566334
0.446238251778218 -1.6902302517626 0.0105379940635992
0.993670992356691 -0.550513227010633 -1.32527906593869
-0.278140184664039 0.789734953566263 -1.76342505344798
-1.328586853056 0.963445165287346 -0.474514264558944
-1.27615089829527 -0.313453559166487 1.045601620152
-0.405994998338279 -1.01150146259842 1.14513232945713
1.11291601532146 -1.20932434991883 -0.322827635658131
0.797203267183562 -0.198747433870527 -1.11958430463555
-0.587690892671606 0.99227868498515 -0.826150822676855
-1.53730675170494 0.456625690991222 0.335321914463069
-0.789198964208068 -0.853451394719366 1.04483127882875
0.705718419694714 -1.23120664061898 -0.0906638805379098
1.34919523999758 -0.653204153447627 -0.774382745801477
-0.326715647812099 0.740879489282924 -1.4404541472138
-1.11297641322463 0.875157650799761 0.225258727674083
-0.99433239476446 -0.212150047682604 1.55133683310919
0.278224391176033 -1.49523330452839 0.538461194914526
1.8332745211107 -0.945484390548599 -0.667957297927909
0.455491349756527 0.874662592753356 -1.3161723319156
-1.08530112450297 1.4797059803811 -0.170899780869987
-1.29882779646024 -0.0635441770678331 1.39327501980005
0.0281538562966854 -1.01336185077721 1.19278791556743
1.45760354647819 -0.86123245447099 -0.408586051556542
0.899900114052038 0.716825740468086 -1.31889628482058
-0.93068757889843 1.77639466795318 -0.756357138434252
-1.16209469830975 0.633382897339017 1.19658172566207
-0.0809537475633215 -0.914908279937621 1.50751478200394
1.57908917043879 -0.82487525163479 -0.313105896664582
1.07754319271636 0.844729731322746 -1.53333429677889
-0.876859784060984 1.65906452633219 -0.446614920056226
-1.62355923186711 0.107492050534404 1.23529085917212
-0.186525981958368 -1.29799204051142 1.76438055783363
1.78689140145533 -1.13036041021455 -0.246295642482456
0.874732993921584 0.59773183075128 -1.22830336135691
-0.767338891899999 1.78725070598548 -0.450661980308655
-1.14262501429577 0.515995045043778 0.966467919838131
-0.45605815023681 -1.06692416930125 1.63068219140337
1.55593713854737 -1.14936553778165 -0.191662969507252
1.27717876016974 -0.0455311013707143 -1.20867962119897
-0.693165753192189 1.47126901707626 -0.79063528855304
-1.14887781286852 0.935727038851781 0.76908058628518
-0.420032398565157 -0.942812416078561 1.70488445243552
1.11141229487525 -1.16896332221441 0.517618519479695
1.50252975055701 -0.266258748419354 -0.842152186798633
-0.141950546064387 1.84442134377206 -1.18606386480042
-1.33584569966693 1.32976262929649 0.131241959964611
-1.09551868069016 -0.457586522946111 1.679850205691
0.964984260258643 -1.37655978794481 0.566209558810301
1.50042512320326 -0.500520504438933 -0.714402891190366
-0.0322825249879686 1.61457424499594 -0.923940843148228
-0.994908205159985 1.21469384939022 0.283326915591532
-0.877644849887505 -0.419120974282887 1.46836711344203
1.06065595029965 -0.941392930347041 0.869678428649411
1.74282165186569 -0.268383497452128 -0.668314580853235
0.108585012319512 1.20566827741881 -1.4325888106536
-1.10867286114974 1.24367991431719 0.00193606186711912
-1.0154769687142 -0.508042265832583 1.50788162297917
0.944545121323378 -1.23026440736648 1.03727630711214
1.55629896289624 -0.68611665167455 -0.515658836837762
0.215155141336984 1.34623129423233 -1.28539706195089
-1.12057886451062 1.80700132060911 0.322540676166769
-0.373004153893699 -0.0671495751345938 1.45801608377312
0.693635010026274 -1.00753280198855 0.734127164202158
1.6615405475301 -0.553487160522697 -0.885535220767552
0.314382466809808 1.23229156189119 -0.91627374114254
-0.94477020489001 1.24058427681451 -0.0580377154424653
-0.428607346425668 -0.579677049300132 1.50944202535558
0.411342448144317 -0.925780177005892 0.497786787403277
1.27538459758034 -0.24570910828185 -0.631076170974472
-0.1735468483558 0.908381708958939 -1.0404387019992
-0.980781255272879 0.970439593750973 0.246412667421996
-0.74985901822716 -0.312638130784474 1.04776664019018
0.214233728115553 -1.25068903456247 0.825975472476798
1.50203232897064 -0.727274048900855 -0.691263441538664
0.223313015147825 0.959350930705718 -0.983046366744778
-0.652965689890298 1.35305201563554 -0.235686443281032
-0.878347680503823 -0.1491174806545 1.354433838438
0.253268886389808 -0.926288341960638 0.829504838462203
1.22356620526761 -0.567729923110004 -0.722673960008649
0.29653040383308 0.821745070343178 -1.43739466847618
-1.0476300022067 1.09214213661291 -0.219085105632467
-0.853555582912778 -0.264310815278969 0.913491170315697
-0.0203610259405208 -0.951281017932803 0.642982140763904
1.29555280326098 -0.312330585133156 -0.413248107708665
0.38564279427327 0.550784032585466 -1.00221964206255
-0.627995993217727 1.16115892699668 0.0327642386405762
-0.5742234885845 0.0937298895309412 1.28798245029305
0.628087009646561 -0.534935321855385 0.998323024025337
1.27735828286252 -0.653587162820497 -0.358026413686109
