0.0772534254245149 -1.18249652911155
1.1460437279165 -0.944880731873515
1.92116882932074 -0.0447856729479252
1.05799805222962 1.35290640149367
-0.302630933730037 1.62306008027687
-0.962037004351258 0.781492475199946
-1.14620218196033 0.0787427611176498
-1.03844705034115 -0.445766309178845
-0.792679404315117 -1.07628085534977
-0.40928423170213 -1.11188658783267
0.856314932754503 -1.00179000367555
1.67363669990746 -0.568609488159376
1.61827161237036 0.852104103301732
0.0973709048315758 1.71790690092641
-0.607329021024949 1.06171282266726
-0.950525231522808 0.500854570660284
-0.903877756953495 -0.24066183152923
-0.860162551719446 -0.795424233259349
-0.445415281062011 -1.19958312103388
0.178118898030874 -1.15337848089944
1.0347454090382 -0.707728359403208
1.73640605332047 0.177257921490419
0.704396709818442 1.43635723015917
-0.497704829287206 1.65317786811879
-0.909412560139414 0.687568702253031
-0.92636326099429 0.0847135153856182
-0.904824856446517 -0.612211312672178
-0.648766676095965 -0.907185452790664
-0.0533450498758318 -0.997060179162469
0.87364895531207 -0.916841709750021
1.67878452701326 -0.458321990423689
1.24606880317199 1.10125681083951
-0.130246921015358 1.51768621039221
-0.778948337258665 1.0585654748744
-1.01042199900171 0.247210882946616
-1.09415024622845 -0.29376810801314
-0.758048309152731 -0.85740527142658
-0.367770514334432 -1.2452827847587
0.529630395050201 -1.07582402170196
1.58452767251614 -0.605883550444127
1.57175972484143 0.690768449464809
0.062215039373234 1.67403111961623
-0.586050759832724 1.24026835240086
-0.971816399849241 0.375476654322236
-1.09220834722108 -0.22125471131827
-1.03738981486045 -0.621190694174827
-0.49334254519854 -1.36936562689997
0.341350638185825 -1.15885817332086
1.15865249224354 -0.958849391368418
1.89754515604677 0.255817237674047
0.829570274403929 1.3891098434148
-0.508789513530919 1.59138411186686
-0.862711018892866 0.772889476243603
-0.886644616376713 -0.0552469146757534
-0.976173603833396 -0.759649793537071
-0.625635805547956 -1.06025195948651
-0.031943942213054 -1.23807486853748
0.952003985835728 -1.13802973254825
1.96288471741294 -0.180934231501278
1.07715555249194 1.21250302375398
-0.39997198087355 1.71566491240914
-0.948671240253564 0.840625706892529
-1.06162942873487 -0.0032199356951932
-0.961358354631703 -0.366976354962505
-0.715203032169386 -0.858416318007748
-0.180691005975579 -1.27095594789452
0.629096470460858 -1.08051119547565
1.72388644165458 -0.584858058095434
1.46547137151862 0.782727711629884
-0.0302957302020529 1.66970335332979
-0.934172641396501 1.22564673400741
-1.12375946903395 0.461275057682236
-1.05993706519022 -0.373076326293947
-0.903116275478231 -0.843943893363116
-0.534259197889089 -0.925379377513251
0.132327124484766 -1.08963007215159
1.37574387826612 -1.02379631689988
1.97730834059445 0.150812747012965
0.699580622185213 1.52472045053559
-0.575048591953016 1.69579066285246
-1.02291504733096 0.675141462944401
-1.01988828032711 -0.156071823184958
-0.949403072984909 -0.766528882270543
-0.578514883545674 -0.952876146055322
0.043041249382454 -1.02325508231112
0.9237552921441 -0.861884326624542
1.83729615148283 -0.234760239475961
1.00685339899719 1.19954905966175
-0.242398273503338 1.74973730379273
-0.829307078372309 1.05541811778873
-1.00992786847509 -0.112570142203871
-1.09120488463149 -0.588071006219287
-0.721285503747545 -0.920712037558688
-0.243071639363489 -1.12959606009652
0.707767999008382 -1.02076497376143
1.58116005652132 -0.662634573165462
1.50060792908086 0.892510401751873
0.0143351860936081 1.700806256337
-0.783235161618766 1.3324698888137
-0.995188417184968 0.247828943743827
