1.03747789227864 -0.753629772416687 -0.520408439914476
0.595968196038303 0.351563313686801 -1.07875653710306
-0.480218836889992 1.31933404021639 -0.29398502440002
-0.887877694314232 0.195294775076482 1.04468384079073
-0.262969225250104 -0.999251912574911 1.30649525194885
1.15919761100557 -1.42197502694105 -0.159170205551227
1.2358128952661 0.0494003333398486 -1.00035102284125
-0.275778296923502 1.51823358473315 -1.04318719625056
-1.13935684024671 1.12740717367997 0.103450333053621
-0.979111079242729 -0.814422596761509 1.5284184513566
0.0938143832416542 -1.3984653882607 1.10512284670177
1.83860771812815 -0.988144770018213 -0.527220849754869
0.881042882934464 0.528358686095079 -1.43228623374671
-0.924914760735466 1.62216263827384 -0.702045369881159
-1.46599998541386 0.536244916524826 0.630229472784129
-1.05786334467021 -1.10526638665151 1.74375244353564
0.850239190910657 -1.29302950082488 0.342741997708883
1.30897645839911 -0.992934648052687 -1.10320103844244
0.616352814819231 0.750604457288866 -1.63932789240273
-1.11629467387967 1.70222446691286 -0.473650899980785
-1.47163275599977 -0.0163227301663593 0.762355165870088
-0.466794393365608 -1.07586807185547 1.36586634789884
0.504302439969017 -1.88854251786703 0.0509500726801182
1.19219671949918 -0.578067797272489 -1.03676997345005
0.211886012925509 0.545612496730589 -1.5681863075946
-1.08234499954964 1.13862215993021 -0.786186929707803
-1.72378704776991 0.540514901603549 0.412157514014241
-1.0779769100482 -0.872599800783472 1.50471014588183
0.540110561449368 -1.69012645782571 0.706543219348435
1.41605271969612 -1.10569577170787 -0.920704959349154
0.797196540373176 0.159262595548251 -1.71704963776889
-0.868725971209095 1.18157401567208 -0.880719073313643
-1.3778611648818 0.582564050811438 0.231075364649999
-0.874529748049009 -0.866018560889599 1.27022467412837
0.644010994052712 -1.40770626731388 0.818628780435599
1.1884224355183 -0.703950598632242 -0.834873198097529
0.493395795614048 0.697059606233624 -1.39946575482944
-0.924151424197535 1.36336427836387 -0.487621812713012
-1.36232944115923 0.573308557540572 0.968094589974291
-0.277481371796009 -0.994849218851497 1.1861527723523
1.01500432545419 -1.05974101306345 0.354474385506868
1.18205228649505 -0.537730571923455 -0.926920936306472
-0.145088439589044 0.951444966428869 -1.20275934581249
-0.825043043749016 0.918446549052819 -0.308138613693089
-1.40588836511521 -0.216597150529719 0.758890646699419
-0.173771015252527 -0.902959919544401 0.831275594372114
1.20692704742141 -1.04006592729565 0.130499873387543
0.636357883111068 -0.353486180741571 -1.15943825445992
-0.0694222844490864 1.04056506039322 -0.925172974508252
-1.03989978756056 0.946134942095309 -0.391452907076024
-0.922158989706095 -0.307843233254166 0.839251194249113
-0.187081580073195 -1.20339638404509 1.11356301409245
1.07450482300528 -1.01370029947892 -0.30832215808204
0.84980294402804 -0.110937293926998 -1.25230492053402
-0.306725204093377 1.33830097903215 -1.06075227094751
-1.37191099232885 1.07351520677199 -0.188174762085457
-1.07313634459509 -0.393325633151858 1.32744879486725
-0.00632436346457162 -1.40745635696931 0.770351656060661
1.30120332765196 -0.721222950007503 -0.407983076474993
0.614274245471866 0.270898580090379 -1.25046014518923
-0.672221455164316 1.53742099213113 -0.880466929172808
-1.48180051597734 0.55755967143517 0.777359872336266
-1.04514419485474 -0.808802354160048 1.1164720362576
0.504233800594953 -1.49618783927983 0.583275922481536
1.62905424987064 -0.643512378995283 -0.946928128322908
0.642719260464404 0.623213989926332 -1.54027596336848
-0.683035202368598 1.345394581002 -1.05648556552477
-1.20928179711803 0.673781751322676 0.541401943040143
-0.5839298521153 -0.562162958533728 1.33876735533174
0.615251016908885 -1.29318569117474 0.601786962882582
1.74100614783108 -0.304807261141937 -1.15251578618223
0.284918019698035 0.888265679128969 -1.28543068296123
-0.859051662484093 1.096459884272 0.00883679514662871
-1.03500206798741 0.0565434607468843 1.00236499549102
-0.279428717001391 -0.963666499240666 1.160297586122
1.43366353236873 -0.867226633386658 -0.170825914874708
1.024184726616 0.248916206636553 -0.733036205283329
-0.314670899743204 1.34657470623668 -0.819488759448895
-1.09434777544729 0.809670367878282 0.670697155817845
-0.709068165393024 -0.585441741188381 1.69796330795099
1.00642431601186 -1.28398644056822 0.202259336218884
1.50074876714786 -0.112594814613847 -0.657681411008554
0.362319320970473 1.37968897196539 -0.723823057885249
-1.10433312220272 1.13809059272068 0.238571591234319
-0.652133498185179 -0.211462854192615 1.8319947287056
0.570630772083451 -0.842623495422445 0.960002719860606
1.90659056776684 -0.29029857978043 -0.467150124833211
0.77023255074564 0.76200264333226 -1.04280412241425
-0.85345351026144 1.34926158776226 -0.346820994249205
-0.959526177509147 0.0433040774962628 1.54446443936786
0.279695469302382 -1.17010129734913 1.40172000945748
1.4473381638384 -0.811034530167181 -0.434403646851912
1.0295028536428 0.727956150304397 -1.28353937363481
-0.797598201866043 1.54213320158062 -0.121846064620966
-0.9524063091647 0.66472819440822 1.42529879098397
0.168073580904052 -0.937497804821511 1.61321692871088
1.80748770645946 -0.878652475229214 -0.139507232306803
1.37919121674742 1.411578559759 -0.853630962664107
-0.724895240360626 2.1637994104363 -0.205986784986226
-0.95267844395805 0.910214346236622 1.92553551110985
