-1.08438783235996 -0.848500152756561 1.50697420430009 0.795855392838433
-0.746705066899212 -1.14890392100075 1.28947219956585 1.27591573075083
-0.434073961944011 -1.15352461805562 0.823040408067146 1.23040354831952
0.32250769568645 -1.49591681104476 0.135863848400192 0.772203816975213
1.22676037672554 -0.999345766100281 -0.641665260415825 0.159526960256017
2.0186503584088 -0.598098815128655 -0.959503948318739 -0.496106420565484
1.81938454235855 0.493810200629843 -1.13438072219926 -0.943108530687369
1.21295588639052 0.979484448439702 -1.33777279877218 -1.75286484706853
0.45679793721603 1.55765697363403 -1.407482376467 -1.70150156704659
-0.253337502254741 1.71862246380258 -1.1660324204194 -1.47230693508488
-0.395485216606562 1.58850481717554 -1.18217300475662 -0.994017125928642
-0.540878342327162 1.13636937695274 -0.640596188915613 -0.459570511706303
-0.333313183189609 0.738932814051784 -0.759807289785265 -0.582093674912536
-0.46184254435613 0.508352689968415 -0.31845794907805 -0.0451812684411881
-0.443815628131899 0.264715700902751 0.00969609211477636 0.364537880455044
-0.452182016166103 0.0467732506735619 0.258069364897919 0.4021970774524
-0.96979654059836 -0.439067379436251 0.46066789977906 0.306675172438892
-0.674753853046658 -0.509697975071281 0.775560610529647 0.625042470438403
-0.562708686519042 -0.582376276935772 0.778560397624049 0.932058171855565
-0.140287077046277 -0.543885559366398 0.535582386150714 0.961678991017822
0.063028755762389 -0.826307778021587 0.332350396377507 0.704237448999202
0.399805868874944 -0.575318161593754 -0.418581900168332 0.239698909219753
0.736034444666856 -0.0393872297237121 -0.592229298508886 -0.0677038659090133
1.25385978920017 0.095746952719833 -0.955095740889567 -0.667175480595662
1.15873087627588 1.05159034217098 -0.919436626810798 -1.10270339011996
0.667630845193799 1.00208055005828 -1.25601219641597 -1.02799958081244
0.380830734886007 1.40446812962554 -1.11172991151868 -1.22765303779675
-0.21975907405304 1.40147453148127 -0.746936951688887 -0.72474666121363
-0.451493426842192 1.10964874478471 -0.842316770637386 -0.772793131394264
-0.267609484663323 0.570770069598223 -0.551539068313473 -0.00186114819366885
-0.188758745408809 0.539378598952993 -0.0536501249433026 -0.403809646659112
-0.325790648631819 0.367075859772685 0.381230417489169 -0.0400631861877289
-0.614906992552825 -0.153568756324787 0.666472769222124 0.460578801649172
-0.659019899131009 -0.393393860654125 0.904628583912427 0.502168337012133
-0.657451162434854 -0.624318401046877 1.06690794222561 0.698211418293188
-1.21181534799009 -0.773876152247746 0.944701066056928 0.86405025896006
-0.515250420427018 -0.814831674390702 0.796294741464789 0.882689362682945
0.072526038816778 -0.719148413532185 0.464207294372237 0.749706426462053
0.462664190154886 -0.734898478459001 0.0060297971693913 0.380096685579249
1.27609744411863 -0.491450495693365 -0.732050249688709 -0.12688784679863
1.86162546369777 0.0558560300067173 -0.826839920157823 -0.992905260085273
1.17876328026876 0.748335629575715 -1.11962704137393 -1.4344008443741
0.683022019173023 1.10364270504741 -1.41177698167893 -1.44093740604949
0.500159402199909 1.43974453300798 -1.0197948380218 -1.42501501503076
-0.28145669414903 1.45383516729587 -0.598649308186317 -1.03104345297703
-0.26413143819953 1.19830215747737 -0.571496881192718 -0.633583597236603
-0.418139126217546 0.91200396907155 -0.502514680947654 -0.431895053238667
-0.926819568047738 0.439169477832694 0.135741988970552 0.0517266773348307
-1.05977178413111 -0.125955622003501 0.742069742424589 0.809911436067637
-1.20862990517341 -0.424580336212532 1.36304162710992 0.213510103790799
-1.42449561955246 -0.988518679914996 1.65379757748061 0.862016463079443
-1.4960396193084 -1.03359646831834 1.86286604417783 1.34891469058152
-1.37215852060936 -1.3132831168632 1.83817979007921 1.66749569536975
-1.26180025354677 -1.46251758648533 2.07527271773871 1.71928958804545
-0.746491132973842 -1.66488692888401 1.64131395139978 1.7854281944224
-0.146167430644277 -1.68264833050291 1.0985627879734 1.76524330755935
1.43633848423996 -1.80573779174448 -0.126572061370771 0.810487657098998
2.61467856391177 -1.18946141579354 -0.960551007531361 -0.442752507129731
3.07057223130387 -0.155861765978119 -1.3048294306394 -1.55229191236926
1.87137589615449 0.935345454486663 -1.08926251457706 -2.19557122403588
0.46251745484247 1.68685952425399 -1.23886943581782 -2.05637035500211
0.108920616302443 2.04285669781258 -1.23449553299366 -1.86444827204386
-0.697183230103425 1.79288015283878 -1.39101296486313 -1.18529745648351
-0.659165826026757 1.47022718295381 -1.09658091705351 -0.522579567479413
-0.254554210019904 1.0356021351006 -1.01241470749613 -0.119288371249863
-0.376951082275991 0.874915367694529 -0.436610480193501 -0.0322786794206004
0.0555740576596669 0.415447098941559 -0.401294148876199 -0.0290347090021213
0.132726090116349 0.369444760393751 -0.0757737287729718 -0.336445181417395
0.215298735486909 0.442240171751407 -0.241353896916615 -0.0645306008915372
0.083076332511825 0.307905778822748 -0.263177022791074 -0.205558369067436
-0.219717940703539 0.298232734775008 0.0992735047237285 -0.266435428108417
-0.150672874039965 0.261408905754164 0.131969318127943 -0.0198298224598369
-0.460648082200811 0.0419928110464787 0.267536564782521 0.041244994092408
-0.715259102800971 -0.156272387681358 0.53448033186779 0.373789450642263
-0.870731152781562 -0.500650646552137 0.838030316832991 0.522430971147794
-0.866645271152048 -0.572024359804585 1.22069156915075 0.702202413447564
-0.862628511199878 -0.698646327894681 1.28603631041925 0.902751557157235
-0.63696576791634 -1.05913673032774 1.18479994685995 1.42034719508235
-0.170884274983134 -1.1738754731548 0.930756257790653 0.828434052432709
0.381917345453759 -0.99812692389157 0.371866129785984 0.461598175826422
0.630130922766992 -0.778401717759659 -0.336808706920966 0.235911199993422
1.87595595589051 -0.410328887003315 -0.541690149169722 -0.5783742991106
1.75283497576432 0.248253612410868 -1.01999184633927 -0.887076958371957
1.05299417019191 0.790387972842817 -0.946732375681691 -1.06189493171359
0.921697808650424 1.34915171682822 -1.14477149964596 -1.34506256796569
0.075266101312379 1.22092360746094 -1.18272556623166 -1.52173811165522
-0.194697467320621 1.38087547993813 -0.802154973282955 -1.10046955557074
-0.557509008169028 1.14371454524712 -0.87261712813795 -0.91296306286397
-0.771051585938772 0.710502242336417 -0.0829721282406533 0.0521740510167584
-0.702679172355534 0.223538837003938 0.389143561831734 0.00604868416910142
-0.958127149340867 -0.1283041973145 0.859118243628322 0.725369586423601
-0.644994038117102 -0.334321142579305 1.47083216099451 0.937327551194356
-1.24087720574435 -0.979538351786942 1.84780669323047 1.45487157582944
-1.45350986603234 -0.999136295737999 2.00231247618949 1.58341050466973
-1.24597449628549 -1.47455947457938 2.01905955947917 1.75233596352452
-1.2755087214696 -1.62424702112904 1.73352452589813 1.87072291424891
-0.365454188012657 -1.71344622630346 1.14941975004252 1.71006677017127
0.544612026431146 -1.43721472205311 0.143810956922757 0.932729518988468
1.98160406152384 -1.28358027183513 -0.573453529137493 0.204052986638582
2.54398619053418 -0.33437709873145 -0.872758622680282 -0.759156362175942
