-1.24749677507413 0.850764682317467 -0.0751260363147167
-1.07129925897173 -0.711624101356098 1.65818257753176
0.806937619551361 -1.72245971649626 1.08507305026828
1.46244002650299 -0.625902014348308 -1.12626192910789
0.221879457381917 1.4822615048478 -1.19018675266153
-1.22104970530249 1.58209951307547 -0.215509235368251
-1.17060407025299 -0.474066687951445 1.92540381630253
0.733527001752744 -1.34062539834336 0.595773252152408
1.72755936935361 -0.945533647853021 -0.49960794550567
0.189911347060247 1.50939235224298 -1.08994092112159
-1.27492106114108 1.18947566059034 0.286981176616432
-1.18350689318462 -0.738036495982289 1.64139863526064
0.600699494792645 -1.51027602120004 0.796139096886109
1.30453363488197 -0.493554896638392 -0.750267345646862
-0.0886580965213769 1.06414866175534 -1.1073594009564
-1.53862122023213 1.23874138219822 0.260906142391181
-1.10696053215054 -0.56314919136791 1.43912880609971
0.356948979118546 -1.27930552421284 0.23123978269974
1.53278464840843 -0.935647289850144 -0.972625919575763
0.160807561497501 1.00061707157749 -0.979940296217936
-1.25479087854372 1.1901970483871 -0.148237554161578
-1.02941946246342 -0.0680357844388372 1.42183282197737
0.799237216591266 -1.38377865104131 0.775310004028918
1.23745109270892 -0.475749173733123 -0.773860273195278
0.0297104823638404 0.478494762224723 -1.24773831355719
-0.904668458298153 1.31218916509043 -0.237531236007275
-1.40645981314401 -0.416513634329809 1.25620205567148
0.2223393282746 -1.70448423522982 0.82317471258705
1.17654055707154 -0.645458762210548 -1.05776283381823
0.0647343593157876 0.878843207254482 -1.22083628371643
-1.30858564517256 1.24265883213051 -0.612947400432767
-1.24818433550482 -0.440618013631989 0.774695209800866
0.393786209920736 -1.00482419960831 0.777986483293725
1.03984171204725 -0.964485869780565 -0.625530479950124
0.878967693802519 0.640324241489649 -1.52952424702346
-0.917842192548178 1.18667266348366 -0.538667564284524
-1.19292247178886 0.236139637601094 0.934521551735297
0.635375838570458 -1.11478789485579 0.888258425735754
1.31185340532992 -0.270383546917157 -0.797412588437257
0.589135563217505 0.628724996418447 -0.92224566821822
-0.566036048867863 0.984150486228117 0.0302054726019256
-0.64830358664418 -0.0972223768048225 1.37282321580802
0.605565963628326 -1.05421147882924 0.731230342817129
1.63674522020575 -0.52364951821087 -0.742694850794786
-0.160653842395879 0.993923908598588 -0.884919339413724
-1.19165491968774 0.797338767958608 0.060477726729904
-0.87077155960002 -0.64582381344449 1.18481365875521
0.969400140090846 -1.21300775365165 0.199525039887557
1.01418975936147 -0.181936789959005 -0.997092483797165
-0.101112551071843 1.20301409134189 -1.0837892013534
-0.860717689797512 0.73215740509872 0.458671036106431
-0.11598820750023 -0.549566628894692 1.4646137450473
1.49218175170836 -1.0942210818468 0.383166765340137
1.05732868610177 0.516233338489942 -0.914319583574689
-0.461397812565944 1.39620609436026 -0.510824718279534
-1.00139040491727 0.512707692325885 1.27325856942065
0.126904945305168 -1.23671364021629 1.54836446672789
1.67102200979527 -0.765874543627391 0.0603773908059263
0.797357277376363 0.88291188932906 -1.04467510968348
-0.655748640956903 1.65031047965949 -0.317796250099417
-0.910743770364823 0.0186969702811401 1.57283628519358
0.320281995690815 -1.42029413840606 0.78539248899275
1.61431055570453 -0.838411479394704 -0.938918529433805
0.26771501599819 0.742209038561731 -1.17856658983906
-1.2761997234472 1.47759947372545 -0.238822663855922
-1.19126428543112 -0.173868887480339 1.10520248574883
-0.0975795057553186 -1.15500905662206 0.99613736060675
1.20523411058483 -0.646779986170669 -0.980407347147506
0.471030400065496 0.688888532466063 -1.66643946827412
-1.4712163027691 1.27423529727751 -0.758543530295645
-1.30094576866154 -0.429968727531837 1.2847426224694
-0.0417730074767834 -1.56081223006483 0.963953913894821
1.78176417870975 -0.841808586847877 -0.527689828689725
0.588441601663015 0.926878083004244 -1.39910805343021
-0.890858656389166 1.31355736236926 -0.479361533323287
-1.25177021728572 -0.365574796609164 1.37890637253006
0.532178647856995 -1.2125379945664 1.05507155562481
1.58197213347607 -0.68146663653614 -0.99591406629815
0.234913215595325 1.24462373992733 -1.07738353458742
-0.682490734188246 1.03401536976627 -0.186597268812446
-1.0931856954748 -0.388636368063798 1.25153124315998
0.705537742197768 -1.11291388584062 0.870371767351353
1.78813165591801 -0.543274945279999 -1.10286229043912
0.263909815529978 1.37527142950492 -1.10948429188432
-0.777414974535753 1.21561245250496 0.281196407810412
-0.929533570407683 -0.419984640787722 1.71114904081949
0.911841991368544 -1.33342185445242 0.651577232720263
1.23015437205448 -0.0370264362656996 -0.681999715523543
-0.122742379901817 1.3568945051528 -1.28220607604027
-0.993143208662902 0.828233958187785 0.103095016284595
-0.817639296594336 -0.331359026246714 1.51415274584845
0.819437095118998 -1.40157482891575 0.467162863290606
1.21077012461101 -0.403474909573264 -1.10662888043371
-0.343328069768301 1.22145921437386 -1.46373089773667
-1.20797880335655 1.18573245086614 -0.00959557716584723
-1.05374440452582 -0.180527297389692 1.42950682809736
-0.0607326218248891 -1.24032131993687 0.538404740167256
1.04585221696338 -1.06923426987629 -1.00826799200659
0.241588150143542 0.499256091958922 -1.36217287338382
-1.34871224121833 1.19594717371741 -0.530193230821765
