1.91505591476757 0.411697689072911
0.406785274428212 1.70095648075268
-0.642316729838033 1.38356483741643
-0.954697121655791 0.802354020197338
-1.07278075600401 -0.124390384801901
-0.76667460517749 -0.883970428228346
-0.622915930929221 -0.998812716753618
-0.120474920954048 -1.15641916206996
0.95711030442106 -0.990853078487816
1.91518185805941 -0.339048241806675
1.39663573683393 1.14220524572879
-0.11330619143794 1.86680891207242
-0.904867061307892 1.05007915315809
-1.05621552287727 0.215968350493112
-0.894233302940196 -0.442142578083147
-0.731690418607677 -0.974818041305656
-0.406981196873609 -1.0385919487338
0.475657299796374 -1.20721416516276
1.35755677503697 -0.821761133764123
1.86651851699969 0.460236484082104
0.436551028769185 1.76827517402302
-0.659375214166395 1.31728686638992
-0.844778637384083 0.362968979946685
-0.925372839996671 -0.212728834416994
-1.00823039395825 -0.672330443874261
-0.770519288386593 -1.02150373398504
-0.105369568137635 -1.15215802757904
0.988059939599039 -1.14250676775062
1.9672802876933 -0.110492463011756
1.10526657572126 1.09630348331248
-0.282319195335543 1.67750440864923
-0.835880836200867 0.981900441886283
-1.0919814927685 0.0857401197804619
-1.0563121286833 -0.622963751000277
-0.595282527783492 -0.888831843534771
-0.264626605830369 -1.24332897042082
0.675079742160373 -1.03195713096316
1.74927541870626 -0.566696645894842
1.85369242105605 0.539676338158373
0.322359227351261 1.75435585399581
-0.770348958713159 1.377076488125
-1.02081766053543 0.53215508749371
-1.01433548439991 -0.307512898891236
-0.851065530810973 -0.757307296215432
-0.709618239557187 -1.0225236630286
0.0122745346949061 -1.18498915952531
1.01894538419098 -0.960886067089046
1.84673930842767 -0.0894844404496543
1.09813731111158 1.37456315009871
-0.234214180146008 1.70966418657051
-0.833204050647951 0.743952292602802
-0.882454184089752 0.0422927777182994
-0.948945405805445 -0.477295395579059
-0.83344218024859 -0.981113012735223
-0.222119942762386 -1.0753113335408
0.472803105112801 -1.12680258952665
1.741916901008 -0.698533141425976
1.88811291964807 0.557334530471904
0.331633715111769 1.81778002188659
-0.586211763639696 1.41408140558739
-0.954380803610427 0.48012018425766
-1.13370472510828 -0.210091361625478
-0.787745717423622 -0.741471139236731
-0.572415377152223 -1.19352086434165
0.0467160950813989 -1.18239028627735
1.0003460288715 -1.09464521521283
1.83688172751821 -0.167893177035697
0.921645429947254 1.46504406016342
-0.349593170289663 1.62572435797485
-0.90540260102721 0.744877987303328
-0.934153825880508 -0.0845810168925497
-0.971445209104763 -0.546963849996898
-0.638709065202903 -0.962787570462976
-0.137101141781851 -1.02364935157524
0.655230670308629 -0.99785123962523
1.58030702080421 -0.516264580582812
1.56242505785438 0.567395829026553
0.00830287600305277 1.59007978111873
-0.582600895923632 1.36914289728203
-1.00420568928557 0.323186129444341
-1.02481694040657 -0.407829682780665
-0.788739879184637 -0.853943698008919
-0.34578943689722 -1.08998545635362
0.296421339951125 -1.13717161511166
1.37410741624921 -0.604620887584874
1.85316130118149 0.198921608786544
0.483045256274886 1.55295259326143
-0.57961145654126 1.28781167888496
-0.985266277323494 0.560159329846725
-0.872328269727181 -0.0781331736835679
-0.716844662220776 -0.631728384977329
-0.494948760073833 -1.02781799062118
-0.0255590848090511 -1.06596529836368
0.944362091403564 -1.09246361038217
1.69423456104377 -0.218726795067836
1.15089929288 1.11008979416718
-0.330121678427366 1.71632935811391
-0.739350767284164 0.842184296568648
-0.87104767064104 0.0748062319013517
-0.826852492159798 -0.439833162335347
