0.337295828827669 -0.99258412127615 0.738927089187281
0.928903408968034 -0.913248743989479 -0.434634312678096
0.690604178131788 0.106564880113826 -1.31235269558658
-0.90131816635101 1.27183495187298 -0.932781241709839
-1.1731420879572 0.911901310755447 0.00816507335782555
-1.03559406312594 -0.605957024212768 1.17476019045737
-0.404599262313945 -1.13852594664213 0.892951539280543
0.868949857220256 -1.08654223150635 -0.458084678781202
0.931788067719589 -0.522482748330363 -1.36249251654783
-0.103571408605507 0.983764714963245 -1.29663385946564
-1.14175268948837 1.0241460804522 -0.309842123698272
-1.54166059608425 -0.112341478198863 0.951551735885104
-0.483656264706626 -1.46799046489575 1.38847393801182
0.835120907188329 -1.54522224914259 0.01613780287776
1.38866507292812 -0.742332721259365 -1.05981464828154
0.227742679722604 0.267946845622869 -1.5162385779006
-1.00749385767442 1.24475570326106 -1.01943631323128
-1.45023734184331 0.355489216765437 0.267163263095511
-1.09793124681331 -0.626281691006622 0.967383415549009
-0.204035336056804 -1.64095374875727 0.360179120771401
1.23279563201525 -1.13313421192498 -0.457156490448842
0.682362219235316 -0.161549347289135 -1.45905857583758
-0.369536372468251 1.23507769575559 -1.04914683881419
-1.47073340542811 1.10103333972426 -0.413924334961757
-1.35367480963699 -0.126926022835885 1.11237401752528
-0.878040601262477 -1.13195674619153 1.33438343865728
0.820629854667972 -1.30331430010272 0.202435731733304
1.3434254118649 -0.675280677577838 -0.939874496679744
0.37501805549053 0.418167407428613 -1.36765592207432
-1.06331215958349 1.32549103034835 -0.963124399239772
-1.45437926897656 0.789906414726205 0.0384019510912422
-1.02235692271717 -0.69289114419681 1.15899895764524
0.131242209336839 -1.4182906809816 0.775994790892408
1.14162174541265 -1.14273733911916 -0.55906163135209
0.627627928345777 -0.039731286046551 -0.802909351648398
-0.305921224841095 1.09271539179909 -0.963424824392753
-1.2427644582408 0.767297381652133 0.00236206327371449
-0.842770817618464 -0.08866193230474 1.00713089478757
0.23560710556612 -0.965061591263999 0.684436277148799
0.948950342226842 -0.784528973916607 -0.164794412092036
1.02514208146078 0.143731460999342 -0.839336236995393
-0.224001101551741 1.02563123619184 -0.781068588436148
-0.818623832046441 0.864498692032617 -0.0362667344415676
-0.833630664824617 -0.242945892887719 1.02902777818033
-0.0528665256253337 -0.796039149927663 0.941492890474598
0.998095519673432 -0.67490936747976 0.129500799944993
0.866609610187446 0.327693084031858 -0.952028287032263
-0.10993067967982 1.25474904373744 -1.0688692440237
-0.903945914907632 1.0063994324822 0.177018675505616
-0.965098858401145 -0.143574543903686 0.945095337214844
-0.122100909681168 -0.871398160787353 0.866700707530599
1.19529414728394 -0.84860596047123 0.0678205856236309
1.14114935031256 0.164203557280732 -1.05554025134796
-0.0589995828908373 1.26713879932406 -0.94595538718152
-1.09552491321327 0.992698512295229 0.548302931799311
-1.00169029772488 -0.191808214981236 1.35684920856161
0.254681126400105 -0.893689892884032 1.29330149607081
1.61334011465057 -0.46918801856574 -0.264568485535292
0.648345538926763 0.813620743244418 -1.03246992991698
-0.738163168122007 1.62159358461116 -0.0129433676915467
-0.989892240793501 0.368891924454689 1.50107469315382
0.036082248921771 -0.792786437269673 1.73571078132611
1.38794147287148 -0.959572225036799 0.292252833172232
1.48691595648171 -0.00891379162786452 -0.900997484102842
-0.060832208646032 1.88196757074918 -0.972361675260283
-1.26601260117169 1.35427081986272 0.227897576116514
-0.900795885396363 -0.367450574430079 1.93414489546687
0.657298755041261 -0.881297170528938 1.18817432019863
1.74677992900887 -0.696640183841432 -0.584386248257529
1.45158351476094 0.888214537755705 -1.11743640736319
-0.757474721237067 1.94921678635523 -1.10268373273081
-1.37067575808186 0.864190480894341 1.13155914132415
-0.819688713036877 -0.920483002985612 2.21749775147148
0.943216780512161 -1.44911939743977 0.749631164106313
1.98920965895857 -0.89417991470887 -0.703402309563144
0.527890643246886 1.26849894056269 -1.09697163172327
-1.06595095202446 1.80997834007013 -0.477485095976304
-1.15280492062716 0.519335029586018 0.992659404438421
-0.47437392704702 -1.2148985825203 1.48969461328272
0.879996601731756 -1.25183570285571 0.468911337741736
1.84546676928443 -0.79816099075947 -0.994202993249137
0.640068006909305 1.07701616795356 -1.75160837678
-0.955469661346538 1.54912549642995 -0.539103472271531
-1.38271053482298 0.706615089107716 0.310071642956003
-1.10485936441151 -0.72129220740337 1.66368409286193
0.39602660503751 -1.36562074697765 0.85074261807734
1.59618066757549 -0.877780395866168 -0.844961103859231
1.40239569312156 0.629011983199877 -1.57295102313184
-0.670601982996313 1.80923285619931 -1.13441422358821
-1.24953961461334 0.940202932741479 0.406857063812825
-0.836007657854992 -0.702876849506404 1.81579712069842
0.790400238590487 -1.3983196624027 1.08300086842345
1.50884503765513 -0.780759772034074 -0.5654693556549
0.576702796183214 0.786597436403389 -0.988981619875695
-0.43015914513608 1.51282635643338 -0.607611891717605
-1.0513276924031 0.825239542779335 1.38674601560561
-0.270552166192086 -1.02105142764165 1.51140804558965
1.36068414295216 -0.865215496412279 0.0682342527584939
1.22497848633242 -0.255919173855178 -0.862135215618091
0.343116559360693 1.29637752795076 -0.814419315969139
