-0.837637725188287 -0.260337186253027 1.09774570429043 0.793826921686235
-0.64816443488587 -0.447989611194774 1.16416201469115 0.852761829627245
-0.938631888441649 -0.775131728903701 1.16310870229787 0.793212417642988
-0.917332561516786 -1.06003353982583 1.06439752402045 1.25933877708221
-0.506359507612572 -1.29179572670102 0.787925508769204 1.16176027101223
0.547544723562539 -1.01320826074046 0.0656771897284017 0.689561300302461
1.09272318271436 -0.754929419778638 -0.483388254934002 0.0470495125903748
1.63012712226921 -0.449831623445037 -1.05784852746044 -0.426293455593122
1.89107660456669 0.476784607609714 -1.04125872026559 -1.27881146798464
1.24760806090982 1.10084772226899 -1.12678807736781 -1.30116107292901
0.57797329851894 1.36388003956197 -0.984437607381823 -1.35851520660391
-0.147915637689858 1.56181732097927 -1.23561213026215 -1.17575042621373
-0.464832321835 1.23103837100251 -0.907815922439344 -0.727092136686184
-0.148367716224524 0.879458501916972 -0.613000434428435 -0.43004436074161
-0.427962200140261 0.685245429882781 -0.0917657708938435 -0.140804561449754
-0.90769147593949 0.42486336147331 0.428447098441194 0.143911969307642
-1.12161471713988 -0.00629876987142145 0.877353132334919 0.667260559115822
-0.837190411369144 -0.584527856771403 1.1869731510373 0.63127987799649
-1.13482867378352 -0.690839159416171 1.39634081623605 0.75084704358392
-1.50368395859905 -1.05739914571992 1.70805514981801 1.52043349420561
-0.931925930646285 -1.38407854086803 1.72866305050279 1.48387017025874
-0.325363132071402 -1.34150068415995 1.68453807139254 1.44050424690133
-0.214053751309297 -1.3359304206079 0.762195300224699 1.16006586804282
0.45223433436446 -1.57275088441672 0.162972607098026 0.880948427545764
1.99876875960925 -1.09919584020887 -0.701000761297276 -0.189588861483009
2.73981444201563 -0.273338643713255 -1.04514927581023 -1.06966921019028
2.14356185189525 0.526973432229028 -0.890370129668635 -1.82604032486094
0.997381614615575 1.38340992344987 -1.23725264276901 -1.70419670274425
0.0873148784642842 1.77414494647908 -1.06247231190557 -1.80165145487031
-0.199922948253981 1.71691468587859 -1.0431036317685 -1.24453933890652
-0.460339085249408 1.30384552085881 -1.06696655444234 -0.730110457299881
-0.393989415019176 0.875643982535001 -0.854167428665751 -0.211648878443973
-0.277457658280112 0.421410268778484 -0.560843874937785 0.257476501280812
-0.0591180700309521 0.282278328551982 -0.358005381482788 -0.240407309237304
0.250440882147176 0.370741752384365 -0.40302970231862 -0.0889895997747509
0.383064102156234 -0.0702882178201084 -0.177536087496049 -0.0687121817101879
0.0255016616635938 0.0642317465418882 -0.0622187602046881 0.0725877031035699
0.375104361500181 -0.0270217358997087 -0.355036162015819 0.171912431807234
0.209715636767825 0.0472793706527559 -0.167669547277415 0.0100737658033271
0.40942414366777 -0.0584320000780069 -0.325239619900245 -0.242258491824522
0.299775208425524 0.306247095020392 -0.53089017458268 -0.428090611618402
0.143088254106079 0.33550886403055 -0.354832024432645 -0.205238493162914
0.390826015982239 0.524343935929572 -0.213842555492443 -0.147021618117992
-0.211467860723454 0.470169810402923 -0.30652514900658 -0.080195638976099
-0.377372591218512 0.336089028082291 0.0503448362401536 -0.117554704913108
-0.498501527804709 0.140821805330346 0.791417597837078 -0.0128892098468482
-0.682572173019669 -0.0457008278160951 0.560677957103279 0.233210182318582
-0.440567594740548 -0.409949057751114 0.878031257015275 0.625601902990107
-0.889910248388702 -0.632689116943286 1.25525886980544 0.951247488808347
-0.933137867187474 -0.69586463714777 1.1552283388534 0.996010570637494
-0.888852841265064 -1.04214393336681 1.01912495868702 1.02715742475241
-0.273541345145483 -0.694352040988358 0.927965438434853 0.872673070832926
-0.297217034021819 -0.920493372433275 0.636528363847255 0.814785924851602
0.828416153418298 -1.19433053512281 -0.0114861329822692 0.90435191322591
1.80336500184675 -0.641703715748883 -0.549944983700051 -0.194409093499301
1.99005699441675 -0.28233455173957 -1.12461691007478 -1.10321053689128
1.35305270819485 0.728690158798915 -1.31216295054359 -1.55370095932671
0.99482851361159 1.23436353707869 -1.40001412777426 -1.37162311875834
0.380133801183477 1.44004588606769 -0.989410449795883 -1.54935163241289
-0.0574932634269449 1.47673851022821 -0.835534638277116 -1.06833971550402
-0.283839607470294 1.47718117652671 -0.996013279119519 -0.711840337451295
0.0300942852190609 0.846154195794341 -0.70980048787963 -0.557496851461428
-0.250905066397398 0.593371457031398 -0.278757606445672 -0.246919658484957
-0.34924521079909 0.364398664916545 0.207868994108737 0.20136751503949
-1.00969109759093 0.0491366881714401 1.04548960423774 0.408385382024661
-1.15458019495122 -0.607519925271196 1.15396737038394 0.971275788187267
-1.21012745064031 -0.963555362201575 1.83571331574196 1.002686645554
-1.74638627782399 -1.40136003318627 2.2379926716086 1.64904794950192
-1.15251322024465 -1.73158640370174 2.38119687423161 1.86128781074384
-1.5533108386797 -1.77344460017179 2.07326678554349 2.05374329253071
-1.1775880011469 -1.85326749896522 1.48918176084908 1.76829541687544
0.217216554676628 -1.92222984129715 0.704407469805301 1.80899911307039
1.50042900704697 -1.87140907987457 -0.179030724055289 0.68606029832817
3.26800432843716 -1.35543860801851 -0.882469121049299 -0.699250648181392
3.17150870731086 -0.248237882691809 -1.30932886614952 -1.85183590015639
1.52565360702133 1.06703528666433 -1.42326618878804 -2.11504724796885
0.706405765387374 1.94829950181464 -1.49387255947701 -2.15716101424141
-0.395485652065355 1.96134963802462 -1.45293752704207 -1.87972878190662
-0.783981073419366 1.88298332486322 -1.06455852440289 -1.28596964564811
-0.756392517216424 1.51434689511348 -1.27512473802853 -0.734102862842113
-0.22182962655603 0.90363397977812 -1.20204296502637 -0.281418660491157
-0.00687104480865508 0.718680304873287 -0.657868588474133 -0.0322409169996562
0.235978356403019 0.572887391696699 -0.637637526555781 -0.0790281209820989
0.369692772400092 0.35452553362831 -0.558750354497942 -0.489652000179153
0.0526027719263387 0.446116416077346 -0.707713795668647 -0.431783699096051
0.622331380842172 0.530768856614688 -0.572690689837679 -0.515290235261978
0.258676428509803 0.790908747969218 -0.401443073793873 -0.442454047578855
0.244341100657779 0.503623222196133 -0.583156195146968 -0.445663581959802
-0.0287575750367582 0.399134748460579 -0.5121385374037 -0.226104267656617
-0.279355897822402 0.490953670576127 -0.418576938363016 -0.392844212720257
-0.0853835586740192 0.345146224192418 -0.0321808877949832 -0.535774041463936
-0.830337653014585 0.264257226561736 -0.0589984702743341 -0.145758349849251
-0.528739732126545 0.182939863283426 0.38667880154391 -0.0470699795214975
-0.785390686165129 -0.10208165720151 0.788154121989915 0.568890663292851
-0.770562833376647 -0.334811620296723 1.22694395661711 0.675415938254658
-0.980089391155743 -0.65627936989359 1.21705610000087 1.17454634548292
-0.908748903852184 -1.10585279155483 1.44259918238732 1.14580807895843
-0.912227128904087 -1.04517355948682 1.19358380337026 1.37947639723472
-0.416463522076723 -1.30079804132306 0.720451194157403 1.19830235802044
0.0879639517510967 -1.3041938982455 0.231910414047327 0.625035334264582
