0.176670710405239 -1.44530543575523 0.519872864100639 1.0584320812362
1.16126659580369 -1.17956303526019 -0.265062552229169 0.281864134961998
2.13137162095367 -0.464387227029611 -0.848222767610586 -0.51550141800911
1.70970165003961 0.406642725914739 -1.19200257299018 -1.23794632495164
1.08711914293091 1.00536053691517 -0.964129766241188 -1.65816370967857
0.234657390271403 1.57339802553899 -1.23995724559405 -1.22737319457903
-0.265385653064437 1.5145130955896 -1.22397481252389 -1.15095545821794
-0.482750843025867 1.46497385608922 -0.984852561193304 -0.810128264227671
0.0485796684881271 1.02161068378703 -0.897780065188219 -0.408060352076204
-0.457913154231636 0.978087150730735 -0.394165162786176 -0.351164103335926
-0.577477671353651 0.552612434406896 0.0532434226497882 0.141283404271053
-0.789844228907773 0.0366543966574732 0.161113134523978 0.420173422429759
-0.598713581580644 -0.11985033922148 0.552990910080005 0.573042492078258
-0.93092560590031 -0.273325930352636 0.9277768797246 0.48194724080633
-0.53121796270412 -0.651478011408317 0.59380333052487 0.997094358811068
-0.529342325175662 -0.752058270095001 0.964026118322301 0.765073968054204
-0.340728793896683 -0.947613372502149 1.07374343914023 0.658140139267635
-0.0179339179839511 -0.681322937324477 0.426004804803674 0.937805474250628
0.381126723568848 -0.569003646447049 -0.268258129259881 0.22531547609708
0.949916109097426 -0.265535105561635 -0.316313611004943 -0.163242692875569
1.08672390004343 0.151808847261158 -0.869255645645012 -0.361896519280694
1.16522216963826 0.379992271740266 -0.960322093317445 -1.03869129204784
0.732177920521987 0.982279238495301 -0.695480719181193 -0.84334764545176
0.549525610003869 1.28236514317293 -0.538919897211057 -0.865135867127033
-0.0855957021940173 1.18150368916639 -1.04722609210246 -0.755103434101287
-0.149858419273163 1.03676257755996 -0.753353275855948 -0.727770615656065
-0.364758698076604 0.789362351842778 -0.598008311362898 -0.623847357720861
-0.728256735715542 0.381931840637737 -0.166167816925336 0.288631976580842
-0.707362020516033 0.269754335382073 0.276092107321842 0.17730415373342
-0.892804522585236 -0.0127563436682844 0.673664037814471 0.295373738093343
-0.616559122713221 -0.426391802681531 0.999799409101116 0.745496570407937
-0.661703589906512 -0.844156835050337 0.966086141033246 0.785367182566396
-0.525522307277342 -0.716607116157417 0.988761826553395 0.879499075815001
-0.429076684756866 -0.93063112548472 0.992194276176636 1.33517783710538
-0.437621933817921 -1.10709321224755 0.695671230545478 0.871109180937484
0.527188417260201 -0.829642101422767 -0.13071864332344 0.465964513871843
1.3927654596503 -0.20966679427058 -0.473087665856318 -0.382004181364836
1.15445197026547 0.152981688523662 -0.847433639988431 -0.749855089590475
1.32367915718126 0.659495608739986 -1.07067147174984 -0.744131603666628
0.654193483416023 1.14321243111141 -1.01945053212786 -1.32972149456573
0.50464359785189 1.23228125877343 -1.06583210857834 -1.21015115014959
-0.563745996050689 1.3244160380482 -1.18336611710931 -0.891604379638501
-0.353248666515766 1.08008439190936 -0.543760871188987 -0.643861016258641
-0.374744894213216 0.88306659602632 -0.361794041807367 -0.110015059891095
-1.01001305653731 0.481939635836361 0.307859141754208 -0.0194477862067774
-0.957727159969426 0.0255634129886968 0.877446501874469 0.375587040628243
-1.15437991897482 -0.269250681702273 1.42596975091755 0.610539038812943
-1.47455594368084 -0.849769502426761 1.6077893692215 1.03090237404751
-1.77541170713327 -1.06853798000838 2.09997880124965 1.58991789278814
-1.40632608046801 -1.42530637765314 1.97589848107304 1.72937665311664
-1.430405085488 -1.55219726207772 1.98868011899651 2.11466008003124
-0.8459298845235 -1.78178399603691 1.66257791299162 2.05664605691742
-0.012068049007004 -1.9295820459824 0.689401729949967 1.24307571233012
1.09723562009723 -1.72066213819772 -0.119991115596482 1.03231358035783
2.45971810786564 -1.51935693326712 -1.02363231595284 -0.233783155588549
2.69170180533881 -0.252608088015543 -1.44758589861994 -1.32033449077507
1.89365765017814 0.958974188864183 -1.36096162433808 -2.22382879918254
0.312736486192621 1.45462663511756 -1.44813205337613 -2.03046515438391
-0.175998193666584 2.07333530845276 -1.15578022353036 -1.58151333210321
-0.701062946423556 1.78953708718652 -0.997812072019996 -1.10439934263639
-0.519277328431264 1.23785122633503 -0.920123681736712 -0.750162257684673
-0.564786886268405 0.837170612301109 -0.53085013825346 -0.0975104652545154
-0.0583556704709708 0.641244675075018 -0.585042915409897 0.0386368515675232
-0.232456465283036 0.175083177155012 -0.289820590616842 -0.191609095706087
-0.0929651777059204 0.404874901563058 -0.370249035141392 -0.256169115596062
-0.173966812684863 0.197240770831731 -0.189028149551063 0.146825816881322
-0.0313312759653332 0.103082599505265 -0.405809708658786 -0.162696489210082
-0.0196425464183104 0.13794925902377 0.00647519637154581 -0.382772999850431
-0.197780557689114 0.0954602085255994 0.371089224055419 -0.138649476697848
-0.51313084020159 -0.094675188193182 0.283686654615577 0.0251213179808421
-0.897575858310323 -0.224466776033356 0.795575363198115 0.402895535727186
-1.00314331817642 -0.484228073830995 1.13337579360435 0.298151010051638
-0.923520618546925 -0.770698315221885 1.04653230043332 0.672826063211244
-0.925898300517643 -0.749095459269584 1.47835580070175 1.1953681084494
-0.603742241059017 -1.0727698151096 1.20720619223355 1.09568260997965
-0.291362865463909 -1.11498574613318 0.722803766499789 1.03699371966928
0.626744990669328 -1.12153311049377 0.440808847616663 0.573614188271051
1.36028385979359 -0.741965691000874 -0.201317533385036 0.381908382759298
1.68793004655632 -0.274162270999509 -0.673295252946615 -0.659760740772537
1.68950341910332 0.224948690440945 -1.03404195949142 -0.970731128621661
0.939862893911113 0.90018681180044 -0.817521865119241 -1.21450276718542
0.560420441780938 1.19842140834935 -0.786473528893784 -1.23669378963785
0.248188701659738 1.21214432926392 -0.93473450971059 -0.960351260936568
-0.237125838243944 1.4517681313336 -0.901548847646374 -0.768078455131103
-0.65723993688142 0.905786661735577 -0.431936769011776 -0.570524364802362
-0.650858630491372 0.62914114279234 0.176175912711099 -0.101990553396969
-0.730696445028919 0.355145602104024 0.227444613362013 0.577406212032579
-0.553021845164021 -0.165508624925529 1.09841937564685 0.692041710352293
-1.03352552701543 -0.404831005673044 1.62708383489761 0.981220738805194
-1.51566212321439 -1.02693307217598 1.85625111305243 1.2805536836709
-1.62858695859166 -1.26115499032993 2.06822074160588 1.47805604353863
-1.2656832134891 -1.43497804261629 1.86302710077875 1.75666322697769
-0.862124387707735 -1.65918214122292 1.73633167823319 1.67665048198026
-0.520774665534474 -1.53316111060175 1.24742416639787 1.93017709177259
0.359400317641257 -1.70331769716772 0.318433751898384 1.18108845654081
1.48710914981334 -1.23423269684556 -0.744354541552755 0.218051461862769
2.47830987598551 -0.566745116836644 -1.17010575507983 -1.17972315337843
2.31100253819656 0.458567810214041 -1.18603953388148 -1.41382351192343
0.816170286416102 1.30565954058525 -1.08366307369627 -1.75757323188726
0.0702499032735102 1.69321355058823 -1.47574628518893 -1.68028041947567
