0.550562952527586 0.21995227379973 -0.474398959069795
-0.209697144126224 0.962456924701053 -0.572999653745798
-0.760149351739936 0.276327051813973 0.254062657775689
-0.55166217214472 -0.219386139728198 0.930956037854963
0.444233301528098 -0.871238513130545 0.560082750514978
1.09825427109837 -0.778488952693811 -0.471911576425613
0.290999022052452 0.281718659946557 -0.855518797929468
-0.187850256866565 1.01400976913446 -0.235960178793929
-0.930353542037193 0.14351651645998 0.333003704409264
-0.866514341678294 -0.42979034223599 0.918886503867261
0.430682425503413 -1.244944722948 0.512169602462281
1.16855379260629 -0.575040725841777 -0.555604426986944
0.849251216219912 0.172301786349046 -1.20075271180683
-0.725989679430676 0.962115559893612 -0.729917697764466
-1.32938090302645 0.580126738561563 0.13280605839663
-1.22909110600659 -0.428741713906736 1.32689743990645
-0.321359976927458 -1.29755235559802 0.937614115926141
1.13888968411114 -1.08011651493744 -0.250489770422494
1.16464804117473 -0.348591743812568 -1.39948774061603
-0.198101996681866 1.10793207243694 -1.32164571612039
-1.11351564125731 1.35549255558578 -0.141453875643926
-1.34022837928299 -0.0231608783717888 0.882301401172254
-0.645857225022332 -0.985531273875448 1.30132298889786
0.636445695210884 -1.71964181118974 0.110567290593807
1.45296064187497 -0.940811419159087 -1.23116050725375
0.193858043161277 0.442171320893785 -1.55176714008174
-0.912316235323298 1.19081338734919 -0.90925673563431
-1.3442199808004 0.269976712677617 0.135538977481733
-1.26409342707584 -0.59190974345629 1.02331827341078
0.110417198057212 -1.34406465520272 0.480248375159731
1.1521973614122 -1.39372288789716 -0.526536423666383
0.938696390622067 -0.0770870521706392 -1.41089010118311
-0.471653128751214 1.18451050085907 -1.23606866959075
-1.19673420467619 1.40780790553302 -0.193695104027018
-1.36884342658855 -0.20258737307047 1.11903110547752
-0.60652935832939 -1.47740303935667 1.28551931023523
0.824377741008995 -1.44938008093617 0.237925074787993
1.31346755826862 -0.729943464564816 -1.25794045864877
0.513309692626394 0.43772267688662 -1.59787630944968
-0.974421519983497 1.14844904109841 -0.924539265527446
-1.56314569747009 0.652984168568177 0.156850166023173
-1.25422896108963 -0.857927635616617 1.23229612537052
0.0405499313633608 -1.58052096800834 0.816316245396914
1.07843268633582 -0.97254840201584 -0.355297667989739
0.953897828675516 -0.224174720980721 -1.29853102831009
-0.374801694702666 1.12034252606739 -1.02901552107397
-0.872904844266318 0.764720931264971 -0.0173005136548064
-0.789986783301533 -0.248529913151863 1.10993833919864
0.0277904874288475 -0.976370591797455 0.950267712023736
1.16731033944127 -0.929647591045928 0.029297348461955
0.811005715158117 0.196034580380129 -1.04419275310775
-0.2417560410523 1.21328068343094 -0.909059918302648
-0.727113201466062 0.706394941443953 -0.0910994554961734
-0.641063616278757 0.0301651337280497 0.785624766931498
0.0249344622773923 -0.716435246762356 1.19407273013668
1.17795822028691 -0.732585079214337 -0.20485881858297
0.953200445064658 0.244831439565108 -0.699395472714011
-0.307505201420387 1.25161584168741 -0.716387025252515
-1.0232579607571 1.09984227294687 -0.0101602305607822
-1.08225612905251 -0.0899439682476366 0.772802082280083
0.000966758225887173 -1.2144874369177 0.846229661583037
1.53149965597081 -0.833191178287261 -0.29272991270408
1.06870827509676 -0.0924720817367997 -0.949601595701112
-0.060596296334632 1.27374780310386 -0.955804033870093
-1.18365140899588 1.17162617468242 0.0123118893635984
-0.808611023152488 -0.403833493612085 1.39688831142128
0.338502596935909 -1.08019904356232 1.20445668201347
1.49165331612093 -0.529848466410998 -0.300684583976465
1.0175762260516 0.657130652960545 -0.850428326533078
-0.627075407178867 1.3348316370288 -0.0178753710626738
-1.34959984693251 0.498396829592587 1.56042454405137
0.238161518083901 -0.715705380802543 1.74941245420978
1.54519498096182 -0.996333184492547 0.0774140801751558
1.42362232421024 0.212544685199336 -0.900120285813364
-0.169825217867602 1.85949952698213 -0.882016729406758
-0.946809021446967 1.50722730218573 0.480602349499914
-1.08868105876025 -0.471765450420793 2.14049997710966
0.47649304898264 -1.23828230603858 1.43972505031569
2.18304169374104 -0.89029731272878 -0.398879549575069
1.24949600534003 0.678582767206149 -1.26672198250554
-0.507935969420019 2.24406714456035 -0.743782926425315
-1.59968011872243 1.3527810197993 1.24653927999756
-0.677862585798126 -1.06998719691219 2.38264214071683
0.934381821948733 -1.34041657208064 0.654370338362419
2.20958297651829 -0.749314442757042 -1.05049250570877
0.281545629529254 0.913877684461183 -1.20929184834696
-0.878472141330844 2.06183066000124 -0.453533815539704
-1.25414714319212 0.374312398238983 1.16523882126424
-0.252795456550077 -0.99950764863285 2.01485719125054
0.952449864301558 -1.36564910364839 0.330853266381682
1.5965264417686 -0.709460939846827 -1.18596056129111
0.521054137735997 0.567049129098628 -1.71404054219215
-0.734434787310847 1.89206736530165 -0.675132185888848
-1.45924998091209 0.727632018829036 0.904676309379083
-1.03672589247461 -0.613360317916016 1.96121677641753
0.821373480595523 -1.61328607672444 1.0016200730008
2.07948445415685 -0.675415232827019 -0.604988706511315
1.03654534067185 0.471266969777178 -1.48143506241148
-0.440956772433471 1.89257000729158 -0.968986041562886
-1.00105243461655 1.01197663791691 0.227980411793476
