-0.839980699629211 -0.247254220619585 1.02151834861953 0.644909040220636
-0.526341388836671 -0.477453907404983 1.18769123114682 0.608209584958135
-0.766828718520324 -0.865505855082791 1.16624035187426 1.03900505281952
-0.910294294523054 -1.0853773201136 1.15724049991381 1.07783486242478
-0.244461610790922 -1.07204668229391 0.673305209183458 1.13148155808107
0.402536125779818 -1.11281384127295 0.183385439047082 0.605332613367166
1.077737422023 -0.648680450431925 -0.258095334654367 0.279186825589792
1.79066648472018 -0.238671127424962 -0.767879780338939 -0.594819304994519
1.79812625174628 0.5446007667059 -1.17021105113366 -1.12603945942892
0.981521591074149 0.983959222215678 -1.185704529227 -1.44399050429722
0.544408074804351 1.37858525815203 -0.959160700879165 -1.42162624491654
-0.120402983621423 1.33529210745096 -1.1347907703109 -1.46058441165844
-0.287718485370139 1.40191695122918 -1.26915611335528 -0.735325434588918
-0.628676446530074 0.843864877958618 -0.645442147736716 -0.318499155605996
-0.366660373501088 0.57499158194715 -0.293023073810946 -0.140625082261364
-0.66563346492417 0.20799041525402 0.442631742672021 0.193641439442512
-0.708326857903832 0.0587683845009891 0.727411326677698 0.463952760260839
-1.16409459381113 -0.453479225749587 1.12329744944905 0.986827592238943
-1.3242590964457 -0.853245487405118 1.43073769781713 1.11171457101163
-1.16399512586393 -1.02198124153326 1.60039154201824 1.5311318589989
-1.08305361043311 -1.17800545506813 1.68071309835392 1.32149287178823
-0.852460798805833 -1.49938035506989 1.2888657667564 1.17819003784204
0.133089846503623 -1.57989430791999 0.752346404158048 1.56887309527504
0.443398852684637 -1.54199139749001 0.0948066331595456 0.650923515119329
2.12593476116375 -1.06999010426996 -0.43206777100539 -0.0449129353604375
2.90284086330789 -0.18278661506144 -1.20024263957123 -1.1063154415973
2.11597189738079 0.855022053329225 -1.12201561884841 -1.62748453461926
0.758329178338904 1.53817370547962 -1.46164200695114 -1.85372095878621
-0.204604170288917 1.85574900649866 -1.35194692641355 -1.6475656370908
-0.245724426626701 1.65950307983244 -1.11635632142075 -1.17135106039644
-0.0288845894724347 1.29822315316071 -0.886232680930567 -0.657565855263694
-0.258194438468748 0.863004594273881 -0.890850683647398 -0.245608186997083
-0.311188536893431 0.80263186950581 -0.421810790750781 -0.243759033040436
-0.0888948509560069 0.506764270786705 -0.148683701636201 -0.17548075557421
0.111941544330935 0.382275778312151 -0.460457579466803 0.313755409575223
-0.00219877282272439 0.169958224076519 -0.178362351484496 0.260739857719696
0.043514419508226 -0.138633416562327 -0.183788294545025 -0.245054108947393
0.374892629648529 0.166580259824906 -0.108225935175249 -0.304811734846188
0.132926587495849 0.0717237707710591 -0.387982950664214 -0.306787843641763
0.289201109003843 0.217573453471647 -0.247619348694704 -0.170131933728591
0.170186496185156 0.247266567127089 -0.503225017380782 -0.0248306390855817
0.175745512182371 0.271078862941276 -0.557424784794097 -0.327008042065124
-0.15001159350432 0.491650264008537 -0.288406297649734 -0.141840378279924
0.0959204789511368 0.219361111970885 -0.150178138955191 -0.164384574974004
-0.263109428197706 0.355238203560492 -0.0328779245408557 0.0479663505048366
-0.167234125269827 0.13464110880445 0.239900928738689 -0.00473955521434242
-0.698480292791766 -0.071574690928753 0.77302678632517 0.296773793509277
-0.653731538354077 -0.353414439783379 0.950106105979034 0.876003633540653
-0.725595174778668 -0.553765124004991 1.15539407567308 0.512447205679798
-0.771262884021807 -0.916286796254831 1.23678767275201 0.762427668237927
-0.725689066214235 -1.0044159847638 1.19750117196794 0.988096017655439
-0.339375852877251 -1.02889940778331 0.754440542528053 0.978671187253643
-0.0688271125038706 -1.05138501777843 0.598040744248358 1.01667854887457
0.745112394766868 -1.04419556032752 0.243702636975955 0.743722641764913
1.33509074060755 -0.711926427544227 -0.416536032784126 0.296803447410939
2.16709066243929 -0.0371386323435196 -1.05183328951685 -1.19979766911653
1.65431031286382 0.742627862552486 -1.16984804816559 -1.39582013203311
0.810953610156722 1.26122531482143 -1.15528276003198 -1.50366044729469
0.308840493626721 1.41147277989768 -1.45372641963423 -1.25905547034246
-0.0434899130750596 1.3830276079471 -1.32698155283919 -1.1771315857512
-0.346704235100386 0.955016972487551 -0.913212190240247 -0.710364477983538
-0.761391335527039 0.899324047447888 -0.53180096174931 -0.660239916704824
-0.314800244367596 0.866460356534999 -0.484604382966021 -0.118337187143877
-0.566692495747133 0.419843365993399 0.245203594633445 0.158288072621137
-0.644659827541141 0.108126718160314 0.927772427070288 0.137174666723217
-1.21346448044742 -0.6212503175846 1.48272763183554 0.865370671187338
-1.37966471137535 -0.877596054341251 1.91816440270688 1.73583638903495
-1.51094724291027 -1.3439960868665 2.15926792724776 1.41052149819904
-1.54834803484307 -1.47338663606174 2.04102559943514 1.56803400690629
-1.60750022390078 -1.98327175310555 2.09903925079269 2.26032109572305
-0.584368128491233 -1.95471661087644 1.34148404478358 1.96977493932535
-0.00570170844066906 -2.0387925392981 0.888563659277667 1.54226443633098
1.5120591907965 -1.76004361120202 -0.223170074658555 1.08625786262583
3.2952431080093 -1.37423952135019 -1.16086695798446 -0.630399489528782
3.33215804078761 -0.300977672315405 -1.26731835707112 -1.56637126259265
2.09976317918596 0.842238690243588 -1.22786441328392 -2.02020544510014
0.821868746949548 1.79867189635108 -1.04733127416173 -1.92918169901527
-0.154796408792671 1.96262686134495 -1.28744578198242 -1.92660284999923
-0.563269173985355 1.96674051502944 -1.29273441195208 -1.5586454357312
-0.676098570042252 1.4779039966022 -1.04959914575677 -0.57639851359625
-0.629321589073936 1.08816866969999 -1.02717589042341 -0.454888792468615
-0.0933130757763478 0.645152801622965 -0.99481945124669 -0.0935011640048083
0.0624752256973222 0.361582096100189 -0.652162035168328 -0.290733667479167
0.0730562695094215 0.507254580501545 -0.784953437882848 -0.581842840785981
0.118534907773359 0.626143505033658 -0.749600669978507 -0.33077706099425
0.323388252363332 0.300673350252083 -0.484488230964823 -0.796122455901393
0.209744801517204 0.839746997855276 -0.465574167139581 -0.476990822731699
0.073621788979016 0.411736588487313 -0.479773695442824 -0.485879134313455
0.150307187313146 0.391114563050032 -0.471550377961133 -0.320696111791664
-0.159440436219171 0.397533029638834 -0.239975075990998 -0.281336371879585
-0.245537550092817 0.157494818237405 -0.14896097301812 -0.624556093603018
-0.438053861377195 0.488682848026607 0.180549636843623 -0.279377892189608
-0.818545694914931 0.0950069896291939 0.717767078129231 0.00430615486208265
-0.800882241333676 -0.201322876117921 0.995106820727176 0.540985312427715
-0.714209287136382 -0.553232093840692 1.2477381031083 0.73225478767761
-0.852156161707223 -0.849900636410132 1.33429787015916 0.921294906749771
-0.782405197479332 -0.955454527488711 1.32972806276036 0.974353355548666
-0.730200609324114 -1.0379174041042 1.33531924552356 1.3459515092661
-0.340036524201555 -1.27520801003493 0.927462631058238 1.35407160763721
0.319685326601114 -1.20048728341422 0.522349933841477 0.859922483325852
