1.24625610424741 -0.893964985467443
1.80329620532131 0.234678211416785
0.76041071157999 1.23612409329636
-0.511240352472592 1.56571759768612
-0.913098161115777 0.969995270834052
-0.981051632787854 -0.1302875680119
-0.870516189915467 -0.597711698306131
-0.798733543845459 -0.98768635887451
-0.172190680701248 -1.21981211321745
0.916762802126586 -1.08212167487512
1.85939652339565 -0.258918935091839
1.31707905499919 0.991573845255031
-0.138722040537212 1.93713190980297
-0.91655072182463 1.20252578089959
-1.0657150005532 0.0883308311316313
-1.11367317392065 -0.536352905445658
-0.852664606837128 -0.817883456284089
-0.287942318257293 -1.04821535055401
0.499447602182609 -1.07803992959507
1.62441595003488 -0.658034293316762
1.6192602645395 0.611590244296401
0.418233435348656 1.71507816850082
-0.799881688443928 1.30919255408581
-0.987395774688462 0.58454926268806
-0.91388605702014 -0.200738216693251
-0.89993240190298 -0.912914984144859
-0.476064319129552 -1.16352197884644
0.15286306900628 -1.04159243063742
1.22869981476298 -0.848054859841272
1.99999912092184 0.183614737182632
0.760348378146133 1.597722787244
-0.463738173608202 1.66729379694156
-0.853311796625545 0.746442703966772
-0.929171041674188 -0.109798150255115
-0.94055813292862 -0.691341531329438
-0.818407863984964 -0.899574719915776
-0.209863947633189 -1.05618512759333
0.790237401328972 -1.05048599073831
1.70174503068168 -0.221882809021005
1.29037458349731 0.860731356411366
-0.178070367493578 1.60791464103672
-0.788277517613634 1.12157677733215
-1.11814317084659 0.15603745500433
-0.966721764090562 -0.383044917470941
-0.78276896754568 -0.945124479270779
-0.336638189109943 -1.16906091574478
0.503070523436101 -1.22709340753294
1.49507867333549 -0.681315562153546
1.82779052765148 0.567829065203875
0.430033946032908 1.77244518444305
-0.735876569763623 1.47184983346626
-1.01008802011991 0.445843536507924
-0.987122192625776 -0.202249414402294
-0.853609744112004 -0.872840117685991
-0.696347424323904 -1.1250009703375
0.0748566819022489 -1.2202270212101
1.06628424694239 -1.01003429879113
1.89156420974661 -0.127740602280644
1.14346153182937 1.31664503274397
-0.473632042499339 1.72383439603284
-0.766987255404824 0.858496570079821
-0.890881196390614 -0.104360055724421
-1.07073629456248 -0.529455812451982
-0.683199733251864 -1.08252306646028
-0.291211264247403 -1.20639037987902
0.676860447375846 -1.13868027670483
1.55786063921216 -0.73990876549107
1.46107813226891 0.744140818692597
-0.00653847046351189 1.7413620210327
-0.852959793937883 1.23433767394757
-0.984410405761562 0.460689906341801
-0.9281476171684 -0.309718988157598
-0.785489169266517 -0.726975652146852
-0.367876753489304 -0.994887974838053
0.404350782451056 -1.15035043765312
1.56884312483175 -0.678303230722842
1.67656068379632 0.371993698593094
0.607505712774497 1.56050324763143
-0.693265962178605 1.48614753185851
-0.888276759960852 0.537372693375028
-1.06766321637313 -0.290309290995267
-0.98675328984764 -0.66459878471468
-0.53734388757099 -0.949235017691047
0.105263475199555 -1.29314326064268
1.04409450145793 -1.10006892218661
1.79181472159404 -0.224605796220918
1.13956583161794 1.19383319215462
-0.360705219479741 1.58666484799779
-0.796619852806979 0.892442671029175
-0.97823853580748 0.092099296552333
-0.955041310781346 -0.562864760307913
-0.690711364025511 -0.960137537151996
-0.223650531255628 -1.20206348193909
0.579780151997182 -0.953250796109938
1.62322904353578 -0.422478684404563
1.35165442511447 0.572180637465546
0.0987684297143899 1.51381042453941
-0.541646672535537 1.10567298520117
-1.0001800085961 0.435707363631484
-0.918056340222699 -0.320561906003553
