0.161244450588524 1.94821937842626
-0.87068811818233 1.3411569475814
-0.945803752268593 0.473879436101588
-1.01874829489815 -0.442965239345952
-0.746926254413434 -0.938361177637607
-0.567807834965824 -1.06338597169784
0.0230991043980682 -1.25897909630969
1.18621155757164 -0.943652442180725
2.21649830346107 -0.0875914919376486
1.05890995808806 1.49225495057247
-0.385828589525878 1.65556086018959
-0.85199685971897 0.876054547592718
-0.922190208006684 -0.0192043976907283
-0.955249610890077 -0.613621617166691
-0.732841301140493 -0.81445990548567
-0.213590273476863 -1.08833483007345
0.569599936227937 -1.04362398857193
1.86699183930608 -0.752460882151361
1.84589146064554 0.566896549355849
0.183587350059247 1.8295744444038
-0.636462029544439 1.53148922912454
-0.99956435469944 0.383190734195405
-0.907364224368875 -0.218795941850229
-0.994843551010179 -0.695905977013835
-0.507698207653991 -0.918478548787502
0.243596821646202 -1.09162360248757
1.16003465097644 -0.822769268911344
1.92226315735268 -0.148553674372925
1.07418071885465 1.27711751298846
-0.187392713666318 1.5620086043034
-0.738934711533231 0.86532098446663
-0.89984000709081 0.0722978935455573
-0.853434915346435 -0.424080862896813
-0.739165535907295 -0.882561399515037
-0.104721234383538 -0.979319755747234
0.753624598727416 -1.03642559385034
1.76083586817474 -0.560982963870342
1.58803110067291 0.652310831022356
0.0745987893523986 1.72281777124279
-0.803562529517599 1.16306431906637
-0.789847824480634 0.316352331225865
-0.90192335805338 -0.355197703882138
-0.872087675679895 -0.795333250931022
-0.415982241484878 -1.02041735598685
0.193859715794517 -1.10049876774581
1.13351557685362 -0.809489577669164
2.00320440979917 0.0720347602064179
0.742013808408021 1.50340770417692
-0.514395841600444 1.52843595836311
-0.97698118329903 0.666057765223024
-1.01362201515165 -0.118688783927795
-0.917138122279729 -0.707289444059118
-0.600965907593034 -1.04930285878982
-0.0699102734935219 -1.18323500129274
0.747170726282108 -1.05491221134344
1.88284736961329 -0.323600470144733
1.58696254509545 0.820924483777454
-0.0055540328561365 1.7073295445577
-0.719020280922835 1.16398916393617
-0.980475711082648 0.38776145776962
-0.815448776657247 -0.299090836630712
-0.768187757627051 -0.782380817453788
-0.498404260584452 -1.22207507602466
0.352436437411651 -1.25103845387228
1.43710524344778 -0.850027587109338
2.14247837132346 0.197675786703384
0.680212022013882 1.64745652376725
-0.474174588228976 1.48958074855571
-0.872470261097617 0.601538731749814
-0.963319567397563 -0.077024817572365
-0.872083098858881 -0.748869077151479
-0.680211861411836 -1.0285592461233
-0.189925555063447 -1.09158785621048
0.702881520642596 -0.924497749344793
1.76217154897841 -0.449376051395904
1.36171289681531 1.04125223534522
-0.11823177877555 1.68011211156079
-0.721997374480722 0.981198476518418
-0.938017324669629 0.273990595515762
-0.903446580748424 -0.31410873194658
-0.698568533729238 -0.769809781343028
-0.249343505600235 -1.05733516873854
0.441545528246536 -1.09128339777684
1.34031847778394 -0.683383666146735
1.87344173200312 0.309577596029436
0.431546115201402 1.66938040988758
-0.511007761173069 1.50858813944352
-0.907900576388753 0.736815396994441
-1.01744999716809 -0.210107753765182
-0.903549131056843 -0.800793690969089
-0.632124245549938 -1.0689816163726
-0.025904460874683 -1.13221941205271
0.787563223009456 -0.907485341196398
1.89006175662549 -0.501872377844965
1.43196062088653 1.09813447531739
-0.067487229803689 1.77534859638554
-0.726209114522364 1.07129732966876
-1.05763094192531 0.245234410090205
-0.911849443127315 -0.471155884230085
-0.726706005631149 -0.809521280351753
