-0.763315487300117 -1.3647058788731 1.10620799054019
0.940969203842391 -1.20007848442159 0.0929069937209552
1.09426246739857 -0.996722694419225 -1.26984031661243
0.0901295259922244 0.670851026820961 -1.29927231151962
-0.871755687808385 1.17074988182957 -1.05430991307371
-1.39978137795396 0.537686971741933 0.0316930908627367
-0.928955135838557 -0.699590193363076 1.37026202105685
-0.0670127428875521 -1.21963316634736 0.633836744392618
1.11328334238987 -1.04302696729834 -0.62746826425363
1.00159720096889 -0.0523343328836391 -1.13667845315536
-0.330005195776805 0.962127990365825 -1.06597779516207
-1.28981663415713 0.670831975330332 0.0755112776216772
-1.13816287986853 -0.353633980943099 0.86364807217746
-0.0574648644602813 -0.780241412369125 0.86519370677848
0.703375146396142 -0.866603336023624 -0.33141996941506
0.611625227823386 0.0512076660519607 -1.0833389882589
-0.156254634645114 0.788614383481421 -0.964085641858127
-1.15581815756085 0.670506162772807 -0.215406126836508
-0.98213154797712 0.0851919629981755 0.938124584222369
-0.177884736723404 -1.01856808211204 0.781154042856053
0.919104559458158 -0.860201451047809 0.0204079974463645
0.825979935092938 -0.157471321482009 -0.893158221835188
-0.18176312101328 0.96758251089513 -0.817404336290248
-0.896791143141468 1.04889079225089 -0.10294614833111
-0.835439634158387 -0.265593178908693 1.0529762311723
0.0264920496898234 -1.04920615562092 0.917245883725211
0.928801920484702 -0.929585074206675 -0.0639700411293747
0.667842733488634 -0.030253749835116 -1.08962391786157
-0.00889325766147007 1.12702441594074 -1.26536233506938
-1.15179535992673 0.901192814444211 0.280403628832513
-0.923795407099871 -0.300043523706492 1.41366111239406
0.28190904069423 -1.02203678786435 1.07260101735558
1.48138552271315 -0.399091794749762 -0.514577308082418
0.79556073417742 0.581410692275168 -1.11438806492073
-0.736611221519379 1.8554246705976 -0.323949689384314
-1.07055531449676 0.236609252677417 0.980909958173372
-0.118321944453572 -0.84069626004979 1.5577468979091
1.36744999223685 -1.11249080672728 -0.150292808761273
1.24651980666283 0.161499155510464 -1.15044066683893
-0.496686654328427 1.55371204428982 -0.940375424801722
-1.23163781806003 1.47424050259871 0.647373457633368
-0.980342108670361 -0.436190451946824 1.93374947237553
0.933447363537557 -1.16431542044759 1.2578146442311
2.31441627992759 -1.26355140089898 -0.614848656747835
1.07173055513892 0.667710182811521 -1.31362839868828
-0.665928720381696 1.90357226019052 -0.887029380672216
-1.45763950460575 1.10813245730113 1.07194180434097
-1.01411013304939 -1.02601466557778 1.9322472854025
1.1999362620483 -1.29612538846616 0.674289062840589
1.9378503293692 -1.04353701621778 -0.901300998817198
0.466991452678439 1.14147456929425 -1.42144304954396
-1.28646430575494 1.66570315318498 -0.473416392415792
-1.30730246213653 0.391616749140854 0.891513810310298
-0.710775934733784 -1.02847027869403 1.36663686168959
1.07256335846782 -1.52727223050766 0.0190928356016336
1.48782148006139 -1.12561138616079 -0.986040355457198
0.522641718463702 0.74058199484776 -1.49719757769671
-0.820696392848489 1.6993264431182 -0.895129766624154
-1.38826041347868 0.442631177039699 0.408486300760161
-0.651954509641212 -0.848612563714818 1.8224813267751
0.614232375149719 -1.59269311105803 0.718940153689184
1.41724886209396 -0.941263037820733 -0.9627019589244
0.801019838274818 0.434798390248175 -1.41301394693788
-0.759333401578057 1.43588703185258 -0.734394220674871
-1.15557949000849 1.08358448324282 0.390288671668116
-0.91200537853653 -0.427764886978279 1.56452604556244
0.630343888319738 -1.10672006265555 0.99969985710587
1.2743479799575 -0.456942307671332 -0.586019622117197
0.906111396040003 0.795252539838012 -1.046579682476
-0.741229888100167 1.90813577362412 -0.762715845915556
-1.2857801819604 0.33488903150766 1.25328650540289
-0.387447839889114 -0.885905017875537 1.58179900739789
0.985632518591173 -1.10793064358619 0.134642977627835
1.54295711635865 -0.256625719377457 -0.765206846048652
0.478791864973733 1.00847974064898 -1.11143212879827
-1.14831398099551 1.6409473523792 -0.211011255726574
-1.23602840867159 -0.0341585427925009 1.0484779719946
-0.298322267481929 -1.21062851177947 1.29894870715785
1.1255920830345 -1.26478794259854 -0.226045938291438
1.03928092049763 -0.157554512288795 -0.820175277541708
0.19041555430537 1.08209436317101 -1.08012915916282
-0.820064735500588 0.990520117622835 0.142915155572702
-0.739260484224206 -0.126491556627292 0.81309452382767
-0.133008660719788 -1.03317375565854 1.30809302269118
1.22580980588563 -1.13010603834075 -0.0431434118931796
1.1447174251554 -0.16936311110744 -1.39866030276533
-0.471949737699163 0.949399330011042 -1.12613116871796
-1.46528594114456 1.01868450326352 0.241193239844294
-1.21753908935592 -0.420213648612493 1.41650330778557
0.341276782324736 -0.938512306351994 1.11998408002483
1.48184496878113 -0.959720777820472 -0.278471223333209
1.2853124504229 0.53552437925076 -1.0806875938708
-0.382444330961515 1.44904841476692 -0.856728231581371
-1.37514499691804 1.10066317631142 0.605347206965061
-0.648507322311641 -0.759962081712836 1.72180123436518
0.47013684782169 -1.14709907632687 0.930927503105699
1.49331926095148 -0.770909537622001 -0.685058356137192
0.983978553345563 0.633916274281134 -1.34623876173463
-0.780773182496285 1.78605449560808 -1.03297240670934
-1.32391393881698 0.75605236511829 0.661251374485853
