0.964156315682051 -0.990532447867357
1.88994823979101 -0.291084195350708
1.42515299530523 1.11381229188372
-0.278107104033551 1.73265383923706
-0.99551304418583 1.1068142676923
-1.03788048344559 0.322247949029972
-0.944399892873283 -0.418477391076031
-0.835856959078726 -1.0896873283003
-0.410414346371403 -1.02822984722516
0.363517576551997 -1.06834721747918
1.32484502085573 -0.727800237623271
1.77890096688937 0.358277879319409
0.661419950727972 1.74254967658463
-0.7355837086478 1.47928514183598
-0.844118937148228 0.565288767374359
-1.07673047528462 -0.217066896609533
-0.791829069459048 -0.696163041966308
-0.622065976322138 -0.81368451311216
-0.155128384680853 -1.22675030406883
0.79537247264777 -1.14503605922785
1.97630184649356 -0.498819289387177
1.13869607207899 1.25864577443173
-0.338508480039069 1.68739169393941
-0.973814281813327 0.750785011395682
-0.9658264436504 0.185950118194492
-0.910368870015759 -0.528693230234725
-0.667529123657848 -0.961966768674141
-0.274636386728417 -1.17357889429291
0.410628675611467 -1.01922405368914
1.69692821350996 -0.840423973632793
1.69622516091495 0.716279455606514
0.335496959123775 1.9371021702525
-0.725098742323629 1.38380307372906
-0.937141820041552 0.572817094647472
-1.04724239143157 -0.314658500647173
-0.945666973286621 -0.784712195407455
-0.41790017069663 -0.893542321280158
0.0544345023795809 -1.14750246564083
1.08677911220242 -0.93150354262888
1.77701942155976 -0.164532389541794
1.17220338319221 1.281953605797
-0.258174406796709 1.80689795919438
-0.921106443130682 0.968726921882648
-1.0042242983423 0.0609714880717979
-0.999564254865458 -0.543079027174515
-0.672707494095045 -0.879718126865969
-0.226619961573625 -1.10959725978165
0.568434774006439 -1.22514732152832
1.62094328952075 -0.639919699817564
1.73045841125101 0.596266887457071
0.378848068770605 1.80131135717182
-0.72353969360951 1.3292335575014
-1.03370154670722 0.564881280049996
-0.985431339759179 -0.222924942460708
-0.722494127792872 -0.776507772746772
-0.489187502911504 -0.946665055203763
0.0857662208486643 -1.15575220797921
1.16506939582847 -0.983337844504549
1.77106057025625 -0.19474292062214
0.908787564843169 1.33693885539973
-0.466366580331088 1.64045536074285
-0.986115317549633 0.85133511250301
-0.903366736340516 -0.115389574090786
-1.03547871661573 -0.534003747266173
-0.853085115628574 -0.969211242107761
-0.307712581929245 -1.17272811086303
0.469165944478092 -1.05406965500736
1.71637362940798 -0.615166607612337
1.66709532316115 0.745729300950288
0.0218752250920116 1.57050902393063
-0.772282568652868 1.25404082532516
-0.981306740568703 0.268341591571995
-0.939376561369724 -0.219081909851493
-0.840620927664301 -0.893459143303494
-0.378900500195027 -1.01998632125053
0.210961949477423 -1.04791047782194
1.36439631909507 -0.609279908047143
1.69508258866703 0.252956306174247
0.496540563290684 1.68446834503704
-0.606006643529923 1.49617860967044
-0.908540439278835 0.470348416863832
-1.08608557433056 -0.130395522265355
-0.973544128857725 -0.612998227447666
-0.656070652804512 -1.10298014067271
0.0172379022072762 -1.14716709174346
0.891431284194987 -1.04847052110173
1.68653767309454 -0.143935044181753
1.01670074182949 1.25108519867782
-0.470510298959699 1.5746641758758
-0.979765204881919 0.720589292826714
-0.873927439901475 0.0772949553795798
-0.964162080935148 -0.686460978081658
-0.832848214991664 -1.01752002099747
-0.308455083619578 -0.961012816713994
0.588743486525823 -0.825677038293627
1.66432924141055 -0.6489264969411
1.46368337468248 0.562699800569725
0.00735582279354875 1.59219588720376
-0.65832425501808 1.10709521507736
-1.00394075149679 0.444366343251225
