-0.848799976076415 -0.76642627458341
-0.563263583624128 -1.16578269496698
0.282578844838627 -1.01783990049872
1.21081296090383 -0.82419295550343
1.80694189130294 0.190811016416656
0.846831946643326 1.34406237285281
-0.520033134632338 1.58763818045638
-0.887840331074835 0.912217899243746
-1.18109224858382 -0.128987464948615
-0.923317250021239 -0.57093851747669
-0.822966054527151 -0.925685127497432
-0.159285563082724 -1.10038610789107
0.745950131251111 -1.05432980364205
1.75128619639669 -0.334940486683429
1.42952238986621 1.04215953745585
-0.292241203410633 1.62066807793715
-0.734408168703149 1.16222764920217
-1.1592780770947 0.232618388426884
-0.966569518702193 -0.397246957642193
-0.764734871632968 -0.773425001328381
-0.396845283629391 -1.08182333269122
0.447952005859548 -1.04764427034844
1.58654278719982 -0.726543691849865
1.72475938209617 0.31533158258845
0.448786323647668 1.85194654977447
-0.730850519336408 1.38999730552163
-1.05422080478481 0.599936425675885
-0.896086312716347 -0.27853465088504
-0.957194372639434 -0.883856940659762
-0.713167889114451 -1.09419133589653
0.133089866458376 -1.18248700800175
1.24761702913556 -0.97929641136117
1.78559837433022 0.000591984490087348
0.718031229780185 1.46377342457549
-0.431914021208884 1.68404847396417
-0.981861918689398 0.920803318875902
-0.889411246416734 -0.0780910943344565
-1.10091782829546 -0.566520047717942
-0.480340311891677 -0.929033445808549
-0.149611101165934 -1.06312273780889
0.698171850107019 -0.872309764591919
1.66935247318141 -0.392821749311577
1.3418995338559 0.757220970846754
-0.0782968688675827 1.69268526353605
-0.939818991139065 1.12676204255429
-0.998582225391425 0.484638429209311
-1.01447433145228 -0.321708438680487
-0.77928595636241 -0.699121111371447
-0.409595732727045 -0.942293754833374
0.21110700157704 -1.13783020972569
1.34187289045678 -0.88166647262653
1.65578034782642 0.184652968271361
0.570072177558885 1.37573007607971
-0.579722008357957 1.77681451011234
-0.882161630088514 0.663011900053627
-0.881177060623961 0.0812825208506461
-0.931821950088093 -0.5589069730794
-0.727801039601083 -1.04804025198715
-0.12723939526612 -0.996845330085346
0.880498994056523 -0.752376792387508
1.64377235453097 -0.287620512560468
1.41145660437226 1.06481615375443
-0.149558906810852 1.77501499623267
-0.873828734998749 1.15337086940003
-0.952290901831962 0.296092897877274
-0.994853318539923 -0.426443795229247
-0.792848585729351 -0.815256824443748
-0.546345993771832 -1.09004788498222
0.550968509852821 -1.11427302388156
1.38441230681463 -0.495008661496032
1.65494525861314 0.43980779633698
0.242542567046428 1.73831840765763
-0.84216660311966 1.55739195652461
-1.0798024230385 0.635272658926156
-1.15460083354873 -0.214668794002098
-0.904265316415732 -0.762382064833928
-0.322661287701002 -0.977559473233957
0.318111130600159 -1.1935218818825
1.26967095624877 -0.814568132684644
1.91787216077728 0.173298407703658
0.823029638807365 1.4763899154235
-0.48653451219831 1.73126249418771
-0.954677395218542 0.814917711559066
-0.869264867146358 0.0305433408877244
-1.10987726933815 -0.843606329312454
-0.676338896810345 -0.844843557380481
-0.245589178237877 -1.10387717759763
0.76589490957972 -1.12181631247056
1.95690115343108 -0.318863236710253
1.49513023725391 1.17943594307035
-0.221449914610957 1.78695444082236
-0.839751610781229 1.12836600413331
-0.970014420793749 0.336892021954698
-0.987365754006673 -0.437233589067972
-0.744185854653081 -0.882018531862103
-0.364524792969401 -0.938015156392209
0.561644355427811 -1.19289191301236
1.61718300558075 -0.542682462314554
1.6535301756258 0.530363726884468
0.236904200398555 1.68230581174897
