-0.604552655411625 -0.430028890546725 1.23900541025986 0.794700080406612
-1.08187361056283 -0.943145858374602 1.40472677587937 0.801203713962637
-0.802744026830951 -1.33556627587538 1.0433649444121 1.8220138604398
-0.253083391513499 -1.18405481901507 0.741987924221903 1.33624209368108
0.305133337254042 -1.08667028641804 -0.00330393458746292 0.658433065503498
1.29017072152008 -0.761859665818013 -0.378929876089686 0.524965941377631
2.50023698511978 -0.578030367479772 -0.942618846009436 -0.670280170079915
1.86769538777696 0.349763795183548 -1.09411806159368 -1.41131499136439
1.35836507477204 1.06473469005911 -0.990686947736274 -1.67904563849666
0.433924236835594 1.48866271408565 -1.32195836942372 -1.62947616081913
0.171964166258644 1.64834956756587 -1.26441081363504 -1.01790794828584
-0.389632120617126 1.51555946067841 -1.05844866191603 -0.776879149903441
-0.556531569283364 0.909491987397614 -1.02674354214171 -0.565949644039739
-0.373482427265426 0.818988425963632 -0.501381366746338 -0.56785482997948
-0.591411554237638 0.337021441569585 -0.0272025251589278 -0.265057646685532
-0.187397077754877 0.133192865917642 0.0873765686375102 -0.322084463456359
-0.310231353407258 0.0538306482845451 0.483975584848159 0.58618584265288
-0.424117535323223 -0.301531113962636 0.69618361993339 0.447610624509668
-0.734167337809979 -0.397943374711736 1.02239563592083 0.514236585195884
-0.447897423636127 -0.761877458534904 0.886309910244305 0.813501917938182
-0.305333840047173 -0.624698735296493 0.603240230581952 0.723728092592795
0.326063818777575 -0.632909098285137 0.270173605409687 0.354585448553221
0.578675778754979 -0.630970400558764 -0.241744674283163 0.23887262573695
0.965763387904507 -0.222712405676393 -0.687022846600584 -0.268909781891406
1.58340903038438 0.260406648200249 -1.0419107699863 -0.514895891814366
1.112830263438 0.88765914736685 -0.98640151220381 -1.31404430060757
1.00910200164638 0.973540823875555 -1.2184830940167 -1.47496306508157
0.21732246680286 1.19381779281972 -1.22469012530248 -0.985019487926276
0.202452892632432 1.37498209945563 -0.754096120923957 -1.00286473419831
-0.350683837747509 1.08469331832858 -0.646416113971045 -0.954193690900723
-0.457370408660901 0.688653617926679 -0.465342870874888 -0.254104336971565
-0.0112933728965047 0.542179612701513 -0.15551438401548 -0.110759705901337
-0.909968520445 0.0881653149655783 0.146443025550563 -0.111994444494465
-0.789829654879687 0.210948208027752 0.503090522183991 0.287335024777348
-0.760191862189044 -0.378998547653305 1.05780058171472 0.431479557004088
-0.727171063979798 -0.632430872422494 0.537219321985351 0.653755302917569
-0.868047268644127 -0.584248991374712 0.983606400514403 0.895454524001104
-0.376638206688299 -1.09642932863617 0.570505261228863 0.752201727888117
0.212484647938753 -0.835701717026023 0.324476907048576 0.837161347870312
0.822730885474567 -0.737734589703115 -0.124971946213036 0.385426331902008
1.3886683213919 -0.386080418131132 -0.632188572713574 -0.11325500654253
1.81312281044064 0.146330905061024 -0.868492880994695 -0.876866562122485
1.30403591931385 0.683363028418734 -1.09101801559134 -1.27926229235999
0.721231555076945 1.09775988555051 -1.05704907401489 -1.4759427199019
0.430528197627136 1.5985955861331 -1.10916983948347 -1.37514863127429
-0.227099312660918 1.34974167702706 -1.16010164033191 -1.01645460914037
-0.279854487631956 1.2412622249091 -0.87743583652458 -0.5984300412812
-0.572404300648603 1.07040064389885 -0.678543879062547 -0.526608464284462
-1.08455070528499 0.582982322087173 0.207912117241139 -0.0756449030348839
-1.19638100227539 -0.00425704422090467 0.946952875184725 0.500118115666705
-1.18615450011458 -0.148962041113244 1.42225642251856 0.230445723336734
-1.32173825855312 -0.805335837004507 1.80141168330938 1.17598046071568
-1.34337185898129 -1.14077166172383 2.00541489623226 1.11933987020287
-1.38897472748339 -1.39145084498772 1.97645662698302 2.03741657461647
-0.926476894317471 -1.69519866535595 1.66766700626403 1.86385632851912
-0.446567452314975 -1.51991251863773 1.52871587131822 2.23116795802111
-0.174799313033797 -1.8174905452879 0.862918145242474 1.93286052878475
1.05720570976517 -1.50630643191945 -0.319585006981546 0.829960690395022
3.08791958742423 -1.25972333689167 -1.1670424625854 -0.480450281711886
2.86305072635888 0.0437051242361908 -1.29227578792486 -1.39784104029473
1.84241368282791 0.83465932343288 -1.36826319691332 -2.02139749067328
0.8049161598446 1.78306733535902 -1.34598969294066 -1.97341788349853
-0.372798791518411 2.12565652366176 -1.08590862510015 -1.85022787376191
-0.73770610043003 1.75299811511649 -1.09583214110256 -1.21242996663267
-0.664700441578748 1.51441413598735 -1.44975888491735 -0.624513886777336
-0.0363095159985741 0.958227491070481 -0.853133975845058 -0.234387872270968
-0.177554474653671 0.616368366879472 -0.764137694728335 -0.0330205614362937
-0.394163471936131 0.51022366006104 -0.543024408774568 -0.302684506006268
0.18495415474607 0.494272083143459 -0.250214850545518 0.0151252211637972
0.119189951943968 0.253866144585022 -0.160054764476055 -0.228504546504249
0.053504606050005 0.19688017719632 -0.0707109503581966 -0.138229516484759
0.100883600560756 0.287540711041317 -0.0930807521410855 -0.149816843998996
-0.268141986548003 0.357909968101292 0.246708361232484 -0.055847448902087
-0.412100521617509 -0.0578052131904135 0.244937612242674 0.085626195473742
-0.558463752064782 0.0285611228061309 0.780339801514772 0.264439773519054
-1.03882846867236 -0.226623027479692 0.912491798396268 0.960670882084008
-0.886121650603794 -0.479565769766094 1.25935003864635 1.06250724589438
-0.526761797607528 -1.10447448302607 1.01658905944259 0.992792845204289
-0.881980344606814 -0.935817932084403 1.28656997191043 1.1651974183539
-0.360262263224028 -1.10980798357075 0.801796112470242 0.756387760459946
0.15787629113866 -1.18304475122779 0.402471721918509 0.577777021572738
1.26862383591605 -0.68706404576197 -0.0466337395994919 0.214480276383583
1.62661353416449 -0.202516939113571 -0.752309692438239 -0.77386103606765
1.60030542056358 0.402535266705317 -1.24176239950578 -1.02722853088601
1.56577001184039 0.804968820232206 -1.20678169813461 -1.24619557625504
0.565047764389188 1.33679493172583 -1.1735179429803 -1.11436431703998
-0.203367980718334 1.26284448245392 -1.13901801280831 -1.1780190757641
0.00609814195966808 1.44312147307759 -0.800923435039284 -1.34128129463179
-0.573210068468556 1.05366644523854 -0.246886068516283 -0.548216814200314
-0.690307261137727 0.772108080645627 -0.124889110571998 -0.122354620751726
-0.923514640411218 0.0853015940048037 0.292167223123142 0.0794992926295918
-0.971652772578918 0.0463146919639933 0.760596450202127 0.674696455657217
-1.30019833497168 -0.418688303707587 1.14191930080962 0.623016340753752
-0.935159789558142 -1.13972090161117 1.81293027349888 0.9769941400226
-1.19685120017501 -1.19094440813684 1.96957268895544 1.22501130376397
-1.67300470921795 -1.38968436557106 2.09313713115917 1.64947999113617
-0.94295707408433 -1.59851609306431 1.67681550308792 1.68823794284083
-0.570260598198379 -1.71886421073374 1.1991141740872 1.28682015378411
0.390325595154043 -1.65928977973305 -0.131192419305771 1.22677468493935
1.84779028192333 -1.42562417176329 -0.56577024118566 -0.0162706074160969
