-0.745454196563219 0.995155165337769 -0.595942695597108 -0.638203308365629
-0.429024594109815 0.638227880490974 -0.303157129823788 -0.335457477750786
-0.228191645853971 0.379045484093048 -0.199518082000849 -0.0142938353735093
-0.370818497528214 0.209493473789018 0.0348691240814991 0.441643112943528
-0.290807166383167 -0.159119496057041 0.544547210649973 0.433976438682948
-0.290539575725916 -0.601047680625785 0.678458579992827 0.640033883559609
-0.6329175487731 -0.654671229326576 0.923732172294987 0.558337352285021
-0.678830863042312 -0.723725584862233 0.681130578612729 0.730106239891513
-0.164057110024599 -0.635886803070128 0.719504928604372 0.722130999155376
0.187017175707651 -0.908709140043996 0.357847769039675 0.712772012503151
0.632946036730806 -0.433921680482263 -0.0165086097548023 0.431294645254816
0.807715855791662 -0.474560872411646 -0.504707868924313 -0.147272258043078
1.24174874736996 -0.0485274667187406 -0.857425776874506 -0.716085541331421
0.996109315486313 0.40366062423932 -1.06525543667874 -1.31044554891535
0.821281222253371 0.859803429317284 -1.35216287177514 -1.35702515649058
0.40709474844862 1.05623663151491 -1.13755316047481 -0.973067615843585
0.283619702031179 1.24234344842696 -1.14006189432574 -0.869140722086933
-0.410552192073265 1.11743589118194 -0.484612058714578 -0.674612970373611
-0.0513969023787601 0.892321213511661 -0.198911908537619 -0.484943160964841
-0.355146690904389 0.405964590668475 0.217615720756853 -0.120256498069268
0.0314635344406144 0.16459181167965 -0.0175394337417067 0.0023379479630453
-0.863395921851069 0.0173264451541591 0.852048219488602 0.441812592775314
-1.01635741252746 -0.445584471137352 0.894635531474541 0.69865768581254
-0.765701442922149 -0.573777289809722 0.798022528491352 0.781245924960176
-0.511666811339876 -0.942097582909241 0.817977390053255 1.07714387581855
-0.300967684255596 -0.990856230228944 0.714342857853715 1.3253097978805
0.199543795797791 -1.12994332807648 0.712177677674233 0.759142016044573
0.262368026923992 -0.75157122173983 0.112423258757091 0.288724755229273
1.25571110348647 -0.487120029592684 -0.375157109773461 -0.0201192514962094
1.48406629367069 -0.00971074398432467 -1.01548450384953 -0.882775224257247
1.2269706275821 0.489429357799191 -0.832458188586196 -1.17710456468217
0.729340076599198 1.12478176193666 -0.968957413338652 -1.2348231345001
0.157125240893859 1.33720239427842 -1.02271802028466 -0.986617556741035
-0.0931571819528094 1.24246653508114 -0.735388179065021 -1.12733078872795
-0.359083417898897 1.08582262095805 -0.743135046751788 -0.777720931183932
-0.544938251982696 0.768483081227368 -0.295008509182349 -0.463102719954189
-0.981871855487482 0.49575096474452 0.0654271042299785 0.138309247693874
-1.15604098708471 -0.238862733481018 1.04906936034213 0.539837430315501
-1.5662483339094 -0.604801688106136 1.76675066548377 0.72170714476454
-1.29322831688252 -0.708394793968948 1.78966040764716 1.22369702098569
-1.7505229712276 -1.27826906791205 1.88198551469508 1.62401796673378
-1.04565864063702 -1.30004799577623 2.10686099156318 1.88752928862816
-1.10345498257149 -1.65436448412752 1.81124379136158 1.67416277409378
-1.42123143111601 -1.88216174280289 1.6439974342742 2.16284424553734
-0.205673912021413 -2.02781544355024 0.780094257405449 1.68639341218759
1.27977230124292 -1.8353378293489 -0.0994992327389318 0.992522207136674
2.90981733158504 -1.40721650839629 -0.963897168740079 -0.344594522015669
3.20876269517966 -0.330006072036707 -1.08538592524785 -1.25569983460264
1.63614052340142 0.842101854742492 -1.09996615180177 -1.80556236054948
0.935685353367488 1.68089183936779 -1.19375552089054 -2.15687787130241
0.215599678990792 1.79949066894699 -0.983606236056608 -1.58361472157783
-0.460326515088049 1.8565184210432 -1.22130269143508 -1.43979875169241
-0.64609940564122 1.60844491990661 -0.793841883768663 -0.605380547338016
-0.244979705220443 0.982283687069347 -0.797405585880373 0.0673044398745586
-0.335350654089843 0.442095733333942 -0.410224167608956 0.155675882906544
0.081992366438004 0.275623482689164 -0.195587267664037 -0.0469413537840845
0.192635939677092 0.148523136826591 -0.208249166325035 -0.110941014777312
-0.0264566959457413 0.044971997114814 -0.368629282676913 -0.153025406311928
0.110462382308049 0.422539247701381 0.104403661625496 -0.192769124539683
-0.430159757716042 0.177148926586101 -0.0706113198457547 -0.165509547188434
0.13630503462513 0.377315856905819 0.099871907119052 0.264844839707912
-0.343887359065944 -0.0737414145486164 0.462814419700407 0.130080855385255
-0.871252017659506 -0.157575147890074 0.834507032512022 0.440807371766328
-0.817439670945761 -0.581117943455191 1.10709905410499 0.663072204991624
-0.910926792244998 -0.546640255499695 1.44171300231473 0.95334752915144
-1.04464420971353 -1.12086304839381 1.58879210725934 1.06202161933249
-0.787511283283635 -1.05779013798344 1.4750823836203 1.36460777973667
-0.114211203537904 -1.21654721958985 1.12265354536629 1.0432563075008
0.261755758514033 -1.00208959396162 0.272030944327211 0.204545480969962
0.923649794546271 -0.865169774961711 -0.245689676291137 0.475043402965385
1.74781022637534 -0.492345964209249 -0.548766732063816 -0.55152832176101
1.80423792842812 0.0747810216314679 -0.646549053899629 -1.02879180714887
1.10446212585396 0.743586940083837 -0.945089583501262 -1.64344945014248
0.591147451300563 1.0956323603458 -1.25197887987635 -1.12156410876792
0.222491803723859 1.35682870007083 -1.16356685883998 -1.26222979624701
-0.0356703114279673 1.17905023281249 -0.924758790529253 -0.762434400516086
-0.442617790775824 0.864044988092221 -0.602025750476376 -0.797062945939771
-0.521501067550495 0.750622767015783 -0.240670431301276 -0.0477920693769675
-0.909619027769742 0.191350891499314 0.3646626986837 0.22237570422404
-0.694001356795678 -0.155625782540386 1.03294657846511 0.697238754216698
-1.41209718623105 -0.705883330589164 1.66906371041738 1.37266456792167
-1.12441703976948 -0.954059917547681 1.79754660274202 1.23411023654948
-1.92539990046696 -1.30263710480773 2.02218001736088 1.60331401201985
-1.12910809234909 -1.6629373122438 1.95332387318542 1.78718157863322
-1.13968364383587 -1.58835288228982 1.77381818175845 1.8492353511353
-0.422907457752277 -1.70325720428326 1.15538730882364 1.725054464264
0.353014367122675 -1.95227182752767 0.259956301909276 1.14856600502632
1.64960520832938 -1.44371052996797 -0.328222237094978 -0.038075462648946
2.88695294891525 -0.504852192416767 -1.12246368205866 -0.938581633300721
2.45143772465092 0.63707309627263 -1.17743379128803 -1.22124871595519
1.44861860952137 1.2834368314486 -1.28249904973755 -1.61747583349892
0.25605125507964 1.72904575573588 -1.43800069172143 -1.73991750152681
-0.35922502462185 1.70848100516918 -1.32133725573382 -1.33196742286216
-0.282729387486419 1.35944241331764 -1.04700717012671 -0.840493336806717
-0.24392917083734 1.04388826856127 -0.996846089812431 -0.354201231359673
0.0324812146585577 0.709466511044414 -0.91140951871264 -0.678413251739095
-0.125745526816589 0.583114843103946 -0.824376086557421 -0.24246027514726
-0.0250230186950516 0.575866911844822 -0.750234762707225 -0.117463666371618
0.0536927757034509 0.533624619548083 -0.821055018982532 -0.131816392327778
0.235152509609951 0.322747060028461 -0.548669796075469 -0.521957462840058
