-0.841605291956718 0.67810842053319 -0.146472112802428 0.0797595952381073
-0.540290979463681 0.0277771852707261 0.416651070488202 0.407242743083382
-0.748137556021582 -0.192376985459063 0.966617287669167 0.6218771732035
-1.06241741462047 -0.657964812209578 1.3002638193325 0.654550780830428
-1.02323421750232 -0.910716768986937 1.56645041548727 1.13879881356157
-1.24908519701999 -1.0954877909331 1.76845790674496 1.49957382549786
-1.34592522745525 -1.24082032754977 1.49735657305754 1.45945020186761
-0.770736655186452 -1.37129603297013 1.33096301495879 1.81076701440663
-0.105004277474654 -1.55006235704301 0.869435861489018 1.24748616847043
0.463319658651047 -1.52047722193251 0.23020812198482 0.64657972870105
2.12776738548127 -1.26216686525132 -0.594010128879115 -0.173985796248968
2.55294207639662 -0.273040888959115 -0.921254017786214 -1.26686503009282
2.2395320414949 0.750007269284553 -1.39548068414266 -1.82804016229202
1.28852754208129 1.56130687925551 -1.24500808829703 -1.67206442176685
0.0391640726901473 1.70022252430337 -0.967440528304124 -1.62813024306823
-0.286948881762101 1.53899753350591 -1.05389345017769 -1.08832580193933
0.0723995118387107 1.35079556590197 -1.0487451304073 -0.850241234765959
-0.292748557190439 0.836958511850994 -0.88600846156697 -0.302909201633101
-0.309227035200378 0.731711121300362 -0.54847862884228 -0.380754660119026
-0.332716272874953 0.467356344728677 -0.19603276711007 -0.164279356393178
-0.145239687894624 -0.040237497576819 -0.19520877091078 -0.116886972894963
0.351305271749995 -0.105483173439123 -0.148012499933973 0.15365464558652
-0.0206503622546707 -0.0506199146547946 -0.123942804531812 -0.14239359845776
0.286098700040748 0.196502869379187 -0.211578599362276 -0.406410215002467
0.18458715269631 0.0519566073743585 -0.172865388730456 0.223101218321209
0.401868934395872 0.0670997595975417 -0.300878432982642 -0.141121679469043
0.18413283701844 0.121479777443822 -0.203372083013032 -0.388129295264886
0.200216190848682 0.385579550204747 -0.298893595753791 -0.316623366898145
0.141773402192148 0.490785899852689 -0.437040279249367 -0.0312816388909768
-0.0520782114766987 0.319803176675414 0.0751329883903466 -0.162226727103846
-0.391772312576503 0.295974280480543 0.274615909239243 0.0536962149125186
-0.379991869156247 0.136259919297283 0.230493048709264 0.250775837430389
-0.499053033089695 -0.208261500358187 0.739657149071447 0.457815855072024
-0.666015935856157 -0.314799574392851 1.16749428561778 0.665227585531447
-0.443313370618248 -0.721663710240696 1.04604785243934 0.703717600747098
-0.776890382491689 -0.84472297301113 0.893402633348236 1.13005405819743
-0.773727827268063 -1.04196408342597 1.31171153079113 1.00779973660927
-0.528176654432464 -1.07404762809329 1.21832540885619 1.23974805715464
-0.427244888851995 -1.19817577765976 0.803495519936775 1.15267720535155
0.363211055273767 -0.942318393980649 -0.000843655342194066 0.804043930636575
1.38067687081525 -0.794255051265142 -0.751101833214843 -0.0443720574871686
2.19991961284769 -0.0408932458296482 -1.13078220881062 -0.678583708928248
1.35936964431573 0.83890926322673 -1.33213435337177 -1.18763319471578
0.71947073261428 1.07004490728581 -1.17848839380129 -1.30326269213148
0.24432459763511 1.41023421963761 -1.01235461290116 -1.59202497353986
0.0112791529241462 1.36037062035255 -0.729604209219554 -1.18678763253187
-0.214966163569001 1.07384861373522 -0.671858804644001 -0.838634997378818
-0.444486227610943 1.0294514545228 -0.733836061920605 -0.390332398219924
-0.0914731436669161 0.784869047854893 0.0539633647603427 -0.474489636090394
-0.798845051449672 0.213621924041473 0.277934427455849 0.149840942628068
-0.86201047732427 -0.0290199554572914 1.18167133151499 0.657848168590998
-1.49237990748479 -0.564023784351064 1.81037543060559 1.25942783501305
-1.58678704090262 -1.06515885701156 2.24106711342351 1.59845927489814
-1.32272300669496 -1.38826743486912 2.33099840621429 1.82148851624372
-1.52802675762955 -1.79154847015244 2.33496244480529 1.81111909590121
-1.12841783557621 -1.78081164208575 2.02341763884597 1.97035687727334
-0.556460102451541 -2.00560254399942 1.68592698814656 2.09435308991937
0.207149636449681 -1.9358523885146 0.9506737215981 1.51516883580115
1.49439823163561 -1.9768441385036 -0.0932373695537917 0.674639920374269
3.17215093983555 -1.32361623012797 -1.0049794434999 -0.540809736197032
3.38767793452665 -0.0620568572823805 -1.15684298743334 -1.67532488716424
2.12773404248723 0.802062944816317 -1.33330834992745 -2.06234210765039
0.86024385313412 1.68590508895431 -1.35011473817691 -2.41480861770645
-0.384327848439499 2.01022383028989 -1.0130112258904 -1.64344836777225
-0.61397907993712 1.73359393743652 -1.36910295389328 -1.04720748798431
-0.77577329838928 1.39581867857699 -1.07625791921773 -0.704255325817761
-0.408891600472605 0.996788480129397 -1.10212676842086 -0.287240639053525
-0.274574227187465 0.700803469395845 -1.08796419804043 -0.270657830746441
0.123726359538909 0.668890264611563 -0.786376451047613 -0.16540394280319
0.0294940870535088 0.382012911826056 -0.728175809567833 -0.29778395004683
-0.130325072881308 0.436931887571768 -0.781832732008997 -0.4259756112196
0.250356483201705 0.366520322793235 -0.691773810164772 -0.139100972376078
0.13618783369737 0.563509993075383 -0.516515589022566 -0.477383857864251
0.076884043208768 0.354069968068326 -0.131977440645936 -0.391263906547458
0.278776591994812 0.450880475757091 -0.555464501143503 -0.517022799761353
-0.175081266191206 0.374009567887954 -0.123482893177384 -0.201417335838489
-0.296314924001242 0.535659318774081 -0.174042575618529 -0.256747662994346
0.0371358441459785 0.361036177768307 0.17664850130958 -0.0876925936763469
-0.538497072484512 -0.101411321617427 0.455649947981499 0.297553514120471
-0.852823264782239 -0.237471314856368 0.860190327008845 0.573479526805955
-0.703322683328668 -0.49318192742527 0.983384692329625 0.559927178238307
-1.12078736982257 -0.863985052875564 1.2334092200474 1.16988911128408
-0.853431749777316 -1.20951817786111 1.43963394833992 0.840149632229685
-0.660163268767515 -1.29729913999479 1.22876452815052 1.24710959736596
-0.640658698272346 -1.54054859017145 0.98283335168805 1.48561556458077
0.110794923628427 -1.35475942660107 0.300514530084401 1.058044559042
1.15374254591622 -1.20089588191365 -0.421765921922896 0.256612780847109
2.01808790430052 -0.553879312085671 -0.932125346576212 -0.506004346016084
2.01430711280489 0.209587869567202 -1.07573339067418 -1.24433119479953
1.17035868001475 0.962755866998024 -1.07905999246305 -1.09833207531812
0.679954318611842 1.40625846061908 -0.916197261760973 -1.67427382789415
-0.0657412678000127 1.49639162690922 -1.08627550737458 -1.37026151581224
-0.516374953539091 1.39019196611392 -0.882419897194361 -0.804858236333876
-0.458576459842254 1.01495818299448 -0.677744614945784 -0.580067276630755
-0.27591247556414 0.806250369510317 -0.850435446428365 -0.114404586148312
-0.405688463343927 0.292453956022212 -0.552384717137246 -0.301286374234666
-0.639302106446013 0.284596928190659 -0.000908503065617244 0.0675901310312414
-0.25950465090844 0.0286842342212158 0.405235350336895 0.383191351079314
-0.729703949644375 -0.427853876624299 0.874949681006748 0.693497412681469
-0.322484244309076 -0.545421126172824 0.648273598738543 0.462736853372284
