-0.96112435922055 0.703866640415159 0.580600337553737
-0.230666050949276 -0.393007112824344 1.35694371420117
0.690383587796758 -1.01436617549945 0.500062315095327
1.24878086258906 -0.367614783340923 -0.714768198883748
0.598013805495878 0.505821104792388 -0.809945540862491
-0.542823258792022 1.22641576229205 -0.738852734069627
-0.952103900264482 0.421332827232553 0.544550737153976
-0.558638290442047 -0.249764906831074 1.14900092350795
0.308913377655366 -0.567443758299395 0.470687648301285
0.770615425590198 -0.575499907691225 -0.43835097106159
0.481926360345469 0.267953309076415 -0.868870112183375
-0.592439166601586 0.879342643205094 -0.762705112980102
-1.04255592122789 0.339366142541601 0.342991920311013
-0.951769281720043 -0.409422243166253 0.809824217090561
0.523399273896276 -0.593678523032097 0.423979402759566
0.908278189809461 -0.538023403984288 -0.338706481000546
0.590035857779427 0.18144415029954 -0.860436620620107
-0.538227654001953 0.979410309814682 -0.328145834934929
-0.766329392203509 0.558791902842913 0.345809461653977
-0.792623502581773 -0.224332769602091 0.925701674468554
0.637597674895793 -1.04840384631429 0.602391836982232
0.869551088698729 -0.4721958065803 -0.364616848244822
0.911349868670272 0.433038009839616 -0.84931737206765
-0.308705924350163 1.20176205834706 -0.458341217996133
-0.842689815570347 0.788096299840405 0.59140951226484
-0.610181026507425 -0.383314478817991 1.02467206236463
0.407003188188047 -0.651443072947529 0.74267297919965
0.946759430781516 -0.590924856255889 -0.130535289682878
0.728855261629031 0.660781774560673 -0.925106113973531
-0.722250358287377 1.58085155024288 -0.814219434202055
-0.638550777235934 0.945284002223685 0.0690495357288718
-0.227288000832005 -0.171793887327987 1.25058002733372
0.617813981402368 -0.896206344116147 0.686620720303903
1.35552241672017 -0.593945075517948 -0.338875711105769
0.762853977778737 0.37478670449772 -1.39370235254481
-0.113688730514056 0.922594868798819 -0.80977971684029
-0.917761459082864 0.520901030284879 0.313519790853853
-0.78527457832034 -0.639627826296808 0.780566076308829
0.484162390385921 -1.25962054393693 0.827375463653863
1.78859336314926 -1.04934058373746 -0.414919262744591
0.687944931409842 0.46610811243886 -1.23422737578289
-1.05968359671995 1.37358332903883 -1.07274267165075
-1.55185052199808 1.28306561627167 0.570768063680222
-1.168998090286 -0.640948864480713 1.47635106189132
-0.0899361745702792 -1.60988273963918 1.39292347580909
1.05502777016766 -1.09987008915763 -0.679949232911195
1.32884358910395 -0.224509073162138 -1.21684603603378
-0.277772108599376 1.26849239962317 -1.31876577583561
-1.42019645563429 1.32086971766176 -0.11566062645541
-1.63184260796346 -0.105040118267969 1.48466841150385
-0.489841227782318 -1.46685844304585 1.37740014305291
1.02504424967315 -1.71625053817241 -0.144152229898756
1.71120984885229 -0.967070969612984 -1.20090667305928
0.476233665254791 0.642528926070669 -2.00939923518005
-0.868948336317008 1.33189061666092 -0.913595045780439
-1.49883636820438 0.570774838497201 0.423449394808385
-1.51706777977081 -0.907086823773708 1.41796738126527
-0.138373025618998 -1.67300703583483 0.932872869132295
1.52054846925735 -1.45003911479564 -0.655595610356222
1.08889926572121 0.1744234189787 -1.48512198232998
-0.357259443162888 1.64512675811726 -1.2948794773774
-1.65555724581597 1.63005798405887 -0.268154862605325
-1.53967289720885 -0.198057812166622 1.35497661466751
-0.48988051549415 -1.40059202967592 1.26488173736606
1.03612630490427 -1.52154705818396 0.153606371556133
2.012079212831 -1.08946745193743 -1.23184977432615
0.805328605206092 0.637588465436967 -1.91612035060797
-0.8236611446911 1.283859694115 -1.07577114134267
-1.43795425121044 1.08449170271929 0.227503296098398
-1.38211316268256 -0.866766602451066 1.28496691088504
-0.0677691783886438 -1.72278528813767 1.35183642914053
1.82654147042932 -1.18070562353575 -0.634978997760385
1.21895589257391 0.434477065066996 -1.57842010010259
-0.293441699629843 1.48721519824001 -1.26497178799388
-1.34456178769286 1.37914321139725 0.122891197252568
-0.894375217226258 -0.141645939672457 0.990276534879142
-0.0268026249068149 -0.954394895103912 1.40447328623189
0.878319462309861 -1.2109272439394 -0.219583045323747
1.20478201510292 0.173518837549595 -1.3623260624892
-0.164607994418677 1.23361490183939 -1.11034076578499
-0.877424065512871 1.25854384458828 0.0302888501920692
-1.07824829770412 -0.237118571347553 1.34222529826731
0.0481414686775166 -1.19558559987167 0.835073971897495
1.09463665167174 -0.924418264947125 0.221263677490104
1.75565006744204 0.2089900301042 -1.11468994829132
-0.157531361841956 1.28663071380338 -1.29391962665069
-1.16670060180443 1.12974539126067 0.00567816668041574
-1.04381460139166 -0.14163251757567 1.36111135618606
0.495292105041982 -1.56839355179966 0.827793504047366
1.36745814293639 -1.12874709700476 -0.328051555988435
1.12299186295607 0.30625454728836 -1.38242019797588
-0.238997878771657 1.52120202605666 -1.36133172260673
-1.37275248916036 1.24792745192399 0.540153631958686
-1.15378737565234 -0.477871565913484 1.70446307542106
0.967243953711786 -1.13963186450775 1.26992461593451
1.79865583809961 -0.914250546568678 -0.567852251441383
1.28241637690278 0.950164318662337 -0.904120467180136
-0.425672125282603 2.26376754084289 -0.105221889969685
-1.00751010765074 0.53129572348423 1.80957360679861
0.370353205977124 -1.05212023254151 1.90378815590622
