0.684129033596687 -1.72978459852569 -0.181231696133651
0.991816612445323 -1.11543128257612 -1.15628612265473
0.398194194564724 0.633552539656174 -1.58055466116486
-1.27794810369557 1.06902625865171 -0.79571172627637
-1.81040898864794 0.282708510864508 0.294714506208495
-1.00597632982617 -0.777427962436762 1.21762779235318
0.309638657574738 -1.61296956260246 0.44810863413181
1.45820042519757 -1.2510782515209 -1.04679773981355
0.580679706494229 0.336492854506404 -1.48454220815096
-1.03039622529627 1.27294994390728 -1.00452594910271
-1.24181536986168 0.44982576481897 0.164471566266607
-1.07970333461917 -0.813342449658092 1.42612538240094
0.442711587588108 -1.3313440469657 0.451247606211927
1.14610910879109 -0.783102374508887 -0.783455412273651
0.437728037811955 0.600011882735344 -1.50236018166293
-0.922309967354323 1.32942145241822 -0.800509190907948
-1.05763952711025 0.64275318309505 0.61722373175635
-0.518717266582 -1.31406034410721 1.27537033935444
1.06791979671797 -1.3114982016317 0.0748510269699015
1.0351295029047 -0.359316109830377 -0.949254691908647
-0.137983405558987 0.732397362722395 -1.43918869960989
-1.12699232099909 1.09157643342251 -0.350989116520459
-0.941455742294501 0.055946297934422 0.567643336643352
-0.498975890928058 -1.40299828990703 0.759286026942216
0.700076599944043 -1.20701564844059 0.190465671928481
0.721063676574846 -0.348786419521517 -1.23014445615203
-0.0402185892525709 0.528691652691424 -1.32589956194125
-1.11110539319771 0.871224357139198 -0.184022637102415
-1.07770304571807 -0.0615183364887364 0.923306917468914
-0.228627825798762 -0.865659328472407 0.917551080571736
0.98596216027571 -1.1536512201697 -0.362452716177349
0.9970327868053 -0.091917075388085 -0.741627949603174
-0.534499500468016 1.01897587545632 -0.860478460403002
-1.29024372039579 0.847299481288206 -0.326890466540413
-1.06633718554875 -0.274731183238289 1.16144003504393
-0.0473666616297081 -1.03317018026894 0.748003249806553
1.37090066387303 -1.14150787570806 -0.613589796318603
0.861191493742828 0.203594001162632 -1.42265202370999
-0.854000704649117 1.13253628426353 -1.22869103232089
-1.21971662219003 0.270696800266392 0.127333727698768
-0.819954530328577 -1.05931162654821 1.19566033597425
0.530518141710053 -1.36001510581304 0.521644803796274
1.12034098829997 -0.970283848017554 -0.964261205464858
0.610266452044981 0.524552170053914 -1.44059312275199
-0.88442291403137 1.48101809370088 -1.0049748995655
-1.24709511320718 0.449129594475111 0.357475159242784
-1.16161427402712 -0.886883160813834 1.02472148510442
0.671605026031724 -1.15681434905812 0.380124612992968
1.39528067794761 -0.598399492822828 -1.08074851221217
0.278929531230719 1.0720508988105 -1.28257139386576
-0.955535387784897 1.22194261669086 -0.303243249790906
-1.04974407136604 0.121307145133902 0.743841969362804
-0.119105832219422 -0.999015793833165 0.974992881229628
1.05405978513185 -1.04553511994036 -0.00601185336447195
1.10096902320017 0.179241235050848 -1.01143067633089
-0.601767823834816 1.34581639641143 -0.734001444317934
-1.1704210281065 0.62112767047215 0.423545809169688
-0.64099847647605 -0.871015887389907 1.3302374993355
0.866304476572813 -1.18872422436714 0.166794337558727
1.45361670597294 -0.197316077672708 -1.0049602954085
-0.0840643754626796 1.3687058954093 -0.87659440633588
-1.06754046333002 1.01512217268579 0.376485143457852
-0.904123188389289 -0.494655568809416 1.37146973762055
0.56108600023127 -1.15577728302507 1.03814570797001
1.7043808200543 -0.57089675998227 -0.38974099961121
0.41871512100704 0.619082460967946 -1.29585985600807
-0.732196850056088 1.7807794376722 -0.270016489943424
-1.05793994606613 0.131776290073817 1.58936591184796
0.167288777064328 -0.948077745094611 1.19641064562846
1.39290839044195 -0.561441323566483 -0.122647440019681
1.18729220999658 0.744794383371506 -1.21985560890241
-0.85695082372046 1.59728669359384 -0.367841774769038
-1.22736657352316 0.483045780630954 1.32677009123494
0.240939633804663 -0.878711228375155 1.72749666810129
1.81546775988243 -0.873332221564784 -0.228951701948324
1.28352945702958 1.08687735960222 -1.01622761763858
-0.849307965826497 1.79171633783578 -0.078738698538712
-1.36774297571293 0.377417118487139 1.50059018768267
0.140165900020006 -0.820886924551901 1.9802836279181
2.0073351623101 -0.559592271990609 -0.0227888847250658
1.07025602539512 0.808692051818165 -1.15735742347029
-0.603679292042619 2.0074942795064 -0.475374899128611
-1.16312747912509 0.648938220880043 1.31780798796906
-0.136222103946733 -0.753966366162572 1.76106424376901
1.3841412451801 -1.13163050324058 0.0213636780939726
1.17468253185177 0.35091209856695 -1.18581119718078
-0.490892957352429 1.90519705612994 -0.617828876464138
-1.20743445634163 1.16215762755729 1.06517762505868
-0.426169700305074 -0.855778021645936 1.80807062505777
1.3542212985105 -1.25096062560571 0.26766467900017
1.64180542667731 -0.188936824173379 -1.18587642380717
-0.0471979568641753 1.638235967987 -0.765822548159093
-1.16448292306995 1.25116995525514 0.509108263720833
-0.885829616485061 -0.513206163410504 1.79944487637573
0.931496733060434 -0.949151195870761 0.883480221204624
1.69760101231501 -0.157959804224979 -0.708097905055127
0.377584067492045 1.4327280665671 -0.950387515339395
-1.01062167991158 1.45077897386858 0.473768526055859
-0.64521846710285 -0.0476290145576463 1.95513078204084
0.877638542268755 -1.01255971217091 0.687564661234445
