-0.637803357900721 -0.189904577358688 0.779416493762243 0.390439702817839
-0.880760078755772 -0.373801289462883 1.16315186777933 0.777887330979091
-1.13134141512072 -0.620574180080261 1.32388945356766 0.978787399289003
-0.657491189924485 -1.00569646554813 1.22719159206265 1.17797853752856
-0.817862656655128 -1.3912080906443 1.29825082626552 1.43482977876572
-0.240016206812734 -1.49517925451893 0.773762557808538 1.2783719817433
0.378321196268869 -1.38795122357753 0.450694550145698 0.894176880118284
0.954260074140138 -0.842863967555493 -0.508009514490311 -0.0292240757111794
2.19640157907651 -0.421840392547337 -0.975540883827154 -0.42512576307942
1.80885955010479 0.355216088119793 -1.13410814009647 -1.47392266831453
1.08233302594081 1.0010955347203 -1.29543724483167 -1.63137334319179
0.340573446582551 1.49156270903037 -1.48711453677621 -1.6033163106325
0.16009390108154 1.79182601470648 -1.21196153547132 -1.13407725453955
-0.495985221614209 1.59734058412583 -1.26652116738902 -0.861931239711272
-0.470549112532627 1.04606221404421 -0.916605622743201 -0.408143111990025
-0.152957326204675 0.704425982801501 -0.499612973614715 -0.578116660250098
-0.365988555884415 0.59485910341115 -0.339342753415323 0.0833426313015532
-0.461916845810403 0.0415789742305815 -0.246466927708775 0.260829591861419
-0.484913628301633 -0.079187734677156 0.535659679714479 0.091536717952041
-0.782488018906365 -0.274771644077038 0.471101981275608 0.620090314161218
-0.691772917796391 -0.506789467606202 0.603520873371753 0.801053673858284
-0.316990805883941 -0.885378211756386 0.725998686144239 1.17497945238471
-0.382532521325763 -0.814691784360901 0.799903664412464 0.872151521539864
0.351648276904308 -0.696376494680905 0.457401681624755 0.610492007949065
0.819669346513001 -0.385254815056599 -0.253319957425528 0.323095937787083
0.934128296575718 -0.246031414118927 -0.770464363556939 -0.180882685545585
1.58702841796266 -0.0367864517953852 -0.966923146666715 -0.575563556058572
1.35928398525948 0.663054657061479 -1.4288291136056 -1.05498950721214
0.846122467226947 1.04110336280065 -0.941450055474053 -1.54736502266102
0.290531393601929 1.33468701666785 -0.923649845825091 -1.18289470535744
-0.178000200907643 1.23048479934244 -0.88196738096133 -1.13172730942496
-0.256276791086679 1.12859306740662 -1.06953324516219 -0.436793720591765
-0.31174797452181 0.919744021791536 -0.477378321794311 -0.589991272614518
-0.731889834286233 0.329118628111697 -0.0716585528658134 -0.196172044933381
-0.642624763632217 0.133016411366223 0.188329140613811 0.108119310609445
-0.720512650543588 0.051015552741074 0.405101522485279 0.0626019355401072
-0.838659387375035 -0.383108586099772 0.810361391939925 0.379342479562514
-0.634857848990716 -0.533930911737893 0.910170658612358 0.658984426992463
-0.796133901267638 -0.732438201524295 1.14564443207305 0.754756864813853
-0.389703401361051 -1.01903927242248 0.833509622928308 0.990157915062922
0.389860679544349 -1.00751882445073 0.407715256982364 0.635218094505241
0.704604387100501 -0.69682080058291 -0.139000766761507 0.589155484137922
1.51499038103925 -0.332009763127658 -0.620060299992944 -0.485370741479769
1.69448325171656 0.0250354178402801 -0.989611472315998 -0.797002776002736
1.17076528983565 0.579764888937536 -0.83346381410506 -1.28887558413295
0.749883318818443 1.16218098013654 -1.04161742985828 -1.30853146713418
0.365628496872208 1.3970590282651 -1.05466813609922 -1.37316215813925
0.0141561516196656 1.3796182242788 -1.0788711421935 -1.16375508049052
-0.187070031200216 1.09315189830613 -0.93810573051305 -0.873010556597632
-0.679183318515299 0.952945734304782 -0.452342506869043 -0.375548116486839
-1.20446703509167 0.455773666731554 0.291960100672051 0.0460014446061585
-1.03142565911386 0.160863233061348 0.804396007011048 -0.00697137557235029
-1.1213280298807 -0.179693537099658 1.3149975014403 0.684274635625167
-1.14938658241969 -0.781310763721506 1.44789145651966 1.14581394200863
-1.36930313228136 -1.14062817594083 2.14910437693478 1.51953875328233
-1.41028480960618 -1.45209357232169 1.87200583428954 1.82962376355866
-1.26298519579742 -1.73346792891412 1.61800868492294 1.71057123510278
-0.825024002914546 -1.74702098990778 1.45601114824637 1.80871015843501
-0.1505794326447 -1.71747358832023 0.526434990326866 1.8529432680077
1.33392510167186 -1.87702938727925 -0.337962569727268 0.618432970347101
3.15876619768776 -1.18326871349224 -1.06870885362019 -0.635032834350385
3.26505111205472 -0.0402158155510343 -0.963722229928283 -1.51987466176165
2.32005931270782 0.993287728766563 -1.40814213139044 -2.04845438088694
0.886842979740541 1.69669305090772 -1.2936243136835 -1.82615453669302
-0.102586244436046 1.98028217553433 -1.34585333284384 -1.98936936715434
-0.270400489913353 1.58924829727139 -1.37573885650861 -1.39254132141328
-0.30770772906981 1.59020464135722 -0.915997544507364 -0.842425362733306
-0.0171526224968565 1.05323602403238 -0.760275891812001 0.0972819267795267
0.068686412736717 0.596702684526815 -0.622862112449419 -0.180839982978184
0.0322252662292464 0.510797146194777 -0.390313478929074 -0.0564196901560599
-0.0412892715480999 0.318762703700904 -0.370492176514187 -0.0551904335692246
0.377431492972244 0.354808832203308 -0.0917604203146307 0.0461270814267188
0.00604003632133711 0.405209125189367 -0.29513971725258 -0.338705946891399
0.0513851373729179 0.36273371404744 0.378833226679356 -0.169054785473845
-0.262230271044198 0.172782691685448 0.03349132420156 -0.226973522074838
-0.242819626637565 0.116725203774097 0.175828673528936 -0.185415350254734
-0.577252572931947 0.0322160000316109 0.88883308642611 0.123138537819354
-0.748875305784447 -0.527833947895191 0.708711395295968 0.392229587663934
-0.944007891542045 -0.51203030517097 0.952708026606129 0.995165964352727
-0.611810401852219 -0.767604593032774 1.25915803875823 1.1782381463784
-0.569133777405499 -1.26257778471101 1.19865127943577 1.04989370214291
-0.273464178410159 -1.27610375065591 0.780266210236236 0.943926796050454
0.451663523642017 -1.18881296236184 0.503133098513487 0.116373918122637
1.29206611671017 -0.99381486296465 -0.451358530900686 0.413243141503172
1.91000873002827 -0.0530444752940148 -0.819183312016718 -0.612916847295234
1.78107207532234 0.618821895133683 -1.03559278887024 -0.921950184692675
1.35354541962338 0.850928242706407 -1.13323018750857 -1.37329660961437
0.697800936062588 1.22789685571757 -1.224124433655 -1.41339698194995
0.314852789705381 1.58585419887893 -1.0998956457365 -0.963351607467089
-0.18728507283323 1.33906417850449 -1.11034672162554 -1.08421555894106
-0.702169620760316 1.05742154657044 -0.85851941945386 -0.499349149688113
-0.76421613012011 0.829060604044097 -0.273070355590694 -0.0936570504073851
-0.522145657347493 0.187102178239925 -0.0511600760835083 -0.16935215642406
-1.11112725609831 -0.0665882189172484 0.890410669744238 0.412358164547552
-1.22651424035463 -0.514653141153278 1.49665667701534 0.842473014465004
-1.0436784867091 -0.913141987477181 1.91949928537141 1.2991521545058
-1.30118266321624 -1.25887892513344 1.98952285995605 1.41314165944846
-1.50147433922454 -1.49314701297241 1.7432293034655 1.69330014316332
-0.776879922335571 -1.54160449469317 1.46168725803325 1.50778711651608
-0.0468319394351614 -1.54982475901056 0.9385052361319 1.62365523360599
