-0.129960069113622 0.498964222150735 -1.34221885897912
-1.37516661961403 0.846605885630598 -0.479406234870081
-1.18612292989626 -0.240920356436693 0.626813336390494
-0.549343334616856 -1.32642225607397 0.924204020819225
0.467375920811176 -1.18983532599648 -0.272433800279624
0.391785510922013 -0.688839623274753 -1.21214872069037
-0.445035013602577 0.741424669388268 -1.29457838092346
-1.15525225800817 0.875907830414421 -0.486787135734073
-1.07348547720848 -0.13044156701469 0.60726288944867
-0.224525796751363 -1.34583608198142 0.665932228558728
0.857271708100444 -1.26092000283438 -0.560977128391688
0.821602859002484 -0.246640373171184 -1.49077499188395
-0.783643576795643 0.831819276376621 -1.33184802412991
-1.25265338863086 0.794466213124445 -0.287844289026766
-1.29210989298561 -0.460982142659638 1.07411470165087
0.128778710548216 -1.50102646324334 0.551568371740638
1.33142209392503 -1.28448464916969 -0.733140891869202
0.644855101275376 -0.0935127624474292 -1.45495210135654
-0.991343218348754 1.25364948886648 -1.03595337901134
-1.46899256533256 0.654004829729741 0.304615698353005
-1.26853490872556 -0.938281420503884 1.20713926413327
0.206453813051706 -1.6365370011161 0.347165176436105
1.58243459964919 -0.957959015121674 -1.29714297625992
0.704587784493883 0.556223080085521 -1.64548403446061
-0.836779938331182 1.03346202687525 -1.23197326951806
-1.45908941647593 0.281147844002132 0.335066521300884
-0.823005553202438 -1.11395795778534 0.960790148491238
0.712830986210949 -1.57223186746371 0.287779146231466
1.37718148774146 -0.744452846145586 -0.666594429011193
0.417336971476645 0.656382783220105 -1.24579207418819
-0.963454337333102 1.36914189002757 -0.405877071202147
-1.30637505801866 -0.101871614792209 0.779918935960333
-0.0252174365426896 -1.05505417507723 0.779019474852063
0.93940920751703 -0.964124592302226 -0.198782570520197
1.1953383650999 0.168366584659349 -1.26697036951807
-0.510975754447919 1.34822494551689 -0.910294630547422
-1.53623826305671 0.237224125329829 0.629237718616053
-0.715100728800013 -0.651768484174253 1.40289166869753
0.63706094220817 -1.23635931715087 0.361740291548729
1.42514692085908 -0.528298829665998 -0.851845663815148
0.0690783145596089 1.05434127814923 -1.04519746443075
-0.945852996346035 0.942501068589547 0.121834742896066
-0.813875416441588 -0.420384560360428 1.4405605217764
0.351676907207632 -1.01249341341247 0.629137377975727
1.71500127809845 -0.514763384849056 -0.540384164966791
0.81543278987932 0.90893936784505 -1.31178592593253
-1.110579191775 1.70519582395197 -0.0694039937783829
-1.08876223068146 0.189826374793166 1.12530782521944
0.355998853526194 -1.00952854542011 1.32635004153021
1.67450299088752 -0.870670149698853 -0.115469502475024
0.920818848807639 0.0838688998658263 -1.22131236562738
-0.60797006637127 1.699950044205 -0.286313691839783
-1.01529103514863 0.539498401160262 1.25182175787242
-0.194598283997495 -1.11385379330257 1.24176480736324
1.73829233647957 -0.761363149457128 -0.179472576426901
1.01997738975125 0.961099246712784 -1.25344703803516
-0.720022665314373 1.885967854239 -0.440407805668377
-0.780645833203943 0.483853589563739 1.73019199561044
-0.0108376115438175 -1.1902392579147 1.48623815182678
1.70010675874231 -0.847604318874092 -0.411438217838603
1.00115881820496 0.612392306519694 -1.09549843546689
-0.849952166160156 1.73952515869743 -0.291278258656487
-1.21861756824087 0.443169597387075 1.20922800540838
-0.0929557744577639 -1.04739784095439 1.65332058780901
1.45065314060668 -1.12556783480558 -0.161212482656127
0.930642383679127 0.261994059858623 -1.31031064591337
-0.410186562400251 1.74165395899749 -1.12551968049523
-1.2678687885826 0.760563833623752 0.724334083113658
-0.258991290852842 -0.594524234692789 1.80310514211539
1.37494718154132 -1.25020956826235 0.171463234766389
1.59961795102707 -0.193502277987723 -1.18643787456158
-0.332457266581099 1.73109419025917 -1.08480598102049
-0.98742201644499 1.10184357389074 0.377718522510721
-0.85460042586279 -0.933645940188002 1.8273414775617
0.945096735151843 -0.989298481781548 0.586546237717131
1.6886989157511 -0.218157996633392 -0.883194587776042
0.201234470358087 1.37466805679505 -1.20371173693001
-1.10618462264155 1.04114626279533 0.31480812732647
-0.56739154084501 -0.512412655392446 1.70816462195869
0.503521762498618 -1.09921559149163 0.899915289493287
1.78448626156538 -0.509148302527557 -0.754841430732298
-0.232503631768523 1.6091285922196 -1.07347324143236
-1.14173068087535 1.26082421295795 0.415539998603691
-0.569865232284149 -0.32106674860574 1.57289154140949
0.895791101086862 -1.24571274605723 1.17027904902564
1.69845690016788 -0.33266208601706 -0.710976035620075
0.13440606112372 1.3877622330156 -1.10409063699707
-1.14985853703578 1.44661828016856 0.197265582401526
-0.642060188509273 -0.371944920828738 1.49823401594813
0.67414062446835 -1.0232358566156 0.810198802913739
1.62139056121266 -0.339957701419009 -0.946258805332846
0.0578674586568585 1.09558544149143 -1.02706551706525
-1.03159533824531 1.35267183104986 0.416013079285895
-0.630954847892164 -0.525456593498889 1.43963800658098
0.699716578010328 -0.927432169375712 0.857355528669852
1.48795555719527 -0.204848177836733 -0.705055341765813
0.00973756634229363 1.28744676417999 -0.739325503702583
-1.03525457368202 1.16760392927487 -0.0756457547161643
-0.62720292130783 0.0308039261781204 1.25048350713887
0.707215361852319 -1.27149682996965 0.954844466988762
