-1.00084934109727 -0.899769481349421 1.06846409362103 1.01098065208599
-0.64993077792191 -0.935862218672727 1.19599197716115 1.24000645953678
-0.360091059002994 -1.10058095527479 0.872415741285428 1.56847475629975
-0.108929720340682 -1.25373394726536 0.707313879814411 1.13516042081713
0.69027457570425 -1.05613972384877 0.139044454646339 0.418599291919959
1.56890618784041 -0.769520870316568 -0.621128205019916 -0.045504974055855
2.29839943202428 -0.14106442078216 -0.828557500821854 -0.431054280627215
1.53675708255015 0.696983857802677 -1.20277708670997 -1.08191542121387
0.640173466959719 1.20503980613366 -1.05907153939252 -1.60674645056263
0.0307404388510138 1.54057730860278 -1.2646473116425 -1.26564426477007
-0.353142496956814 1.5435021706787 -0.961414731211892 -0.987203095428645
-0.120497760232725 1.0783962236622 -0.923791310596939 -0.707515290265714
-0.320548048560833 0.883806105329745 -0.482886792714695 -0.509961450802978
-0.43069534505397 0.726507509745888 -0.183602616137362 -0.348387342767497
-0.549973704428302 0.463907391370928 0.285365124936894 -0.21704193310334
-1.08945488505791 -0.0830451113112145 0.955626416655146 0.358432476719877
-1.2919414716776 -0.477856014110371 1.50947844692744 0.924658483998274
-1.52069732985054 -1.01457964541637 1.93156042354469 1.37006838240139
-1.69539353196134 -1.41262250496982 2.21020884382566 1.91330228189238
-1.62605363043936 -1.71080104246355 2.46856683187672 1.88553374549862
-1.47727179089989 -2.04924246988125 2.24482687243511 2.06743913101704
-1.35579149003212 -2.17059464426025 1.71585429415919 1.81013066137654
-0.177469333697285 -2.12579853493682 0.908881344362289 2.06565874017399
1.50957234795032 -2.06841962909464 0.0545786140628094 0.8365991829455
3.07950051923175 -1.48949704426695 -1.29480580414946 -0.473719962105405
3.45422223419008 -0.398089101934355 -1.12312141695863 -1.83043791888837
1.94409096084812 0.860632979808447 -1.40009250155692 -2.07036903784391
0.929610323485218 1.76914286841976 -1.23368486904394 -2.10046933433601
0.153840367008844 1.98851857371475 -0.990848994659948 -1.91109759185264
-0.654028726556868 1.80294742840429 -1.30580727898088 -1.39566899841623
-0.686385445816809 1.3417575685869 -1.04869964749064 -0.821955058427654
-0.386162159700204 0.981119850899685 -0.924846674094687 -0.139312050632628
-0.232593791557259 0.742237246706754 -0.777962226849974 0.285526715922966
0.108937033650401 0.625446064173163 -0.943886306752696 -0.236135252706708
0.313403706266251 0.444010198158373 -0.48027881253009 -0.194280976267309
0.0762665786422505 0.329394390364117 -0.901074285901202 -0.388143832284903
0.391221958178411 0.597057580874934 -0.488421543811544 -0.29654584927826
0.0350578897427107 0.528642671890722 -0.368581751021232 -0.329241700955147
0.110374178586209 0.445132131818779 -0.533181084139175 -0.563156687423476
-0.0474435397950718 0.387735156090856 -0.207958594224551 -0.153165173297194
0.251201483367664 0.238061723257243 -0.205429596501159 -0.0572985994682903
-0.435581965233813 0.428029887117199 -0.0284637057803999 -0.599996386296147
-0.361098453800732 0.487820327732981 0.116890761435529 -0.119580169334817
-0.434039602486268 0.273853834695335 0.486817861611474 0.212234083887287
-0.78526050034264 -0.121979606728622 0.73890699743277 0.392916610453724
-0.968008120632716 -0.54084136602879 1.19740129645056 0.582041456170161
-1.278608789386 -0.762481992844269 1.36422882496528 1.27209797056702
-1.08572067383372 -1.08788042395607 1.55864087332869 1.1692595814877
-0.904272155349358 -1.39149169532282 1.37876974307174 1.44045329646713
-0.247574768630762 -1.40074827983976 0.851889309800869 1.27394898600337
0.386147138360351 -1.50995843304722 0.363099646517273 1.04978564759479
1.08641422173251 -0.957575723715635 -0.440190991454018 0.0300771042163627
1.91699285568732 -0.506246665078367 -1.03456352577762 -0.668413269721208
2.05202324887037 0.377303417415318 -1.19589678439844 -1.16434091891001
0.95680967443117 1.12074102351251 -1.2348242236851 -1.46635223298442
0.513328770793204 1.46831327748539 -1.08777783876127 -1.68405405160507
0.103416678699094 1.49426679722496 -1.267870365389 -1.48291034325747
-0.447461063445844 1.25445135016195 -0.828630597566539 -0.827712002217711
-0.0709830989119022 1.13307030288439 -0.90389675157095 -0.641644483359068
-0.463470268915694 0.718287111651669 -0.339545194614803 -0.312612065587148
-0.629094243392526 0.28751039634894 -0.338158074833333 -0.0565648111473077
-0.690465683207117 0.156514537278953 0.229626509860988 0.282918795345548
-0.633823288431951 -0.0764697118644749 0.680448773084806 0.567660705825778
-0.547928910113954 -0.539380054697456 0.757402482028775 0.398770967732247
-0.592688407715157 -0.680435662109575 0.875781443110098 0.569467049179851
-0.727400080198681 -0.755373968652353 0.976393368250642 0.710253594986283
-0.317401054638393 -0.71778133483668 0.351568537000395 0.873724264132287
0.399630281371334 -0.677622754887689 -0.0183368452464798 0.788062773935323
1.14729886883027 -0.385558180156064 -0.0583923749063051 0.533191325190522
0.961871593510358 -0.277021591940443 -0.675019600722011 -0.329963059256062
1.00845912383007 -0.0521389205845976 -0.406811547340854 -0.6010105310435
1.02852556780328 0.661873673514607 -0.865451686327414 -1.1253430666394
1.0409032007055 0.948696654996123 -1.05708917613864 -1.08242033334296
0.458202706782959 1.22927174615253 -0.918881153701541 -1.0091995564887
0.422216097966859 1.21142597379983 -0.89941416814884 -0.7361166562542
-0.197621524680631 0.852308551397827 -0.722431547622197 -0.697705051549812
-0.311224724698764 0.640163327913788 -0.402294971619029 -0.2975924408295
-0.157228713278187 0.243180164266631 -0.401298931791495 0.0269166330719697
-0.657784481824082 -0.00109171392826848 0.401093565477819 0.393060701323603
-0.688298921231445 -0.106157508635174 0.678356430329975 0.229332275574486
-0.607034557931126 -0.197909757432595 0.616364443810862 0.421800830993263
-0.574896132888684 -0.456012496347693 1.07778966871758 0.751756239627592
-0.634918302777072 -0.820874056232477 1.12525202331334 0.875277040803116
-0.514707477132105 -1.03929074524462 0.640586165819338 0.978412845205378
-0.123620278225283 -0.948647214150849 0.602481907072042 0.790215096877862
0.824796063067895 -0.769426651513602 -0.013241844711091 0.564626711978009
1.16239684205663 -0.468495172215794 -0.380979601008146 0.119933280737641
1.63048617333216 0.0488486617026092 -0.82920377784751 -0.612613139920599
1.18899448235979 0.460306434890557 -1.08061464057509 -1.07613976772713
0.942436895574037 0.881359464179597 -0.824228101969467 -1.18857627059923
0.312610363492161 1.0278277534474 -1.11210533702172 -1.28985071231447
-0.0600282467562866 1.42878348927942 -0.923541714783805 -0.809785595439174
-0.180679032895788 1.03820809914245 -0.64192624519663 -0.673294324880908
-0.104511171238921 0.763566502371945 -0.160240351733069 -0.528029231392149
-0.813735987668198 0.348951335095298 0.447657595470205 -0.141592489070725
-0.658175044203978 -0.0794693067984269 0.503288796419905 0.491871365899599
-1.01000691335657 -0.321329587748256 1.53386965915868 0.588399874329782
-1.27477272564689 -0.736421154252853 1.40897210762392 1.14467622176649
-1.09409448725043 -1.32107648261254 1.94360412545359 1.27153146936922
-1.24694638134598 -1.3410853285961 1.67251987922572 1.70013930561129
