0.333780509902878 0.31768638657576 -0.650449906063387 -0.0953855998552164
0.29538330479793 0.433599668959001 -0.911580675285649 -0.540199382879039
0.548617590268857 0.54392531620117 -0.338779646766092 -0.317473002309432
0.538418893738921 0.549160115789786 -0.877804811619573 -0.648846469443386
0.49690329581029 0.696122262261257 -0.842994397226315 -0.542329629046896
0.559936517613025 0.817326333079217 -0.560774349539578 -0.776506851218899
0.113670665290364 0.666332721641779 -0.595043772275692 -0.600270985438396
-0.0827646991027899 0.671826408422068 -0.610019545764318 -0.475780195074379
-0.12149793258265 0.612022410856069 -0.282766750443583 -0.143391142999425
-0.146986369817277 0.432132589775912 -0.289998429826807 -0.0818153133693224
-0.510912357799783 0.268421250699033 0.0705216029845449 -0.137600573611915
-0.785453779289009 -0.156863090874416 0.62297635272241 0.479344292269338
-0.597699839144939 -0.398195224063188 1.12305877897489 0.557734726565422
-1.06673970949417 -0.515173470463806 1.27949143493052 0.718201678314322
-1.13384721623756 -0.944099425378557 1.6325147329452 0.965102574892697
-0.913183086824147 -1.04403408189769 1.47904641725399 1.19404207438342
-0.426529712347014 -1.44365327576247 0.822444276582261 0.999559526746998
0.261466906420344 -1.08920048702772 0.491581839649979 0.938222060357105
1.10200314505987 -0.735169186886107 -0.414133537343337 0.21624325974814
1.71685356991885 -0.353590775275077 -0.864913238876779 -0.473753315746204
1.53590313292297 0.339338436269569 -1.30729321767949 -1.23795801233543
1.33469651496916 0.919606603503279 -0.739049203356681 -1.60499676415759
0.664411380825567 1.34520252474298 -1.00921822700355 -1.222873890772
-0.243200197650135 1.46055726347383 -0.90427776964639 -1.45436287126746
-0.396786287887293 1.06485000810723 -0.894406524325346 -0.657808529644867
-0.32010714359501 0.656422619936504 -0.495154012754335 -0.167419433567843
-0.593123602966598 0.293199559348182 -0.108053250777617 -0.0189559859496101
-0.472363777381554 0.165842209138458 0.389540959309895 0.493021554110099
-0.896091330772793 -0.178996722932063 1.02948397441732 0.566094238583927
-1.09747612566704 -0.488038204544956 1.28973149626513 0.703109902864927
-1.07623293605469 -0.84253329473794 1.47286759320236 1.27220293287143
-1.47469521459423 -1.20899470259515 2.04790637756572 1.42407833926476
-1.12751592205786 -1.29735895582409 1.98070186181553 1.89053566586373
-0.855701274859185 -1.5545108298243 1.50531511959956 1.45569397803656
-0.106596556227264 -1.56767520571858 0.723753558936702 1.07338472124407
0.826471053209287 -1.59000099526246 0.0783478842371506 1.19257933643221
2.05865498357388 -1.25020278478092 -0.561290187091708 -0.0895683017666397
2.89987849700191 -0.412344696153418 -1.02466210318095 -1.07870110662688
2.02173892579992 0.474913054071112 -0.816692795422769 -1.30539238201899
0.820201994762251 1.41230528216762 -1.33237788610438 -1.6874536784963
0.160214536233537 1.60086454103671 -1.13557828704695 -1.52985493478501
-0.402434306436255 1.61448527895238 -0.949342229527693 -1.43574516307927
-0.71070343432648 1.13182183442487 -0.946110246020937 -0.672147350106102
-0.572673965527601 0.778222155811061 -0.617528820767189 0.0471498062902919
-0.054422479568255 0.686480786498965 -0.500420778466928 -0.0483685412127089
-0.0784454915106204 0.348954649048332 -0.0666605662395582 0.395263110053148
0.0739564498823359 -0.109952974162118 0.00328591831150576 0.262396788618358
0.136872334153841 -0.0517651737279349 -0.274548114550916 0.435691449832839
-0.263047338139714 -0.0608815027128971 -0.0184685259983013 0.0820845028144533
0.0502827455865763 0.108801364843205 0.200460160097116 0.172670470253069
0.0715359847864014 -0.24156522873136 -0.264923986116831 -0.0176029443279994
0.607272136048373 0.0687144504218015 0.11110904802512 -0.164180896869429
-0.0115645303405638 0.160253529667045 -0.295494637701141 0.0834302592558329
0.386396152073785 0.292871967179776 -0.378416808079953 -0.28011701907866
-0.115403529663574 0.137717003198863 -0.438623327605993 -0.222624376629442
-0.157338163842524 0.449475341426253 -0.0553590464351907 -0.00694074571190944
-0.521598812710906 0.191170979879062 0.265039481190798 0.0799022412764431
-0.701202433574562 -0.0545331901369088 0.566515834728241 0.0686733055148219
-0.568313644363211 -0.142497843972287 0.786858726518869 0.241073893693848
-0.536211642866089 -0.574101560815515 1.14426718064859 0.675060964179178
-0.785849621938098 -0.746733707281295 1.34262518729201 0.870323260797591
-1.01078342987285 -0.84036981215631 1.58943592745742 1.19935351540667
-0.7600911021357 -0.93401309810992 1.31647904040777 1.35549225533084
-0.457222479182012 -1.19499857803444 1.15348132517756 1.40845251495214
-0.567522115366885 -1.42933785801707 0.746180646503712 1.05367779386269
0.741091957503012 -1.0960707719311 0.288859672958581 0.757949197396522
1.3968368827064 -0.808137120697264 -0.430634578408376 0.0404278112714341
1.90448940485998 -0.00799197479535292 -0.873593846695052 -0.869982907121194
1.52695745726126 0.627713452495396 -1.0463896003414 -1.02572447349761
0.828571999032457 1.25812226712493 -1.11628526367095 -1.33555847823554
0.19661655317236 1.25003541082914 -1.24211534376536 -1.58416000786974
-0.00310292552104476 1.50012735815002 -0.864611029488075 -1.43941860602559
-0.709138621983414 1.14531184747071 -0.847888546712726 -0.885379451897201
-0.433884023894527 0.722640060808743 -0.434206590460988 -0.482761344710586
-0.480219264219911 0.663710786158095 -0.081272244056971 -0.109783704146126
-0.612349856263708 0.19574893873861 0.485724660618895 0.153280699709656
-0.964289423746338 -0.250630705309668 0.919921732079426 0.540363807150251
-0.901433845079523 -0.683317369604198 1.57453675292251 1.10667263207421
-1.28999827617883 -0.830603271379359 2.08996327777059 1.3440601337112
-1.65847484795144 -1.39344775993719 2.09894256617925 1.87660422216828
-1.70392219035763 -1.75698385850507 2.35941872042131 1.94974641562333
-1.46096177980883 -1.96306811401276 2.02329167311993 2.21066003053429
-1.1214355732221 -2.1245611385516 1.86807061885225 2.06188068768255
0.0781882054555346 -2.14135194690343 1.05742965537429 1.62982547264962
1.47759222019949 -2.13951098653047 -0.348960383578868 0.857360593084571
3.37691240622409 -1.76036723452402 -0.772542871481608 -0.442714717538379
3.04306324378811 -0.349496774090007 -1.25354774312971 -1.80107465213778
1.84262832376792 0.767574016012001 -1.3471535836518 -1.8637807007504
0.708485216048469 1.80903748008723 -1.10922371315172 -1.98731456423141
-0.443969068928607 2.06794821121111 -1.15675857878591 -1.86128067286265
-0.817038851754068 1.8453946435992 -1.23796570283103 -1.57263944507809
-0.9284914315352 1.61455997842573 -1.01035783172664 -0.951276464622803
-0.650247196544613 0.824142608492962 -0.938714413093264 -0.273715751028398
-0.11424622904667 0.467131505262854 -0.916475327451755 -0.0216700328999994
-0.00144782748285841 0.543355198799851 -0.497975101667972 -0.245750257307145
0.0520581231251857 0.280184465002841 -0.772219896089616 0.212030319033487
0.243175538599064 0.462188250435 -0.33563584383827 -0.225994121898932
-0.00328195622439859 0.299757884418155 -0.328174226639093 -0.34229357617596
-0.164009411680718 0.399123706381603 -0.338336938894117 -0.221713877031186
0.150087442748839 0.302489987320116 -0.356933255505719 -0.0302958203073828
