0.774643049754457 -0.0449352586168269 -1.16372170978537
-0.219899135783939 0.850871708623949 -1.07423645167129
-1.13757077450407 0.913172108002607 0.14898677629213
-0.585259823133255 -0.52929995323443 1.19341628481247
0.250508427117346 -1.19973687197576 0.751233343964067
1.20026706007994 -1.12837823907573 -0.301026714934798
0.592573406040047 0.674796712046237 -1.16030914381111
-0.618626574236069 1.37300225649775 -0.339678092612633
-1.42433151961632 0.341249708669542 1.07268923028833
0.152007945563339 -1.17324840900761 1.42538854075339
1.27788598258469 -1.10783980543654 -0.176295261172244
0.947150406759574 0.145426127162665 -1.06711360603484
-0.274066710710415 1.17002178761162 -0.875774281478876
-0.938181170252217 1.10324692239176 0.347528713929137
-1.08652282176107 -0.512484526258806 1.78103235668427
0.397464396105414 -1.09947144052239 1.18144827465888
1.91919171375278 -1.15939439242057 -0.306390007051413
1.03019567675631 0.498639986205312 -1.40751158962412
-0.975892039667215 1.61622150658423 -0.782147195129043
-1.41358646176263 0.862469729162402 0.956142305239851
-0.88502583799782 -1.07663529813216 1.7942102252589
0.747290294914257 -1.76703306142204 0.502389171115697
1.56518610496416 -0.729704979423211 -1.04357230561849
0.459763945692339 1.20834088864923 -1.53073254917569
-1.25394722671382 1.36399910730482 -0.575152218399657
-1.44984612421202 -0.212042023559549 0.671478179826307
-0.771310245578508 -1.18217427330721 1.14389388296648
0.690726996407012 -1.66228651168132 0.173721909725806
1.18000059257178 -0.913444483947749 -1.19866289521151
0.372525515603467 0.364123217535604 -1.5625087729893
-1.18995090732783 1.31738994798803 -1.04547263923009
-1.48821347446503 0.533210334639502 0.437782488849733
-0.855910526918876 -0.757767674229833 1.40255120095672
0.443547738485404 -1.277246744299 0.352111980824529
1.27595451718646 -0.992175998122032 -0.99994039973635
0.771494654942394 0.471754148928882 -1.30470184126259
-0.786155562606093 1.71469209950961 -1.07422570890735
-1.25282430917969 0.647917721772218 0.237033050057665
-0.789253883656181 -0.663461088769412 1.33197542999394
0.577992560132641 -1.23887629319631 0.72682015201605
1.74786177275429 -0.627817380905375 -0.742188862073501
0.53433652935825 0.642705740458226 -1.36431646363559
-0.790859850075963 1.53214858901152 -0.531171387534658
-1.34269243133944 0.453739569317496 0.956577591135223
-0.252201120180918 -0.730588178156028 1.36114669694783
0.981094031078237 -1.40273781970433 0.204278257947545
1.28757748961319 0.00931205714179424 -1.16643836149042
0.185260787839432 0.918701479091201 -1.39436074151492
-1.20179693265099 1.10380844426705 -0.326108006522419
-1.25397808333509 0.161293729073084 0.990994492799136
-0.132866709428685 -1.24118928775397 1.17745192940452
0.920497070087034 -1.29395743331149 -0.337448728680116
0.594243142218223 -0.463620128717134 -1.09617299006127
-0.115133366245048 0.802598139613935 -0.803646959840226
-1.15152141746705 0.924180051639598 -0.445569774637543
-1.15508032762071 0.0291258147851844 0.919405671097556
0.069648038847777 -1.25781617109787 1.17422528439882
1.26004909955767 -0.763558548517229 0.164709709830626
1.00447353751315 -0.194895725627989 -1.33969288652837
-0.41119769771475 1.13617191849182 -1.04686318297357
-1.25084929200869 0.96325815820855 -0.0075067407071293
-1.00086960288628 -0.523857813914487 1.34039881787788
0.219540044309367 -1.23476338981725 0.769951313826988
1.16467694926337 -0.710446071651634 -0.220022734868307
0.86976101400508 0.193854559427858 -1.43966888051238
-0.43164359215991 1.7443544101344 -1.12809482405055
-1.48119762598977 0.598456976611551 0.141136151479229
-0.862784303976731 -0.804883389002776 1.29467070371186
0.497562815441559 -1.16136921743287 0.646663809315623
1.55574916861237 -1.21846055284463 -0.804604183485623
0.678468520840815 0.55482118228343 -1.321021700251
-1.04955655694636 1.59422017329078 -0.983361190563698
-1.61848238054473 0.310957009228143 0.565761540437277
-0.794688722136105 -0.867516699427558 1.40620651513871
0.764429939841335 -1.24732648087208 0.603555695544837
1.64555953567051 -0.53799671954816 -1.00864129746908
0.28315310016586 1.24933837172139 -1.36314976060243
-0.752220681109067 1.24907900278025 -0.26009090221081
-1.18153320812849 -0.122588252127746 0.916378126825032
-0.128270018564797 -1.1230885674778 1.36906775085156
1.2865666515957 -0.979534066296257 0.0618184601909035
1.18178102548759 0.449026856154583 -0.734175529009237
-0.513592774924217 1.55014361616481 -0.863053139035271
-1.08559269052716 0.61762765106429 0.792745998624557
-0.170310464704925 -0.522851901984099 1.39135904717393
0.906138035737031 -1.17664506081688 0.548601815760921
1.63413829033058 0.0869761463177464 -0.696366081040432
0.0368412031702176 1.09418131937035 -0.731476639487758
-0.982591195883746 1.19349756452019 0.175954010000137
-0.734559517429102 -0.249172940457858 2.1694824155522
0.474472978493039 -0.934782021583467 1.12150865324056
1.91869266640844 -0.562983210756933 -0.341352532307263
0.88764925882205 1.18678334786558 -0.871114777865775
-0.780355190411728 1.72098286721197 -0.252322722609931
-0.855570972627482 0.297305625035479 1.19460296695632
0.352724591237746 -1.01391907125316 1.77566477482023
1.61999811197633 -0.850330417821564 -0.21343402569817
1.17671285726724 0.580973061673373 -0.810901203165322
-0.582524090474672 1.93635004388867 -0.384683354581361
-0.905133295381627 0.189814350386838 1.15204224974655
