-0.396309027230569 1.4828453434332 0.04462811413014
-0.605788821726291 0.203623471307477 1.07515103991885
0.442114999119154 -0.5642028467531 0.88188070506857
1.06834525641379 -0.180198618965554 -0.152418783081522
1.15619387138792 -0.171625207411412 -0.746502167809741
0.275039600720079 1.0812014040448 -0.537914189879613
-0.494174292287858 0.628007087988058 0.0679949744566443
-0.754938354575514 0.119243230315329 0.944130780149718
-0.299259832015816 -0.685122933159336 0.602618018947491
1.12448022140031 -0.704242382005546 0.108248817116604
0.711165076465356 0.0764585492798375 -0.953145433254199
-0.092020298677628 0.940543832079321 -0.72800520020324
-0.686149450979778 0.759974863298547 0.304198185268081
-0.415994411726067 0.215943994939003 0.552180489696065
0.312555497417663 -0.200903168696036 0.834889814134433
0.779737256189713 -0.578095281904053 -0.46126718017409
0.917700836891869 0.134006846762643 -0.807064712593676
-0.319390395115646 0.864079016604808 -0.570247253045419
-1.13374306666941 0.575065363580838 0.250441386262333
-0.470672871420027 -0.227605721862315 0.900831095362195
0.0797156383730002 -0.759128530962181 0.411778396227888
1.49034686199272 -0.14473391646679 -0.348648734383346
0.211733218689119 0.495503767957316 -0.768168395806659
-0.594350647329097 1.1872141845833 -0.593336826190061
-0.505499612481452 0.442844578397133 0.792357881730575
0.0214793469078035 -0.434411861923158 1.43342389146953
0.10164685626484 -0.880029225480986 0.448661933346235
1.08992653500162 -0.505579610248793 -0.337407340388876
0.659916171824394 0.534834711959045 -0.900451284513686
-0.530087374728573 1.3860021627247 -0.669068264702675
-0.988342701265958 0.34466652084355 0.697698523322326
-0.790570313078094 -0.428245630867367 0.977630584199901
0.410658548484109 -1.41377319815316 0.475693978699667
0.746248036478867 -0.730872731626554 -0.0319879422204085
0.668590603899654 0.161666868117485 -1.18515743301453
-0.652807117609536 0.863776357944228 -0.867272229533293
-1.39817079013798 0.626243837436464 0.211635104341951
-1.08567939949084 -0.591947971724463 1.0633560088922
0.433654629998559 -1.05464480333599 0.81700019044999
0.968441490608309 -0.573858454030297 -0.345737542764096
0.64177688105296 0.183615645069526 -0.926493115818451
-0.251211380457 0.619978117463162 -0.618549893690548
-0.736234605907461 0.616504639197778 0.321735047277602
-0.666444773779006 -0.172900376266759 0.871352475661925
0.350003638978933 -1.39410075771161 0.776384435218416
1.51701603666797 -0.452583461425639 -0.614511757946421
0.877786808794284 0.455029044338401 -0.931597279163118
-0.403018316721744 1.33112243607014 -0.785310964741064
-0.776955360782936 0.490504565126398 0.691455779456051
-0.371570286623594 -0.484369963198994 1.13473018759859
0.604300245805039 -0.831462735094048 1.04005055701046
1.41080318261794 -0.103924350493078 -0.53099858426341
0.665170537835409 0.849489228624088 -0.738336123191014
-0.688677092522488 1.47402045786653 -0.540315016648425
-1.03681135940453 0.504732880447005 0.662749739774616
-0.487498855832878 -0.329550072936531 1.36616041586552
0.534293187101026 -1.07733198010033 0.62304081967583
1.28601958238969 -0.906094559197798 -0.3657633801935
0.943880108947342 0.267230130502341 -1.32308642417897
-0.313745580155545 1.21846438704579 -1.0761297626968
-0.971618931975134 0.335653515893597 0.293851756928971
-1.09963922108871 -0.600295537197952 1.34824472690431
0.477862281007983 -1.36936990684971 0.779960701673448
1.63042771906931 -1.42472897874677 -0.451586695119049
1.31982729115085 0.690168320267372 -1.38912648088301
-0.386381706068699 1.83634459175205 -1.18846386045688
-1.51265131940818 1.25395179853927 0.312826675140183
-1.17262968486329 -0.497165066697482 1.51031253723253
0.0986538219056443 -1.67354669947743 1.27231547954189
1.31515527691338 -1.66782608220405 0.00587697599142243
1.26059701156043 -0.200035159579699 -1.79972210367592
-0.0577224451641387 1.78926847390808 -1.73438097810789
-1.42719554201543 1.13240068430041 -0.325300052918552
-2.13966241926188 -0.128228770603471 1.58870864282789
-0.731083014597386 -1.72418172540676 1.90892552028133
0.769750439811361 -1.73358802148955 0.232386786817147
1.77325669422139 -0.966291795809658 -1.62663839539242
0.559409027315577 0.712321319174072 -2.28599274614814
-0.918348838363169 1.85030834670962 -0.908586341718841
-1.73696937911924 0.741547904749791 0.533190964201461
-1.44072844438411 -0.912706676566521 1.43473356663101
0.325513462034041 -1.81213243428459 0.913762050407233
1.66193064036374 -1.53641845385792 -0.515565361688122
1.49680999084407 -0.00577156320188269 -1.76651313825444
-0.238482405413554 1.49577261287655 -1.58605405386007
-1.69732881460369 1.50261572409899 -0.289502683512975
-1.84171330559795 0.0305711611303678 1.3954158973861
-0.751307330594153 -1.56238752468857 2.00962287165004
1.0668099974712 -1.53480970396989 0.0397586697673943
2.34741185071416 -0.963615345370227 -1.30546548454654
0.662645346206011 1.11300622369292 -1.64270387274416
-1.0168196844769 2.16770764873965 -1.16645882922658
-1.82643900596301 0.839961503541418 0.531893942580998
-1.00528935225939 -1.05759767243368 2.08179154151501
-0.02713547791375 -1.77612422453125 1.62585854131019
1.9082789827741 -1.46133346132842 -0.639446090213154
1.37654842107712 0.0514821616313972 -1.46740758011654
-0.246915345515596 1.82369269217949 -1.09180565067209
-1.16713660053909 1.15926562727725 0.218639513497746
-1.19231435924008 -0.470782679513162 1.21344688232951
