1.3968936843621 -1.16458353642364 -1.22501476814311
0.380866930387318 0.438983389093383 -1.68188452605199
-1.17678809327019 1.27982675777359 -0.897739733719999
-1.24397304845614 0.397904769095439 0.385135888975964
-0.980140801561618 -0.629559469277032 1.20215124623475
-0.242813012756541 -1.69134512889019 0.369543668041889
1.22359329862413 -1.53906999296049 -1.16372665213412
0.399280762172629 0.173127732238873 -1.57453083293237
-0.901816843140728 1.32952830899956 -0.849689307159052
-1.31865003484198 0.668535072320642 0.438976775622895
-1.13101281740213 -1.00276186035736 1.24474164203795
0.386120682732871 -1.35459007615746 0.580313067916346
1.18266222462026 -0.814323292175871 -0.795354498875986
0.470367777689052 0.510482736043149 -1.29810509389138
-1.00403349879863 1.18356074167168 -0.440237691310103
-0.848389030235476 0.0870633718227695 0.913759163148074
-0.679468696102501 -0.844371951192913 1.01861641418644
0.828640786766355 -1.32735469395784 -0.0468058937148939
1.13524620132943 -0.283894863476973 -1.03438995896822
-0.157458136487252 0.878652933383635 -1.06170868506677
-1.29430211398706 0.91789262671897 -0.263592610858321
-1.15847058857548 -0.0182947871659232 0.961517223225935
-0.273814976117806 -1.11359771658773 1.0290534285877
0.601147976094531 -1.46887255066688 -0.126936369827692
0.799846064057591 -0.152860668720571 -1.07159545421387
-0.570744238286385 0.723814901695806 -1.20710653629343
-1.33892133261398 0.772457989576439 -0.321839297604973
-1.39091737469407 -0.0631000749386533 1.03834493928299
-0.279660615479586 -1.11209464178109 0.890755809299361
0.772814013213765 -0.924689131676943 -0.247314938386741
0.761467171090336 -0.197630321748125 -1.22854963143135
-0.224161540556641 0.772275457095721 -1.309095410498
-1.18709085799855 0.843718460270493 0.0369142701626009
-1.23705711220468 -0.503620477073392 1.14796414440612
0.0447318197858697 -1.09687255845454 0.7137146839007
0.928164383967264 -1.03231940892156 -0.524668116393594
0.862795008531932 0.0955332152294557 -1.05857626028257
-1.07723431804377 1.31820034425204 -1.14409762494245
-1.30891323617032 0.928684743193924 0.35042395465403
-1.0443645095858 -0.930487942233922 1.31529140917567
0.323944889468514 -1.55622752130646 0.823124606747081
1.07855263515505 -0.895541953816625 -0.81118647671318
0.330345309411811 0.385906172542704 -1.44201523923521
-1.13329917212712 1.79481125270464 -0.979145725867611
-1.37153521706115 0.645734524885236 0.381641372190993
-0.799946053400331 -0.734947520990989 1.38805823970056
0.49091714101257 -1.29856961218157 0.603667451137379
1.19524002714941 -0.723997638883945 -1.10557592260336
0.113564692180864 0.776505966340544 -1.53519574170437
-1.04451154686092 1.35063154560348 -0.400534040299392
-1.1781265672623 -0.0312154171806127 0.64084623622942
-0.239397577001801 -0.716515009055175 1.14805054002436
1.36284713610674 -0.984700329425604 -0.0481338311164171
1.25519790370472 0.0241883504027409 -1.21620954518906
-0.516076771630339 1.33305984442615 -0.903659866836111
-1.18617224638229 0.825498230555848 0.483629075578149
-0.482125583661329 -0.603001561740266 1.63474994619597
0.855401313358286 -1.30337931191391 0.48313318243979
1.46436730672399 -0.4200659846325 -0.929397169013199
0.0571475685054258 1.20565501039717 -0.927814703223845
-1.10975491986064 1.13465121319705 0.338159927048198
-0.777568044181528 -0.322043991677246 1.38966961147551
0.502439537585002 -1.15193493157931 0.947845738063812
1.91748917391351 -0.744551330059925 -0.543711321304697
0.650281304675983 0.906256450655623 -1.37245097196936
-0.813846529279709 1.7918248151769 -0.433929067149556
-0.820036460384873 -0.0438079475385729 1.35644216262005
0.21025522423789 -1.11566140247876 1.17094567546185
1.798569298663 -0.638770107168011 -0.455431604337099
1.02164773784129 0.726572455295829 -1.21288872530496
-0.425978165985521 1.55770542188333 -0.446531442143234
-0.753705947331019 0.562020226956238 1.31103283002537
0.0349119578476817 -0.736873597545058 1.66632444685821
1.81958925904658 -0.880105388880849 -0.0915471989494834
1.27417295853793 0.823304751470909 -1.05669366915371
-0.632641037184204 2.2413134632207 -0.124606655643925
-1.0369258572597 0.265825952261344 1.47039755854776
0.391321273102797 -1.07338485368807 1.60312703266562
1.92180126087223 -0.891541508907413 -0.277532596620024
1.1656640607941 0.569913971407995 -0.955063358367799
-0.853669702010952 1.66151324235654 -0.435436064183784
-1.2080138880502 0.629104427812883 1.00595786152956
-0.369039607233481 -0.751923156394045 1.78605732778696
1.3220117662231 -1.2812993535174 0.150047968296188
1.40855474247328 0.397798461661986 -1.11436680422475
-0.259140796716535 1.9024385407929 -0.665960419535612
-1.18332220690662 1.10600849664429 0.509055036952878
-0.0864585694160999 -0.855010146172008 1.71833763254896
1.08109337247017 -1.10038317825905 0.378955249786556
1.58292770705971 -0.221560213491955 -0.860336590880074
-0.108054174660227 1.708984759238 -1.04117410186163
-1.03687732830451 1.37059230978462 0.460093159453451
-0.739812914856276 -0.375807740074109 1.77129327696645
0.727694549135104 -0.98985164943835 0.709622207970334
1.80713609847611 -0.218168454899256 -0.612141262434954
-0.0888255845664843 1.23785915208113 -0.94831856974425
-1.0335275451723 1.37601850177003 0.739896633799263
-0.627259183761506 -0.423891864421796 1.63308068594709
1.09417391069435 -1.02483266951975 1.0281314454799
1.55194612402464 -0.256080570324739 -0.849043270075483
