1.3468474934097 1.07640241035627
-0.123671606524287 1.58041590038913
-0.7845819983237 1.1561740207955
-1.13385607289362 0.381910370673706
-1.09310741147424 -0.362283990249593
-0.657230176897846 -0.756268753850542
-0.278572184314298 -1.22063461163906
0.480846599614222 -1.05994153496006
1.70122925270397 -0.681236730968306
1.84560208016142 0.536259191413024
0.596374725025365 1.67824597196604
-0.783467991684327 1.53466852583658
-0.973372199642793 0.490228500469475
-0.974188576758169 -0.0702054818634039
-0.954035300726145 -0.734987864931227
-0.620152201642076 -0.967685247872854
0.10622468384042 -1.10176352359504
1.14577698733906 -1.10288418112837
1.97208440946474 -0.209074923116263
1.1490824278527 1.44717125068028
-0.372354440849298 1.58540626827565
-0.959774000592157 0.844361588962999
-0.961229449677908 0.00410106765865609
-0.872602227777105 -0.528530750783066
-0.740648472739842 -0.996152406448477
-0.240681330748859 -1.23327498409858
0.6788586282602 -1.12826874640704
1.77657717524068 -0.563548341426481
1.63013691246648 0.609120608336247
0.1948650868262 1.72989495724195
-0.765395883699749 1.0494267812301
-1.14982514122963 0.221861085807533
-0.974776277954685 -0.397602701268319
-0.848076748595215 -0.917473333893016
-0.380416787110184 -1.05070573672834
0.450761343463114 -1.11035142872447
1.44927910534853 -0.621990988058249
1.72751085113843 0.2824742849494
0.446605573685469 1.72121951858157
-0.537491942503785 1.41543237508745
-0.83189704746992 0.587667709423452
-1.15480205848974 -0.254561556315365
-0.963535215894278 -0.785550042797484
-0.507789208361324 -1.132698132498
0.0115137209100627 -1.33394512724811
1.17061520166514 -1.07098300411889
1.88203308668587 -0.321308186516039
1.05809111020198 1.2573401238009
-0.250083419356193 1.80640474744896
-0.761865224136637 0.888910087701069
-1.02087113630282 0.0429172235560873
-0.90957006009786 -0.543721990106811
-0.890528804984543 -1.10136086023072
-0.203920780836514 -1.22029933154555
0.784846857445232 -1.15981981725494
1.60258686451415 -0.414892878137566
1.64338924735269 0.691320250189634
0.176158983449189 1.63982287845143
-0.554577765034499 1.2844693176632
-0.941010147372705 0.400103841972228
-0.881264101912099 -0.229357815698112
-0.909888586759374 -0.587093614213578
-0.446734505172427 -1.09266715269962
0.318991158352021 -1.13416742442659
1.11116187435243 -0.736839571170256
1.79289375355131 0.200220049485051
1.16186942920622 1.53829093667211
-0.571861905589942 1.68983217520991
-1.04890567329893 0.87916005064368
-1.01053828222691 -0.0235165611808015
-0.978012458277495 -0.498880632096891
-0.607764590623996 -0.851402785932044
-0.0940366660308279 -1.12780564686103
0.953821854417947 -1.12441881460553
1.86216837506656 -0.343875352022073
1.22797299597007 0.986958528273347
-0.0154297911644123 1.70445638194247
-0.803912493971436 0.992573192233395
-1.03975972928301 0.206855291368545
-0.914496579738512 -0.506059776915923
-0.752252311942386 -0.887578836938064
-0.277026161960346 -1.10707304126171
0.664110835819169 -1.14299672730071
1.63528341402492 -0.617240938018031
1.61687134376269 0.65641828400401
0.30164079501641 1.62440557648752
-0.766045107316932 1.2727072528232
-0.888318907328247 0.584782027944095
-0.794695097311086 -0.226853002666462
-0.787946697592949 -0.837622246011763
-0.48902182507826 -1.07393343565212
0.249353012936393 -1.0462774572797
1.32969730200386 -0.742402536825996
1.82619563814568 0.182282920488582
0.612205647448108 1.47558984983813
-0.336590382660367 1.48201442534987
-0.85331935804992 0.568915975258655
-0.967462059631741 -0.067795133489844
-0.82103525060632 -0.793294012269535
-0.465858021913891 -1.03603407262446
