1.2179935587037 -0.878328907757725
1.74928861146405 0.164236065619755
0.722968126940382 1.51511857885978
-0.629782344260818 1.53335417436619
-0.928227808515049 0.5232494303428
-1.06387828144382 -0.0238568579317307
-0.939560325420292 -0.745938206199165
-0.618990433505577 -1.05397119389334
-0.182739172562366 -1.20892393385225
0.840997057268405 -1.03015199789168
1.65152793519321 -0.288308986320211
1.18087065414116 1.04794334423359
-0.272910233596392 1.76308375818078
-0.840985600752299 1.06721134484009
-1.04337247994367 0.146923185930919
-0.964163842170991 -0.463135409679476
-0.792845089785732 -0.776070007888492
-0.127770730079819 -0.935890945448461
0.413681836362463 -0.983745575164748
1.51928161079128 -0.518323046995028
1.55011709507289 0.388541156391678
0.148617625299576 1.45650618647217
-0.649642079373737 1.30655276130062
-0.828844663636191 0.309469532231848
-0.771085380391614 -0.0331664239096836
-0.865835505998226 -0.728595176503052
-0.577258848597328 -1.04381590050011
0.273485516853926 -1.29252810138295
0.958350887369704 -0.804923844999541
1.80354241815532 0.248263864759752
0.577982611428055 1.5171561670474
-0.460837108872024 1.4451712595779
-0.970071696396652 0.73748654278493
-0.972537529739092 -0.0606281257293921
-0.649568522436438 -0.434331717702491
-0.614493124815778 -0.951457721868327
-0.00335486409142326 -0.926839907189963
0.801607015435865 -1.06909796516256
1.63031936859205 -0.278384381464188
1.31391426533538 0.80173284433737
-0.211181356436191 1.74655103901744
-0.884123965603555 1.09103211800522
-1.14466408086785 0.258847625176564
-1.23596827822481 -0.459694777432359
-0.658329171662541 -1.02540426792368
-0.312760093474072 -1.16243343706194
0.337873494416767 -1.20325250983321
1.50910894266836 -0.897615568534135
1.66468721398156 0.398539971976761
0.494329061575299 1.62180353563297
-0.781718222771652 1.39853348002738
-0.992902133746541 0.610176590892141
-0.875098069663652 -0.401201822065206
-0.873912866958545 -0.789669888182444
-0.516023055839551 -1.14093697966822
-0.162759572749025 -1.02658783912578
0.898552859380511 -0.836027099698144
1.82055155828104 -0.199867779371095
1.17600987070261 1.36075931196033
-0.30696697644669 1.7253153899618
-0.795503870645476 0.842371465991292
-1.07778318972524 0.0422465908974095
-0.896948251243534 -0.507738748209983
-0.695802517600588 -0.97505468116044
-0.352355595743955 -1.06561830159149
0.437126705126946 -1.13822270636393
1.79447658915718 -0.636638720931313
1.86868264265479 0.778074003213404
0.209318754307675 2.02790750524402
-0.710987533693831 1.14586916299788
-0.910003695670222 0.426134140515925
-1.0002046712495 -0.530769482156859
-0.794445508937891 -0.718231579096324
-0.538387913087047 -1.11950685474549
0.119229842172267 -1.16204598570913
1.37940531779883 -1.00681332207139
2.05979580769127 -0.102217812565498
0.98957368314272 1.58809092331353
-0.581021532945359 1.64734087150726
-0.891352523197364 0.827387426065205
-1.02341605473805 0.031150462208051
-0.976371910242655 -0.582203228472619
-0.806511583293643 -0.968239001795151
-0.215189158867422 -1.18878529912236
0.631421509409002 -1.09472260766857
1.73548429765497 -0.684267331312756
1.60158897074097 0.803528148492694
0.0170461145584842 1.69157045739719
-0.884644633084707 1.09388560595928
-0.995683983983954 0.199920939611903
-0.988563023879779 -0.247193902969029
-0.811216340967465 -0.93346510156922
-0.634138050193686 -1.15355436677627
0.304160110699396 -1.07575220877988
1.30373504749041 -0.912613369484055
2.02037337347548 0.0489549984853475
1.01285214030647 1.55404384426409
-0.54647678349116 1.67471310740513
-0.883666926810919 0.98770709164775
-1.004091337677 -0.11769508826298
