0.86176078366196 -1.34765767150838 -0.506650045454871
1.00122986449655 -0.0894661421924677 -1.06329789148836
-0.389887660914666 0.848572898486157 -0.896550249191753
-1.19223835770053 0.776442989925028 -0.194745731994186
-0.941128649083245 -0.607804064336767 1.28810663901752
0.260216831333535 -1.1211142827954 0.672582931213243
1.27426207896566 -0.78197078614467 -0.479840874142531
0.375477780036237 0.503232393579604 -1.39989936305259
-0.552880255974037 1.41581215029151 -0.549919927882105
-0.949457182540038 0.135437265763413 1.20844076575037
0.058820415030316 -0.930506837184462 1.27135722463219
1.05392140181347 -1.25113921417293 0.012176326849203
1.13869134147008 0.202822716109719 -0.710580623331782
-0.43800666825254 1.28183303543323 -0.987250796412126
-1.14068491083808 1.00976182319318 0.136553311821164
-1.19009438098403 -0.554923531083941 1.3101946543652
0.281836345889698 -1.30072558618051 1.12016490522446
1.71694529526571 -1.08252943526707 -0.59712504816734
0.963694120804512 0.42611727519061 -1.33661186205387
-1.04088642085987 1.7838635854582 -0.707376112428951
-1.29196615037869 0.833044157295674 0.774960384825519
-0.985384391177323 -0.919990813587718 2.05598116005385
0.638325362537007 -1.20229790799007 0.578254605117027
1.58182556255158 -0.855146238978546 -0.990521910149927
0.612891501087671 0.836555154879423 -1.1703412157465
-0.868368724969968 1.54135951661489 -0.543085664509073
-1.50836890242737 0.0435007173106269 0.91618021297272
-0.531857531649643 -1.32226035581541 1.29630508828265
0.497686948627293 -1.54486581175395 0.167881876445168
1.42723996842914 -0.693610851093221 -1.33679642223806
0.446244589669962 0.574272735518656 -1.36468016774685
-1.10249450091851 1.59128209078136 -0.977644941351891
-1.75425785507515 0.351691100416858 0.473450419511336
-1.16960234000317 -0.892181438261116 1.58748530869542
0.405484152956053 -1.37583309225357 0.309500510344922
1.31654755890019 -0.995445776844973 -1.02074741835165
0.639403510485927 0.41657551113279 -1.31560003971595
-0.670352901585228 1.3667189393499 -1.2263562797116
-1.46577975498469 0.739322650693378 0.238556134896101
-0.960485307302308 -0.55665547045508 1.3585670753968
0.438113732315975 -1.51600878796946 1.00905723446417
1.41517122235758 -0.546442316442092 -0.756008142638183
0.277124300670779 0.329087996889849 -1.11921045775327
-0.903428813212949 1.20073718634817 -0.521286738084886
-0.978187837424488 0.033820016003766 0.935502251979113
-0.345110181291157 -0.974162182957743 1.3307233239224
0.865057521531063 -1.17309724956313 -0.0181679335482661
1.12711494581113 0.0149097036747952 -0.862816493452917
0.283221070004994 0.883568511313829 -1.0452038531339
-0.981548800528871 1.24134676722214 -0.16242409952144
-1.12534789206746 0.0385101482201098 0.821172249075473
-0.432562886817353 -1.07429701876241 1.18774080902862
1.17615995687759 -1.23823912955608 -0.185681010222399
1.07543810417089 -0.282545830297298 -1.1387056809086
-0.325839733239023 0.835257619651992 -1.17589727706596
-1.05033244773578 1.27592139837111 -0.237351540961036
-1.07360774303655 -0.429767815122102 1.08820156726873
-0.175314000228125 -1.05177623618794 1.22626533907151
0.984124356386004 -0.986592297100753 -0.523265793974688
1.086172068989 -0.337261289668991 -0.907866641211554
-0.564348044692268 0.940734181889939 -1.06545496885819
-1.36791879143244 0.93355656568655 -0.163642607636108
-0.960392919637044 -0.396502757745816 1.4480285441977
0.212231183489767 -1.29120760331617 1.1159684944313
1.26069560266425 -1.170586862588 -0.299204264563893
1.06519227451558 0.346775429954726 -1.28831438680988
-0.656240047015517 1.3222210187155 -0.770113376929241
-1.48393401405745 0.807897543982024 0.521319233799679
-1.07553352571751 -0.89029671561205 1.65455305919334
0.478910824164494 -1.37384986528626 0.311501050316037
1.33207300938245 -1.09524924560514 -0.571263673956796
0.826103135134341 0.651069989826657 -1.3811617984722
-1.00724420691012 1.72506420391514 -0.793774877682751
-1.60742086572925 0.39749440109254 0.74021493942589
-0.891105392455427 -0.775898236960608 1.56834162171068
0.911924137752663 -1.22650244063146 0.48917295266038
1.51879741821331 -0.514130594704759 -0.759788455507986
0.206732457479103 1.11638062168565 -1.30286129553263
-1.00786249683973 1.64587167183324 -0.298839239641915
-1.14327602438778 0.179824054758669 1.15149219127164
-0.0929363718567743 -0.652841620708133 1.41009488213684
1.30039602796302 -1.2158386924371 -0.183233291103071
1.27890865098151 0.252427935142485 -1.20715169104051
-0.62703750109001 1.43016212926879 -0.889194190727533
-0.905703538825731 1.09289497913459 0.696671637391956
-0.533478912522804 -0.523198548066805 1.6012509121784
0.914441844942334 -0.923533911096845 0.397290387430161
1.5413664067441 -0.00141055392100726 -0.735163220278715
0.266777508992486 1.27308312358267 -1.08342122685448
-0.991383267988424 1.21322302795123 0.44847764365498
-0.77156374340177 -0.211561144281356 1.68762294756972
0.653818099412005 -0.966966387377218 1.02294870419896
1.89659621234712 -0.537863996731059 -0.42134999849281
0.96875881680539 1.20579585020162 -1.14297945743661
-0.767331593018339 1.83452324374217 -0.138236821762869
-0.653074687974781 0.0804795067122322 1.86921930114895
0.124463871056204 -0.630410932492237 1.59965403305106
1.79640560450773 -0.56749572184857 -0.199559752507653
1.08662193834116 1.08936450346157 -0.953682896002114
-0.278168589262559 1.93143925528084 -0.431285106595484
