0.292152653196789 0.808692103728874 -0.756768201132502
-0.566470399727918 0.757975979162154 0.518625091115719
-0.364421367419574 -0.217080670982812 0.742553375100771
0.287841123129058 -0.835083641748365 0.367164363312322
1.35441615154431 -0.785743379104539 -0.0793164022999197
0.747582600414031 -0.282867100409898 -1.07449664678804
-0.196364806186112 1.14958053774597 -0.724215986580927
-0.95604575869511 1.02768762516203 0.254142961895723
-0.397907402164637 -0.239746443234917 1.12845213711066
0.688865100998326 -0.776270456766225 0.562111128219712
0.951992671800186 -0.376892078781383 -0.145567838834346
0.773831163672305 0.487020830196764 -0.601648483125098
-0.451134500884759 1.12818822192137 -0.247727839213162
-1.26896859097725 0.78100184469235 0.555667603346702
-0.224059202933411 -0.447992537588111 1.19348711002801
0.708340886084358 -0.762484444801542 0.244726152935945
1.15562631421964 -0.502807236862156 -0.623903293768458
0.465423255838996 0.212738006627866 -1.06739772443237
-0.741011841890663 0.680418214246593 -0.321259560187001
-0.860690321327841 0.0370962960918912 0.812164609394072
-0.464892182567393 -0.482324095867904 1.17904147514795
0.280883132455773 -1.01763539850838 0.480713150649045
0.902828853481068 -0.795171027581993 0.0758848963132971
0.614845271477547 0.434075229067253 -0.878087939232092
-0.56168271049089 1.1230942450809 -0.871266500593722
-1.26337575243477 0.661800629757419 -0.0687314206742185
-0.732159939382507 -0.533112995451762 1.1713493851984
0.624688046266611 -1.17511604435238 0.873572676383458
0.908635514949409 -0.488887151401142 -0.126985411943387
0.435850550728857 -0.00931419198944317 -1.01576694171673
-0.391054196782538 1.01658176822619 -0.733270734571201
-0.897790932567745 0.672938587444806 0.0737341928951011
-0.609011568033424 -0.589367027746983 1.15645313133289
0.364286054453482 -1.02862252500227 0.379601716212276
1.41228814426252 -0.757389471761855 -0.417759539316886
0.785287872290972 0.502976016366833 -0.839480377449295
-0.544608802509617 1.43649392756866 -0.0339276188152541
-0.810961468823464 0.812147501814192 0.940355115710917
-0.532637040675195 -0.404238545151357 1.34344844648307
0.446244398825653 -1.18768993932148 0.953287812554206
1.39475177272559 -0.771759210552784 -0.474790370924398
0.595174074392817 1.12918982924805 -0.990702317494734
-0.489904155327596 1.39801034218114 -0.702431324672036
-0.675168101856224 0.596278620099853 1.00983066078621
-0.441173175278598 -0.416159943947191 1.05211283716181
0.894678251868114 -1.25936803167805 1.08878990481107
1.26302459908481 -0.705738892200105 -0.635794533278808
0.63527727722875 0.828343632545284 -1.26702517518999
-0.418203879673213 1.17894157152414 -0.699114863257232
-1.08019244164345 0.778085195914733 0.708892648380083
-1.09336515357383 -0.452354569077292 1.49806889189118
0.626439844835346 -1.06243705086685 1.07471698010478
1.49147779835235 -0.883309726022747 -0.510993287856573
0.755110002518599 0.344175572849685 -1.62727848984871
-0.753543656137251 1.76206440192642 -0.974036270853289
-1.43709354946297 1.01514955444065 0.162487809911629
-1.04247285329056 -0.22554103140998 1.63863523684883
-0.158084981579529 -1.27999313661917 1.40449648470049
1.05115560020227 -1.05677561130189 -0.243146098959479
1.24568514488892 -0.323123335937819 -1.26240650633241
-0.29883475318394 1.6609472383661 -1.83355512300838
-1.58196286520483 1.47908181075333 -0.12619408422165
-1.35788779249695 -0.0764994695044415 1.35611601855235
-0.550451584569196 -1.62106184069205 1.9629168115116
1.0703939416163 -1.4544994219121 0.240346148376918
2.02456436479499 -1.01924457700875 -1.58259454843539
0.479530705530262 1.17214538089493 -1.77406340000382
-0.9752369707557 1.38372438976053 -0.984264384748132
-1.69792334109317 0.80706481575981 0.67216969264328
-1.26026310399548 -1.09525408743297 1.44335616623687
0.124766337655206 -1.59160434300184 0.668756479344636
1.33767515148327 -1.67166623811284 -0.690722915687911
1.57075926341663 -0.488463873142635 -1.30919415218663
-0.0525924953670845 1.70858941566449 -1.64215705607407
-1.6018062182215 1.26951820362062 -0.598272390563327
-1.63408194709174 -0.143189596667789 1.44546391266335
-0.643710172680517 -1.64453497356274 1.48653911176733
1.09181649339067 -1.67350394975606 0.44071748302802
1.90315628325087 -1.03219580406464 -1.07344178110691
0.4110481257021 0.70566134175959 -1.36127550305257
-1.26472037634779 1.68548819321319 -1.44270096424106
-1.88201667266078 0.711063984782091 0.0631958796421956
-1.39333943640625 -0.685178255667337 1.68818222295101
0.0705019580333227 -1.48013887842218 0.987344976032248
1.80011948178112 -1.52698315862121 -0.77312069234909
1.21923719237803 0.267035236702734 -1.64027029539242
-0.493742577063424 1.65138413024062 -1.23183429426442
-1.54105341482911 1.68068275272034 0.389557989908169
-1.29182952685408 0.0504369228920133 1.6563573830657
0.162100209045406 -1.13822054443894 1.33000104074315
1.39373508793365 -0.723892925588814 -0.197627703444419
1.41186105990342 -0.254382465068663 -0.998206180504944
-0.196251102137614 0.954582586926848 -1.19054756286422
-1.01841074934702 1.28572650284737 -0.225252890571241
-0.854889974347292 -0.295902160631431 1.44779119916788
0.0142093900541669 -1.04638158114375 1.17232514695842
1.37847907339344 -0.917597504068313 0.0197353599320446
1.73420824894669 -0.249574271502501 -1.14318926361434
-0.16779808629101 1.58567066237805 -0.949682636483668
-1.16959259925447 1.14281700912806 -0.331975486300637
