-0.607316767764824 0.192731231588852 0.333202874696312 0.431750112792289
-0.925975567107652 -0.31709930662061 0.812427961167641 0.520909160507945
-1.10444641265976 -0.528272562170372 1.18171422867823 0.789511209434174
-1.2914187111736 -0.960305843544144 1.48455817881385 0.781240701036283
-1.15839941088471 -1.02198199275337 1.84286758915739 1.32464342260225
-1.19981721023281 -1.34037461314072 1.8076839912487 1.42335851266532
-1.01372151283588 -1.50378584318663 1.41703029468748 1.6904527237583
-0.0823155459349249 -1.54351802761392 0.884976615273645 1.36052745701839
0.428964046309829 -1.55029894552452 -0.0552117583436261 0.665378737309549
2.09032353931191 -1.31599925486245 -0.837240221095273 -0.0662667050197764
2.87500263227594 -0.179986811435749 -1.09384932197029 -1.24821123506414
1.99821311751351 0.475532783382897 -1.22860472324792 -1.8661324142127
1.16514731125876 1.35613698058813 -0.998641142212603 -1.97630518249822
0.268110457777493 1.79075789839851 -1.36870131467319 -1.52404436542664
-0.71247685504787 1.75221630249943 -1.16395036370619 -1.02693516944787
-0.507416482278217 1.15055362196761 -1.00003004865199 -0.611741397174442
-0.393931404283961 0.840076848215992 -1.02557946957209 -0.261571075731663
-0.346020412575808 0.610232576852122 -0.575839692164809 -0.0929437544018257
-0.456601101320869 0.401424501477444 -0.180305597386388 -0.0104248012301363
0.09241161500728 0.0725294502313984 -0.164648874063875 0.138729650910267
-0.0335764767510546 0.121440730762238 0.135878205594477 0.031257916135749
0.0281738240187111 0.134038432188032 -0.0162435614922292 0.275916757004743
-0.04483362093028 0.0927235578699546 -0.170465598215639 0.18957207456028
0.504863083937496 0.114992396011249 0.014459737039838 0.0732240427863204
0.505360053334857 0.109946888131768 -0.0277116272423825 -0.445615566848467
0.478502399065448 0.0235817619833103 -0.266803544019296 -0.145516567209251
0.460841877267883 0.331991828279339 -0.182546353012302 -0.283467817233031
0.149375881235504 0.369244763110157 -0.21555778012976 -0.419136543833834
0.0298296794273994 0.384171968579072 -0.224092737941638 -0.078074433588365
-0.404730884577034 0.443899286164998 0.315225378905091 -0.096075097674504
-0.254591701120165 0.0625307595711211 0.253968181510346 0.0449601745947211
-0.38339934009173 -0.0377783774779127 0.474438105545161 0.408347656155807
-0.695816360603508 -0.636389223346445 0.976563927477372 0.391476052954904
-0.648675898503943 -0.703261354193434 1.12878918879138 0.63541324065439
-0.907644085202851 -0.811975672904784 1.08243901355593 1.07710322673682
-0.680269592794886 -0.884908936889633 0.991272330864755 1.02214928484453
-0.590006213193661 -1.03700293779026 0.981777479669004 1.25346089885995
-0.107879298227889 -1.23083666391418 0.574009312208346 0.983011380860352
0.643411263627314 -1.03587546943683 0.0578183909218691 1.06563612540101
1.50112042292672 -0.779181250598244 -0.427032681248178 -0.206170026707446
1.98845275565561 -0.306821228239688 -1.25903763104333 -0.760183622068915
1.47337308847514 0.715509602780262 -1.22244751459677 -1.44102432860515
0.78841069017294 1.32844984421093 -1.13684497896129 -1.68069010225919
0.442990287456198 1.52106477170583 -0.904997265379743 -1.12274145774655
-0.0506078247264358 1.25545625245655 -1.020126959739 -1.03009651612302
-0.242295299812445 1.11626352714477 -1.06569702216647 -0.836625015544745
-0.202827675033295 0.959971307646161 -0.695951380841906 -0.451804352070061
-0.493513663634334 0.689097853126608 -0.335563277245599 -0.235656676378131
-0.691444485832995 0.344639718041408 0.237083549853772 0.315454535638364
-0.97434424086392 -0.172428651625975 1.00149207698507 0.438101292391103
-0.850107185027451 -0.556732419207507 1.30764240124627 0.957211509651785
-1.44131528192136 -0.92597249673096 2.20070947750814 1.4943834391756
-1.36941809894555 -1.44629379530568 2.13263697660915 1.46560821480131
-1.37311825995525 -1.52463354090201 2.44055192828538 1.73735265662577
-1.39452770141753 -1.94878962819223 2.33291855692235 2.22045401411181
-1.06044423076297 -2.02147913692025 1.51961714982172 1.71398666839916
0.0259852036725431 -1.95220742092466 0.925066139485373 1.99255593213063
1.3830098914229 -1.90157497528389 -0.134604561754121 0.67512205840613
3.44882137529459 -1.42306456282627 -1.08609743920007 -0.592846378100904
3.32763123889758 -0.2328419622432 -1.14436231660998 -1.73317075427858
1.63531097455606 0.904077398032389 -1.25400325296546 -2.32672779318877
0.489659230564836 1.80320652295135 -1.18288734220087 -2.19188769824879
-0.0667388768391426 1.98536160741246 -1.2874816068449 -2.08998870460957
-0.437576645060052 1.88921183280244 -1.42321452398152 -1.21285341968364
-0.755645636596782 1.64077892344289 -1.17855509540888 -0.791002044803252
-0.571798682485706 0.873026596349966 -0.933847237474896 -0.0667371628357111
-0.249541167590926 0.718046761750103 -0.933023240823583 -0.277989894698823
0.251639839624931 0.590664116778026 -0.665763409238662 0.170701751940081
-0.0414689416244998 0.507558101636547 -0.810188470023169 -0.349808566805234
0.0933741271046933 0.503742824398346 -0.834857003313382 -0.556520235669914
0.611481818354319 0.463522386267966 -0.463283976405171 -0.473006008800092
0.0818465435029323 0.478536074429223 -0.483529766938285 -0.232941513875627
-0.158561601688497 0.563370769839471 -0.648768667124169 -0.566536998086594
-0.0413911424376475 0.459605755895749 -0.535131748479319 -0.185374756404005
-0.0401260658373081 0.341282616959355 -0.267600391261651 -0.0873635902247419
-0.339874981143288 0.259279955024426 -0.136805183405305 -0.360577816634962
-0.143403031155363 0.325654374377238 0.0831299757466696 -0.318152132811614
-0.371696932195022 0.135458573262208 0.309131584845696 0.047201963853587
-0.881971219634934 0.00284463983032004 0.924648212980347 0.5769115621478
-0.563395700116976 -0.314968135785624 1.12558915953893 0.832059784895921
-0.845648745268718 -0.771974548538111 1.47590429670512 1.19405150406471
-1.16075083083259 -1.21742343147077 1.46560157957104 1.11883087565875
-0.851650416943445 -1.18921485522839 1.23139533695834 1.39546789119585
-0.436101823581891 -1.21340334567223 1.05159485059402 1.19845514590581
0.22226753819895 -1.06474569694108 0.251763704417125 0.925795381480301
1.28254990232581 -1.1331580763302 -0.576950542004383 0.127134072303989
2.08513199949243 -0.65386387049016 -0.919202224175866 -0.270574214361175
1.88384732594255 0.343826791367059 -0.894387423783025 -1.25503997759723
1.01997266896812 1.01251835122236 -0.969182231349291 -1.58532927139511
0.53764772013 1.44360439058482 -1.10671225215869 -1.28680650613237
0.208604166408285 1.56821390870962 -1.09521446916501 -1.21232267058927
-0.133061557362202 1.50147761521335 -1.0156402487607 -0.725450263557824
-0.361219899142617 0.798056302743634 -0.715099583610635 -0.399665825118162
-0.489975569015264 0.770239777555817 -0.178106783245078 0.0122081191499766
-0.17840446386584 0.29063747500021 -0.0738962711784183 -0.275434170702356
-0.601380903413662 0.177503455572602 0.0227727068363046 0.0829466720599549
-0.549882643260707 -0.229888433976716 0.538829624744784 0.377881060963163
-0.647913404121943 -0.26027502467418 0.668820565977555 0.337176147099126
-0.51436873660293 -0.494266186004239 0.787409980328187 0.598985475450004
-0.3728651586681 -0.737660833457903 1.0267088814801 0.75749434422737
