-0.926642310230729 -0.86886709562894 1.51724536220947
0.99516710222228 -1.38425760854073 0.421624553817463
1.63330667206687 -0.729070883095009 -0.929393523426936
0.282872501467818 0.659012579651948 -1.45437961094807
-1.29796358537721 1.47286157522874 -0.770281512291662
-1.34026952025243 0.0974483192040698 0.52156434268088
-0.84079864673638 -1.08403624071671 1.39123196614902
0.737835129385645 -1.47950328479905 0.00560188536035719
1.24326730431413 -0.920471007995171 -1.27051032516256
0.176687658344785 0.579957142448051 -1.62921438319652
-1.0906406332068 1.17583390421324 -0.787920207795782
-1.45034427129588 0.424704912526641 0.441706941595915
-1.07153697680444 -0.909682058140802 1.09162371640773
0.385942463375977 -1.5148000680527 0.161431834939676
1.53046680070785 -1.02406058105898 -0.879018542230333
0.783264937811629 0.131295193108453 -1.2466682403
-0.996051763119856 1.15515447601452 -1.07216824200647
-1.48386047157465 0.568946735630408 0.314527317380492
-0.990396155967475 -0.61608981176973 1.07958759581383
0.364797651085934 -1.22239150574396 0.653706958652458
1.27167827348903 -1.0121854007713 -0.883261117441511
0.215065556105229 0.399896210453305 -1.35506550601594
-0.750330333900516 1.08939040282389 -0.770332740874781
-0.861788776079195 0.359680579283187 0.964346144561958
-0.291626039769849 -1.02474461316134 1.45120605133247
0.802757582360787 -0.994112829187424 0.0325871272349532
1.22374584243098 -0.459195726291401 -1.06163416271344
-0.054010247881512 0.729582796131502 -1.11446633917464
-0.913431075945551 1.15124334142845 -0.370885444855776
-1.30981108084922 -0.00727001278701709 1.0239626665594
-0.272871530756964 -0.762005569567423 0.844528805535912
0.958622259861451 -1.29561582146475 -0.155178143184077
0.725990965024744 -0.128487907147947 -1.32148253921962
-0.166896072762813 0.991728559052873 -1.26309375841496
-1.07339575732309 0.803312408469521 -0.325180763379264
-1.20862803106526 -0.0868198076994044 0.739458000077562
-0.194753117811562 -1.45180131894443 1.09402771391357
1.18871546216853 -1.180653024175 -0.101120334723921
0.731242065550055 -0.0538261095793663 -1.08486996467101
-0.291761327125784 1.10371391020576 -1.11367308030395
-1.27652941012788 0.863041652357 0.0839009498800662
-1.21554997920432 -0.361453330605497 1.21832632265646
0.0449105182318778 -1.32987399557117 1.09593474579959
0.940106211771425 -0.980221380143205 -0.374760514924951
0.549198248299947 0.126290729417663 -1.27467759903499
-0.751594909730137 1.23192887696934 -1.28807497375183
-1.50263615919599 0.473306613680635 0.0927584369143621
-1.0107553699353 -0.833041589691127 1.4064474474253
0.451341445832493 -1.17808198357204 0.524028876618726
1.22467566672019 -0.732430788121003 -1.07798398222795
0.599848334346328 0.694009478544217 -1.61624813057334
-0.68019404287969 1.46758457907121 -0.782197067495389
-1.62548417550974 0.36349794415059 0.501319623474247
-0.971409822862724 -0.954234724449027 1.3145092903477
0.841617151288429 -1.47605806413384 0.439555892088521
1.31718934532132 -0.587150374980849 -0.866319009533571
0.194673967827891 1.08566808836733 -1.22025844636839
-1.13273538062678 1.45927661401546 -0.067149973521162
-1.12186663294544 -0.000618408019195421 1.10111365411457
-0.233589598072427 -0.924901886574786 1.3120683302114
1.24229872660835 -0.696168508557589 -0.27587780119817
0.978941690341936 0.167640013334463 -1.03669964376168
-0.562845661940757 1.399696920021 -0.769435059335563
-0.932484852504261 0.545088052413604 0.431265480666639
-0.494592324247174 -0.862000555473262 1.52277403134145
1.13187149310617 -1.10303179453134 0.238227674099978
1.50606599161976 -0.393605778058707 -0.781710155036724
0.312874828231953 1.42949772835013 -0.820385916776117
-1.08519539576845 1.30399092190156 0.167156807327184
-0.719944899236341 -0.143584778577503 1.49193959915308
0.446489825377519 -0.894090092174385 1.18204259595246
1.59399351693832 -0.902511244073154 -0.599247823229536
0.849559311834969 1.0829706316954 -1.16161521667292
-0.926270078077202 1.75118154531848 -0.268582669498416
-0.862127775977384 0.075065954398875 1.2705188246802
0.199780380480841 -1.02552668554752 1.42517345506479
1.81192393547788 -0.738697747452853 -0.233948292185925
1.03966877490598 0.568268963980005 -1.3258047675333
-0.454250346050046 1.64742329404808 -0.551340748246076
-0.828097949975026 0.561777678573725 1.25956799532549
-0.00993858118615781 -0.920602255418592 1.64247171541231
1.66739846965441 -1.10008323799935 0.0382329812114463
1.00409070056528 0.845163058769752 -1.19248557370295
-0.692457757057089 2.12385963289008 -0.207822238397033
-1.28556492628961 0.375942060980115 1.70830148531471
0.377075772475523 -0.865589297490925 1.75112162494395
1.70149796019702 -0.660312311407496 -0.204811709275285
1.14493126536993 0.683022708646923 -0.970365012170071
-0.541502360483663 2.27222227153613 -0.463992894286702
-1.29761928322021 0.638375645214441 1.29292728601286
-0.226603085557447 -0.861573177861078 1.62419182195008
1.59971008136853 -1.04667319363356 -0.00719764412346577
1.13125313270268 0.322107180915611 -0.899279123497292
-0.300993097625566 1.53662712901602 -0.492113005740926
-1.23916873019869 0.907357062933288 0.700609117784818
-0.210550703274819 -0.552487764068429 1.69238263925305
1.40675093100295 -1.20684814933889 0.557183620454112
1.5774051531739 -0.389610795870301 -1.00693589695659
-0.0589359225113517 1.60528591207127 -0.80689784494583
-1.0092721207387 1.43008019025829 0.767995906630709
