0.298130169091771 -1.03494936587783
1.17171152643137 -0.899634968268628
1.71743153376343 0.180921558859406
0.776547529453018 1.3407387168269
-0.495046998397613 1.61757300419176
-1.0235717653924 0.784225291727189
-0.973060597685978 0.00863955858715905
-1.04044859339585 -0.438395295568251
-0.641953374497566 -1.1883960761181
-0.0964932130854442 -0.949868961451857
0.809895409602167 -1.08421654390963
1.77272775365852 -0.494391123736812
1.21812406687513 0.948378169908969
-0.37903372899727 1.84585712725634
-0.813897211289739 1.00822233612242
-1.05170265764451 0.146577020102752
-0.959929291297441 -0.539980543442655
-0.782904736592906 -0.955135484633312
-0.436756729251653 -0.894392002136312
0.421085444101933 -1.28689732179506
1.52109330323439 -0.809768242560371
1.66301260035849 0.310899731999339
0.220098471899254 1.72319251447246
-0.678954491858267 1.1792026013368
-0.972350065033986 0.467862178231225
-1.09887020938184 -0.218367415824126
-0.908827460828218 -0.582839698614591
-0.463737469511441 -1.05218705421079
0.209900807039896 -1.28643309983684
1.45309569012714 -0.723208441867592
2.07653432299581 0.0210911884125185
0.71076051319912 1.70410471226358
-0.495815571405257 1.79696056763998
-0.929835597050319 0.864092228347215
-1.05113342564469 -0.0571318711436688
-1.07647988372585 -0.592094548420022
-0.581893772438452 -0.853321421377206
-0.0939022328229618 -1.07016439300681
0.84767431202818 -1.16071390850173
1.75179808146536 -0.242913115411736
1.30935030660916 0.913040953126801
-0.0794711742422696 1.71190534896732
-0.854382173501364 1.0471101441278
-0.826524519680002 0.222078077282834
-0.936309753580145 -0.391276191733424
-0.885076814044654 -0.8576473210734
-0.330186368110916 -1.03253824660426
0.544958532659718 -0.982841777192825
1.5156979226666 -0.69957731947148
1.86682287739133 0.472186906765466
0.292541040477785 1.71009699176294
-0.82479697633761 1.09484488698057
-0.838129000936487 0.686524895135538
-1.2096628328374 -0.265269407919071
-0.855917700874835 -0.782516827495968
-0.665169468618277 -1.01254930660973
0.0307109632894851 -1.06507615014358
1.00979247312221 -1.05129296289274
2.06541822380181 -0.0874733717859985
1.15101664271914 1.43919014031407
-0.362304952242702 1.90846882640591
-0.937082888050292 0.809734586903114
-1.10640591338309 0.00365615384611906
-1.08278165860348 -0.534378924524836
-0.805882319014641 -0.833673462733497
-0.162876964299422 -1.12379935536537
0.668854980335932 -1.06892067597949
1.59241120614738 -0.722338555756554
1.51143115808033 0.473587879848502
0.0979467253094788 1.65227044376162
-0.749270186390689 0.964058748883251
-0.977345519629475 0.313286298281373
-0.931161556201012 -0.336762985239104
-0.736459402678737 -0.847669972687111
-0.502411609746323 -0.972573051414551
0.271448998534968 -0.89190515501732
1.29364798673563 -0.785860732443889
1.73153581565875 0.41159813056058
0.653878447551517 1.51655861438821
-0.709951985181991 1.52269964988947
-0.998439045904127 0.667681438945821
-1.09089743617961 -0.302098046727379
-0.906136383623973 -0.891297495672649
-0.56454798090821 -1.12252475237207
-0.00995676056646431 -1.17982726076326
0.97229380172527 -0.962745748966591
1.69317535381204 -0.13095478694935
1.14195348465369 1.39237249187169
-0.261712575811676 1.83532885945819
-0.927235179622247 0.809553854042742
-1.13926902316358 0.0419809444605398
-0.994125685780838 -0.552906821204783
-0.694394015624347 -0.841975917485916
-0.259991677047267 -1.19390510195264
0.543951049028511 -1.12045500098629
1.54012240147356 -0.638373322207708
1.40193415257143 0.908103972283346
0.177020056901221 1.60852409225927
-0.593424840960507 1.34063641678549
-0.86124471597358 0.272788653462137
