-1.44358556488422 -0.0480897132462646 0.627043829488189
-0.751174408577654 -1.28007701344596 1.15561537976661
0.743915287847447 -1.50138608001875 0.0713445702455913
1.09823651958603 -1.15375293843024 -1.33169137954442
0.496924629150669 0.711991612354029 -1.78495792777471
-0.769153620212706 1.1268920506434 -1.15918886401076
-1.63360228177711 0.325923975881458 0.562229013493393
-1.03122813437011 -0.872875827400899 1.59538309831985
0.130549891469916 -1.64156230569754 0.65133416055855
1.50810175823287 -1.23403057939627 -0.637435423248173
0.515377151712948 0.290001153300446 -1.45067170039203
-0.888861788504538 1.29854417696203 -0.996415339638811
-1.33850641433601 0.55713597242981 0.363679463286809
-1.01858963523056 -0.638540141972011 1.48644203058092
0.445958841503605 -1.25556750429221 0.654749189029321
1.24197306420339 -0.548385637912651 -0.81246645352118
0.530598220615495 0.371468523248048 -1.05186541769599
-0.594951524616582 1.27462993862554 -0.628419908058257
-1.15761092120754 0.133221921833283 0.720015977433829
-0.199467078663047 -1.13710606876806 1.24270175619156
1.10802988870392 -1.27506820994423 -0.0312556464773298
0.836792696638179 -0.154547574164253 -1.36289002248984
-0.104211337309586 0.592169590572454 -1.26777435825228
-1.05003880340095 0.960786701368491 -0.336663532518344
-1.0673233120084 -0.191445683288627 0.625662160528499
-0.3704157616327 -1.4514055722336 0.988328099477273
0.82447708570888 -1.45721756722476 -0.626936581965342
0.975013724599981 -0.440654791525328 -1.2093352059974
-0.464909593948103 0.821759282210141 -1.21826244673055
-1.05427153172177 0.916717035251878 -0.115374252604357
-0.983970690247587 -0.0508808957236161 0.95708063115674
-0.182415998558891 -1.07113102731429 0.982525392344401
1.28672042993029 -1.10780789664824 -0.443376772037538
0.88152369276475 -0.0826400864704515 -1.12063207572898
-0.581619002283029 1.03532926719626 -1.04438917498387
-1.44029833036525 0.960834026951733 -0.1170088530052
-1.2083949433082 -0.607159413000271 0.821302054300242
0.240710950374115 -0.908977043878135 0.747236660781991
1.07444002952997 -1.079579924538 -0.298412406445052
0.364020493913946 0.347958757592072 -1.48141554133786
-0.754264495604602 1.1399875019811 -1.06126423623667
-1.39867896996298 0.833437485464422 0.181633225691989
-0.904189475164164 -1.05157866512665 1.29594998704874
0.397940025143772 -1.36855328008574 0.520606346755863
1.41186161596123 -0.725653895088943 -0.996461980314786
0.493476523422802 0.386695366804142 -1.3542645480481
-1.33658484485515 1.45366265916553 -1.259822736486
-1.38234075843878 0.468021660186911 0.639783416334965
-0.966566812353205 -0.835053973389823 0.989574025216701
0.730922328594091 -1.53366465261072 0.560164086005446
1.33886808861998 -0.62417117665036 -1.49471947087565
0.396741378591761 0.88941453361713 -1.02402264960699
-0.972568095385353 1.21834448663792 -0.262006352843414
-1.22880892748406 -0.0260438386184288 0.941566237387372
-0.282654389732499 -1.09583383308959 1.09149536601285
0.921050166381669 -0.875848738332604 -0.101683138473865
0.967740157605669 -0.0203459930752367 -1.14863849545431
-0.467723851191796 1.35096178974988 -1.00666314154721
-1.02548639138223 0.758486427685061 0.675863139124484
-0.607902465092648 -0.864689483745059 1.58221394363131
0.658640128020255 -1.10715469521151 0.46168025305967
1.36255370538365 -0.394290843959196 -0.52371934101464
0.299662431373738 1.19238460418037 -0.792344012622726
-1.03659314783208 1.22227469344327 0.233061177092162
-0.956341332472342 -0.0479169535664078 1.70114640544763
0.535509248868654 -1.0302937608324 0.819761732872754
1.55163317819154 -0.533066257158298 -0.543302647322434
0.580522366750212 1.16305720284957 -1.40489051272297
-0.833711547618415 1.70944176561329 -0.424763223477824
-1.21061969116269 0.0566867718052237 1.24300573894689
0.0943294923001229 -0.919975894721276 1.16177800233753
1.44896020327738 -0.851233261465542 -0.148646927021694
1.14590790722876 0.82640769603889 -1.1551423220095
-0.826609310364128 1.53397848989004 -0.371953412674702
-0.989272913347687 0.580864742359053 1.18744191563632
0.00914470813248886 -0.803132602578174 1.67427327282977
1.7093114699827 -0.880731632516996 -0.286456722442813
1.25389163736653 1.01786561464035 -0.953827823833982
-0.472257970442931 1.97191895595647 -0.648554812680436
-1.0826842144015 0.105036947654871 1.3515668210006
0.163908437910454 -0.971872518964622 1.67261523796112
1.96066146499545 -0.80411601102033 -0.15009343116179
1.30094046213713 0.974207407708822 -0.956693002344761
-0.596615818708867 1.80355620087451 -0.402329628077828
-1.24295100114219 0.773950219294144 1.27434470823988
-0.00590260339971458 -0.966790925118042 1.75184859383479
1.72426087105664 -0.769676521931253 0.444166409974128
1.36572763699222 0.0044554858822152 -0.976662316374421
-0.54069246827729 1.66105423334312 -0.766912774974879
-1.21679052628588 0.99675330934736 0.933400333834693
-0.196949193056105 -0.862299704114602 1.95085901524555
1.09655703670769 -1.08165142606449 0.160225508195564
1.57430093106087 0.107032615905756 -1.02588956526054
0.298172174161807 1.81437771701756 -0.846725363334306
-0.90944975647187 1.05694005745 0.533806203077964
-0.385766299172166 -0.16961476957823 1.68178696246728
0.986495438468511 -1.05769489064079 0.835570333470975
1.84104870973797 -0.30842833126964 -0.628676042027683
0.427594452656426 1.45259016224198 -0.901762763931546
-1.1861207856007 1.5220572358496 0.341870813938011
