1.74865497592519 0.776454373812146
0.061325236250508 1.69688845220805
-0.838132193481168 1.47849968596712
-0.976788139851714 0.448707903295286
-1.0225134579046 -0.47538238738352
-0.628622557861813 -0.849247371011301
-0.253881923682197 -1.05786121372331
0.154536575064474 -1.15007582610437
1.50540432142956 -0.84735690359433
1.73317954442647 0.299992925378737
0.574818680252983 1.70700673266278
-0.598341419309737 1.59178606156831
-1.00416965261855 0.446921973464161
-1.0750086540634 -0.108235278718044
-0.979071856097076 -0.727527182337614
-0.636687074569032 -0.967573635456318
0.0550267733674496 -1.10345397994576
1.19374427670565 -1.04557200782329
2.02471873705304 -0.354091790645501
1.1249467468312 1.22577048307247
-0.366246887549765 1.81904701154467
-0.968165686120876 1.10939747643608
-0.987800538513362 0.0407668857063452
-0.828240515959898 -0.622201573832661
-0.753078243382555 -0.826620556587306
-0.0447412929202668 -1.13563117906921
0.84733033624716 -1.11044714913351
1.72691657146415 -0.407107378746042
1.66228229412385 0.690761011225797
0.0236013734026327 1.6232044876638
-0.740238444102279 1.22040425693302
-0.913213058560497 0.365443109134445
-1.07787781726241 -0.27978009367347
-0.821254864555395 -0.878057609549191
-0.485175278970899 -1.0705504340887
0.39540968283475 -1.13109628249049
1.47090106766079 -0.877874357231837
1.96222878415313 0.183926657268106
0.633261803242122 1.50987995858559
-0.538373775306484 1.5105953664885
-0.843500839536468 0.695754032051475
-0.965441834737794 -0.164122483019045
-1.06901017939135 -0.659434777761746
-0.603306695574919 -1.16688199711453
0.0679414496359291 -1.06718622454542
0.916059849853461 -1.06136452687095
1.88053566889239 -0.308171129464915
1.23850415716592 1.09473204963191
-0.291810395693116 1.85333072039902
-0.772303307895147 1.17651091380858
-0.903758224044264 0.265732902216038
-0.986071660571962 -0.557376227172651
-0.592661866618651 -0.97440265145389
-0.272893519435171 -0.952816959317809
0.667703866308277 -1.07588692516027
1.64144482188692 -0.673196921222165
1.61998462476909 0.516643514809254
0.309436324809911 1.56682440181675
-0.632695738985985 1.31504926948251
-1.04651813521481 0.353593354347607
-0.843703146417011 -0.353169880769636
-0.779786547229224 -0.897198561056967
-0.543194387775492 -0.850996852110177
0.291110595153845 -1.16168204915502
1.1815702640826 -0.803453488544824
1.75131876462118 0.0711145841358147
0.871366334173333 1.31747054561706
-0.537956676533673 1.64671539675372
-0.997177769461171 0.874537396324612
-1.01645542847078 -0.0785119591904686
-0.946806086565217 -0.624721736586491
-0.737966963459623 -0.952582748667231
-0.184512332713669 -1.13659159762486
0.837194001225324 -1.02219465609158
1.81374113497528 -0.435635834831955
1.58787749754776 1.13519658996207
0.030096579428053 1.82942953652721
-0.705916507469602 1.01584393328606
-1.0070350659187 0.14211391175173
-0.910048858640116 -0.405650183290662
-0.694268238803478 -0.937787714230868
-0.308139687802572 -1.32868093758513
0.491216139320591 -1.11562381512933
1.53893625654653 -0.587077686478745
1.66347984068201 0.338933959842259
0.352337557521783 1.74882899692307
-0.699530903089516 1.121231086742
-0.86398234413926 0.482308485960435
-1.01794957288262 -0.227439911328395
-0.807948331411338 -0.693656261941457
-0.707524301579363 -1.08378854554435
0.109218584986595 -1.12098260752896
1.19883691042454 -0.891915933627904
1.78254722901555 0.0490092470739626
0.717609269578335 1.31018446923133
-0.351794993892901 1.58095692504723
-0.953201202369763 0.678539739064719
-0.886610663555095 -0.052459863666734
-0.786474220185272 -0.51033116167571
-0.652775542331264 -0.967321774315199
