-0.98316003392002 0.272074856857249
-1.09036312276577 -0.303544242343397
-0.892163567551649 -0.800206436343441
-0.391082042742455 -1.00117914990263
0.395925702312011 -1.35371257754984
1.43556264875474 -0.903989784517808
2.06048490810025 0.217636253529628
0.69924516996612 1.69480200946725
-0.46784546355278 1.57379757634081
-0.972320034107932 0.761077786219406
-1.05218144899287 -0.14178387969776
-1.00166306127242 -0.712234307075501
-0.563021922955314 -1.12637940617205
-0.187052406250214 -1.08101850133936
1.1518281676189 -0.822414457222345
1.9606122087636 -0.16060585193182
1.20829574187098 1.24001275656213
-0.107010267204793 1.68425283413802
-0.622138879444894 1.224884298374
-1.03625245765532 0.172561197838836
-1.11799005176968 -0.742925799115156
-0.712691104554514 -0.955116526802292
-0.166725779954002 -0.973901706099491
0.519792610322635 -1.12225765525931
1.6974553727596 -0.338309395852598
1.51857161148848 0.928161370512719
0.0501935735693706 1.85620594421904
-0.823042328228491 1.32255560098944
-1.05249044157762 0.31979001181486
-0.969410652559059 -0.280845853903993
-0.884497424300804 -0.900739960985937
-0.376597373507111 -1.03005780034217
0.433765922789217 -0.97855201105811
1.36913758014504 -0.58756854709623
1.60301453764646 0.275164602706247
0.596760415563384 1.44389804239742
-0.778154114051089 1.36676137970961
-1.02940374507656 0.733725327817801
-0.926980179197497 -0.00758843744007813
-0.806162375248395 -0.711329504269606
-0.653608376544074 -0.937050602543684
0.0683248131953552 -1.30207717403088
0.9692388900056 -0.758088344727158
1.91139245611986 -0.336074257737543
1.27386371112139 1.26631800384004
-0.213807896602092 1.7090811040113
-1.00260038598983 1.0540929718794
-0.875795690643164 0.36090760320042
-1.20273281309635 -0.714506476522051
-0.79417615380411 -0.906249947249648
-0.251527861451411 -0.987909070973217
0.719395119766702 -1.10151144961412
1.55102559953676 -0.405111110657746
1.41763859358306 0.933289145221264
0.152828742966416 1.60307088739572
-0.655352324417925 1.28068048095944
-0.855878517470269 0.525648224116227
-0.789843861021533 -0.233427064921633
-0.810490578710869 -0.822509763693972
-0.356815381884773 -1.07742165448745
0.241678826173061 -1.08372000879544
1.36725462294641 -0.729125173568498
1.71954696632345 0.255555649876348
0.538809121902923 1.60262701267954
-0.438207588628498 1.65140853409696
-0.874539263891443 0.681312026941149
-0.893163113167978 -0.110913682623485
-0.910096171229542 -0.545960293134816
-0.660565520201566 -0.855079976767285
0.124982844949869 -1.03857166841737
1.03325626431114 -0.837614658503463
1.80527151768981 -0.0258532544379038
1.04892647445851 1.36754279103909
-0.415293846475871 1.71994557510411
-0.994465071905483 1.29274818542851
-1.1650879870858 0.224566903338882
-1.08048457739495 -0.493004716135138
-0.714164644189916 -0.884922586778316
-0.143645259172397 -1.18323330542367
0.651299222282819 -1.06639802491466
1.57386337417242 -0.539283945268391
1.39542268228103 0.820673207948
0.235977631607693 1.714712751853
-0.710716516255677 1.33281547731638
-1.09381044097698 0.49754507352764
-0.985911923072212 -0.197933175119079
-0.906938837665572 -0.835385906811678
-0.301910381190773 -1.03744231289251
0.347511652049079 -1.01404443318412
1.46481701571904 -0.963697821422315
1.90696548003801 0.439966131009917
0.807730639780719 1.8128808254376
-0.496351202342307 1.69913387790505
-0.963290047156569 0.837593564524776
-1.00304409858163 0.108961446360545
-0.896745577029085 -0.554499554775982
-0.514671894421158 -0.998976697655176
0.0289492660228533 -1.06197750203232
0.767160023370938 -1.02403948684021
1.81235635806735 -0.180562409523927
