0.0408795166796831 0.497926607444663 -0.264180029869033 -0.291998888153378
0.36882796537668 0.668244013562891 -0.481887324634146 -0.346408159496662
0.0386433542530989 0.582593226449538 -0.280692875910388 -0.35870189338072
0.0116392917800377 0.374079907521196 -0.364415697026559 -0.283202356505811
0.0104797573699103 0.305341291574359 -0.469399596081209 -0.511290674026933
-0.247535634410067 0.276885475027789 -0.189788614170193 -0.177281394304113
-0.20831436011047 0.333811177405612 0.206089924669019 -0.231789504859499
-0.613400132765529 0.447880919714752 0.151184166422406 0.0261663314629079
-0.497895723884081 0.16284765844762 0.347399221556861 0.334841012338021
-0.580812645270552 -0.311905392303214 0.899132492173745 0.895557171057369
-1.11198071783658 -0.590274717076845 1.61677519880915 0.993186976812067
-1.24347990523956 -0.753316742280173 1.82019725192854 1.02993268716557
-1.19231712439905 -1.21125344665763 1.5755974895201 1.40850783319905
-1.20251758427898 -1.30227761114686 1.39095810441621 1.66365590362661
-0.53871656609719 -1.47018892660058 1.00261071624508 1.37126366089778
0.420826031391926 -1.4833499979421 0.602178116590723 1.39744852899392
1.03536444364245 -1.22181309988792 -0.402310252718285 0.550337804878729
2.40944786944922 -0.836471025941798 -1.12953795613542 -0.622727395563092
2.02049742616097 0.18855309118673 -1.19188385495799 -1.39065417645444
1.48718440960247 1.28421354173536 -1.41895820444108 -1.73663906514145
0.436374753342489 1.41756141229266 -1.17382503870901 -1.29470771627049
-0.080735264966031 1.63276659079929 -1.06176242136392 -1.58418212777272
-0.475098009812079 1.41952598911784 -1.16196151906096 -0.666528888248015
-0.309061474410686 0.924150062889001 -0.592800260097065 -0.322097431759179
-0.0890118538001613 0.914123004684996 -0.444939887123465 -0.241621661081768
-0.52927308052096 0.479731540012745 -0.255240871851585 -0.183273745637145
-0.655237940260894 0.0335703246487 0.166071859539956 -0.0664337474539808
-0.40549383052159 -0.247277573688345 0.502252500232299 0.455083785711091
-0.424366987835998 -0.380736031243519 0.68518811502906 0.415698290970055
-0.656906937414293 -0.741724737463189 0.718299087844055 0.680284214299816
-0.618430706929531 -0.703555249952227 1.02936752487954 0.842765485290225
-0.662968466345633 -1.12331435785634 0.72542920501606 1.06428199054515
0.0138392424208969 -0.778876012382499 0.229225153660318 0.487986790577481
0.8069042104406 -0.561560164446824 -0.0880449552227568 0.487339772044269
0.971306702685489 -0.532904808239328 -0.466046669695869 -0.00362883345161469
1.56497982966624 0.00835433209544954 -0.880941265989015 -0.298474533141349
1.19584469541859 0.550335713292096 -0.859427582101615 -1.13809180197275
0.707538725086353 0.738142779488404 -1.17154709273531 -1.23071935405326
0.270698829496674 1.37269891954223 -1.27235983593371 -1.21488028214075
-0.0341600284859985 1.1364986996916 -0.937774711071722 -1.05154537649733
-0.481056893716083 0.997129034773208 -0.715388274649394 -0.662423129189289
-0.269825151914716 0.854392665356798 -0.553086440503871 -0.542054788060713
-0.271081377152588 0.567974486347462 0.133676487165012 0.172572046555596
-0.770332307057424 0.31894888076696 0.304525298964251 0.27813762259865
-0.918780101305449 -0.170609013787191 0.653404343877057 0.289161279830253
-1.06520738826493 -0.357897219193258 1.15734475476397 0.552227963599962
-0.702159087787544 -0.621635587934582 1.12523900827204 1.07721259796527
-1.13747023480009 -0.992339160606791 1.3869912852428 1.08719457804665
-0.510143576519629 -1.24178394386966 0.964124390930343 1.13480143997783
-0.112387839827907 -1.03390927529909 0.590133370501419 0.780014788361121
0.487262945579069 -0.911849464087389 0.0717780203494873 0.445980106579654
1.77552263627149 -0.509027476291927 -0.49180950430651 0.169143390008788
1.3255558822392 0.0171415475487918 -0.801470044107315 -1.08515067229815
1.63938304585783 0.550560957590692 -0.837730676173916 -0.771366568414894
1.08487320163665 1.06330656155758 -0.984115440791219 -1.51744441129947
0.456159238780454 1.2623007247203 -1.23041104293599 -1.1149430374202
0.0320144903937573 1.32823763513205 -0.898015168985805 -1.07006024808229
-0.588347572312644 1.03837578671535 -0.752185641129913 -0.652976566416499
-0.546624781842139 0.8803183039102 -0.265917488199578 -0.123667172439892
-0.92800872766873 0.449875141393295 0.125548911898604 0.0233060658403704
-1.11288711832187 -0.160398272103197 0.572944254327563 0.94492698625276
-1.17224054466228 -0.483836633515217 1.3022168818436 0.6690013575557
-1.18442044318323 -0.962256477607036 2.09238880337688 1.37748197228389
-1.34250651063994 -1.19745630217742 2.49905882554374 1.98701596866106
-1.48748663548172 -1.67525682633481 2.35996647759463 1.77375146527625
-1.22113462426807 -1.9741516077951 2.14135407771115 2.00110082396707
-0.858470988996274 -2.15183336850752 1.92690490346584 2.02471724562414
-0.260875003960956 -2.19657511791014 0.963842421538557 1.8181255080642
1.18065312992987 -1.86392275155976 -0.434924398541826 0.957756657633578
3.35022480226196 -1.36415303645365 -0.733454948805458 -0.325915885329626
3.23535894085164 -0.0722680338300103 -1.10238105845923 -1.69459915275487
1.85738381819788 0.968741515739683 -0.956416019728402 -2.0924009227984
0.819158518324686 1.77440944810082 -1.38359107943451 -2.25771640466378
-0.171494955551268 1.94959906007052 -1.42009163028307 -2.03718434366098
-0.456580045149292 1.65341428857659 -1.35609885498639 -1.07887534998987
-0.906379200273743 1.43180853558285 -0.797965211749642 -0.514657826088736
-0.61493888589991 0.995918786916053 -0.978808793024319 -0.284872922794171
-0.0514559537897817 0.603144866076376 -0.667895276706804 0.186899381319783
-0.550843318431246 0.43197835269436 -0.433702344197395 0.142653761342494
-0.292492493077664 0.141720897984162 -0.191015707054987 -0.301142764094979
0.289909787893619 0.11865923505378 -0.308907403292021 -0.144218543735449
-0.0493586603411496 0.0957467933464621 -0.101596535933968 -0.12786493961208
0.253842280929434 0.351934322650907 -0.101081327053226 -0.242878428885619
-0.124338709421486 0.213747773480928 0.253744833771269 -0.0445193240121162
-0.605217328642527 0.0559448557101335 0.367655547871344 0.133144815587178
-0.778695110853778 -0.237425500467296 0.881961755256126 0.435836709394246
-1.19048316462037 -0.550636923589112 1.30541976590364 0.575903846843823
-0.765301075061379 -0.648866501940756 1.34258181787584 0.790163130045796
-0.931230820528742 -1.18057390977194 1.3772555746824 1.47049363584645
-0.71705677580594 -1.18459960586187 1.40847193567147 1.5269581085631
-0.296339639854398 -1.2534157366185 0.900956001932343 0.768464719104482
0.181190584483164 -1.220292327195 0.433294175605179 0.476703024838814
1.01354652574479 -1.14050361874878 -0.333061769557217 0.379039319732307
1.84432313908409 -0.468928626598585 -1.1634975573905 -0.279743793475655
1.68536579573321 0.0753495315659298 -0.846672013537171 -1.30196210658924
1.40097480061673 1.0562993647026 -1.02080809492016 -1.38098730452445
0.403164766897762 1.2071570542672 -1.30613339555654 -1.09113515129787
0.353592968347971 1.38289953921608 -0.904221845537893 -1.16103918102867
-0.0623677398969075 1.35228741254764 -0.830095061816129 -0.964596619081367
-0.597002591839366 1.1380425760437 -0.848463488218991 -0.440951991765607
