0.618831307220432 -1.01128256223127
1.64119731904735 -0.38004648080344
1.56538294619366 0.854946629690558
0.170769123844813 1.74262418404802
-0.596325936661259 1.24859660845264
-1.19523200160964 0.432647826299269
-0.984318559929503 -0.417761057564345
-0.750053302330038 -0.988553674111673
-0.511324262843544 -1.05797136428694
0.238342815596978 -1.20958297034726
1.48856119928766 -0.893925354302451
1.83259308139765 0.253564533354317
0.720527190039334 1.52071656811131
-0.484479709406771 1.53043609035554
-1.098342723014 0.773995599123015
-1.02307947735212 -0.191622503756094
-0.902089990207326 -0.624868883049968
-0.655050728822055 -0.998160814694755
-0.145545536171023 -1.24863232765686
0.869818377210665 -1.15481233098148
1.90582542151709 -0.421684929247459
1.23773282773441 1.29072323613623
-0.270765301144919 1.71603594257444
-0.974938618346581 0.942542262835223
-1.01739814395057 0.107310100443427
-0.97942497558062 -0.434930049480123
-0.927024860650977 -0.981892763107882
-0.434396327742024 -1.06486444610668
0.338446986204294 -1.15959122360779
1.53481625519263 -0.727137588278651
1.65563741862683 0.412921389259116
0.383266394744413 1.61369739517021
-0.621496343410483 1.37646747516768
-1.13270201434856 0.499483984963534
-1.01024635952511 -0.15164909287653
-1.03806965440695 -0.735496866310057
-0.540735709168056 -1.10068312993766
0.0603814754202849 -1.17679998163644
1.32680042093907 -0.827442902575054
1.90205290468861 0.00915544932746377
0.953293291769588 1.45010893736175
-0.321632201610028 1.45193939012767
-0.763488760893535 0.907420311211399
-1.12368322575393 -0.0479069882190919
-0.939717174060141 -0.654760112189636
-0.773528601171308 -1.0016205385968
-0.20351989777 -1.22527907808571
0.800418803455952 -1.13941665275629
1.68955536100983 -0.416591844368012
1.3509667863753 0.953069062921413
-0.164555457658879 1.75346996758896
-0.86756326914548 1.14601221799157
-1.17524868404519 0.443457724953242
-1.03887992975398 -0.411518532919645
-0.742769508144805 -0.884274809503912
-0.611178450090391 -1.1972933202906
0.427322217472124 -1.147029161019
1.58480063958483 -0.767792646172823
1.72151774969135 0.530669131615018
0.421044862989207 1.63496974103127
-0.799274478643407 1.38012958463472
-0.921862786986027 0.599527982032455
-0.987526651374709 -0.322074589574162
-0.755652665645136 -0.809991405192528
-0.611458391344867 -1.04112412881389
0.159159412413262 -1.23899463943566
1.09889676777202 -1.13455091606799
1.69695767813644 -0.0247850257926589
0.675407052416172 1.42091045873199
-0.461165758776516 1.36669261202094
-0.812615355084886 0.895149183716374
-1.0619305359308 -0.0333793687128276
-0.954795578882864 -0.541101434924199
-0.679451138612987 -0.977832297891556
-0.258163100340298 -1.17806678564455
0.768810918693246 -1.16531146968044
1.58567286791833 -0.522992997538694
1.48587566218556 0.882287693148112
0.0625660853583963 1.6516753175925
-0.740890833212096 1.22400369320893
-1.03203276304636 0.344539561451231
-0.973036212897684 -0.443267484502373
-0.858850777274635 -0.763408929054524
-0.419727158878331 -0.956165146648425
0.399933107117273 -1.06640100015076
1.35244836170811 -0.549517103918522
1.68981723285742 0.148835694358202
0.748589421499701 1.4793236266091
-0.422988999347334 1.47738076769458
-0.993258950592495 0.645763395846653
-1.01630247846018 -0.0696507558424213
-0.894729102134677 -0.610888121959547
-0.570280905418502 -0.815517567642447
-0.0698636469556016 -1.06816360222829
0.86421990727792 -0.936391517642486
1.67021451776872 -0.163830413187207
1.22418682328518 1.21568692898235
0.0661767734856564 1.61075924775208
-0.623168655694174 1.08417380516616
-1.05100314489341 0.262462370057897
