0.370716632623115 -1.00535490440761 0.611745716183706
1.15881376891992 -0.8423098562272 -0.691520859493521
0.817970657848648 0.415710797146862 -1.46503652950384
-0.768502876699419 1.26076836271828 -0.775177681288355
-1.36252113979803 0.844242544770139 -0.0940118069611995
-1.07388301816226 -0.67365734261072 1.132813927161
0.0766332668136067 -1.12871751642697 0.821895396141808
0.970921942370465 -1.30596347044237 -0.341490294373361
0.686885355913931 -0.434035549097535 -1.27916676699925
-0.442265685260359 1.05866378652379 -1.40295768634699
-1.47632343925594 1.15938967371327 -0.304770821478444
-1.48687627983267 -0.0609467006599044 1.02794549166674
-0.361893029181409 -1.23993243733347 1.35095064021179
0.788172728021766 -1.3579330958042 0.0879025727026482
1.0643793647076 -0.87645991804609 -1.08187903625329
0.109822145539178 0.349543008194879 -1.12867562245928
-0.713752810215444 1.51802702466966 -1.2612421129295
-1.22706062931341 0.283416147383625 0.412974060572109
-0.953384835906244 -0.885358003842174 0.899728928756046
-0.00666368203253478 -1.21376426326735 0.866301777795551
1.38261591141362 -1.43068607629019 -0.31674564787165
1.06053469590197 -0.0903320070008793 -1.31548091884146
-0.382330350265686 1.38681365916823 -1.1015935067386
-1.50258126608941 1.14361136117175 -0.186145024731337
-1.36289399423827 -0.160665363783397 0.928936928504079
-0.779202796353766 -1.11952736308257 1.48619528627179
0.70324847777075 -1.50382548383746 0.233605588415782
1.3655187770331 -0.793457526722721 -1.14299929431132
0.325477339965566 0.405178318988113 -1.46485244640956
-0.772920516781529 1.09992460740383 -0.904768638485378
-1.53536843059718 0.713977820600635 0.488996358756978
-1.08302100080274 -0.634474058931962 1.26008525403566
0.195311053913522 -1.33418000232695 1.09623333100685
0.998962723298205 -1.41222754533119 -0.465810303526467
1.05561889556009 0.181726679860795 -1.23037711890886
-0.248074653442635 1.38129350275104 -0.993995145936658
-1.01925001984405 0.812850480040578 0.176090845282946
-0.944997900070076 0.209988661579622 1.1607806391316
-0.222846721296763 -0.990656668838494 0.611653612405698
1.20842065055516 -0.786139790880604 -0.380806033788028
0.717421133669668 0.0931200837235428 -0.852763455549967
-0.361081699006188 1.05627930702678 -0.793563041345311
-0.791715307367916 0.895566784621502 -0.0938921944090664
-0.784218484112022 -0.199628222102754 0.989218458170476
0.175760261219205 -0.634936989728654 1.05831587650369
1.27053133261581 -0.768703864873869 0.327079532183279
0.812577848279173 0.0599063313283643 -0.661239195578058
-0.218421086824971 1.02632253223271 -0.980531436282932
-1.09062006008574 0.976173631653141 0.206610389602495
-1.12807799963293 0.0535247833016948 1.07878310427935
0.115784355437027 -1.17974987108703 0.804531285460765
1.17386022043564 -0.812256462220973 -0.189850607273376
0.842528397598033 0.0665808501849229 -1.14754073141698
-0.220409605231013 1.30657581216676 -0.955248650626576
-1.06599571970235 1.05549989181691 0.189395193755818
-0.596941839628188 -0.00296117901292966 1.49011676195111
0.528086129297465 -0.937101560642655 1.01663060378719
1.6198465350691 -0.4570066657922 -0.200422208889881
0.896715074507439 0.807078453139475 -0.498887622462025
-0.567999902518899 1.57874628183551 -0.381419154692069
-0.933642528709919 0.333042665412342 1.26397282519042
-0.00642825333722584 -0.676223730501047 1.60479009078602
1.40339802796141 -1.05409618471003 0.0335531018144329
1.38375358382194 0.114621644336618 -1.10716457811713
-0.129885936002411 1.65070229154432 -0.888480394628365
-1.18407835630919 1.20002911271158 0.38614974342354
-0.717099158758648 -0.4258986269965 1.85582146929249
0.444602172403254 -1.10053805359181 1.35761729363402
1.93723906365301 -0.842590198760962 -0.417427057131487
1.06369506013943 0.608066548443724 -1.36001816378668
-0.696044348147288 1.98773729411289 -0.704201149587949
-1.06823917390883 0.841711205774549 0.984280454380911
-0.800549268321113 -0.696862695525236 2.26696038826788
1.2377729895324 -1.31086712918475 0.90142673331799
1.98109100078638 -0.771071936522102 -0.714322743164405
0.579412291506514 1.17346070581952 -1.37490974543397
-1.04737780872276 1.79815560730794 -0.314061035047022
-1.19531436122341 0.285008186900414 1.09349869368196
-0.574836248642742 -1.26310615618184 1.56345659533681
0.982434761734321 -1.51505044188346 0.355176867188983
1.58611902603167 -0.636283513440206 -1.15358831631822
0.38873765001574 1.06921674645238 -1.46912293132995
-1.24693013574186 1.52851813140651 -0.654915439627829
-1.71500567392519 0.492925155620802 0.408385711983276
-1.11344968871459 -0.675326587720627 1.7039371793307
0.295358098065217 -1.42855913139218 0.806272047004017
1.74859112723912 -1.21190795318342 -0.547873508199928
0.90533552161749 0.365572954115373 -1.36125598747829
-0.877468307710222 1.68433887271978 -0.957412386696713
-1.27238469877401 0.857537008060199 0.69637557415216
-0.854447019564282 -0.162074737941387 1.44486728825341
0.617834691718881 -1.28220750515074 0.857840280164835
1.75027818103732 -0.47630040357883 -0.709749399713923
0.680677046305315 1.1343373101052 -1.3160077254255
-0.698343877128872 1.59297708509803 -0.729152337060648
-1.05323821804975 0.512417555514626 0.993331944891854
-0.381272921112586 -0.843442079801908 1.51799148785046
1.08020662639988 -0.979934356284482 0.216806063847311
1.3822940491651 -0.245126233678305 -1.04854398515386
0.176166116921773 1.43954015550972 -1.21496091442596
