-1.33323328952748 1.13320291008973 -0.679899157700076
-1.44095501557699 -0.445130673263015 0.556824953348914
-0.333655167796553 -1.39980589449684 1.12730234035577
0.725680413837219 -1.38594708145205 -0.283683318960978
0.671810371230302 -0.351181852490452 -1.246039550426
-0.419317947484418 0.556805439020266 -1.25958712189659
-1.21900173890527 1.06343364769938 -0.772617895335585
-1.14799463374985 -0.6179854275425 0.746169467455441
-0.331010612568991 -1.33607589566546 0.830046541915147
0.579461858861866 -1.31837094427197 -0.669658857248101
0.796063426077342 -0.45333097488761 -1.08363432858909
-0.585896081858868 0.706169404310913 -1.16434413634058
-1.34693261972126 0.905844550613843 -0.427192879534135
-1.25828379093179 -0.421796073844866 1.08967951453259
0.0089101301636538 -1.44314532469167 0.4184833050926
1.05804966004408 -1.11814276657914 -0.309914863514889
0.562601985157263 0.012155677648349 -1.49305825198702
-0.87746341263238 1.42648015956224 -1.39542251581733
-1.42618127291435 0.329373653100689 0.300679181508936
-1.0322053461724 -0.899932703475681 1.43451317481562
0.562568756961056 -1.38349561490242 0.297368094029839
1.46027776120133 -0.897986686627426 -1.15987485877993
0.451603778759828 0.488428569096853 -1.57966440874482
-1.13941779071088 1.3815750030869 -1.30194684653974
-1.5737533145804 0.026087889597051 0.486500788847943
-1.20732549103141 -1.07102717629498 1.33119314576978
0.667562160106366 -1.30949590327322 0.376703072355774
1.04424349405632 -0.374355653136112 -0.832205534717899
0.0937479151188732 0.634607955736441 -1.25574269897814
-0.916517228992738 1.19176880303266 -0.705876204790411
-1.16332712579116 -0.0337817218029051 0.745211670886555
-0.154346440589942 -1.08899613862262 1.2598312073264
0.934271242532327 -0.938500269567263 -0.254203308872687
0.932152315948497 0.285035553605389 -1.01859036918585
-0.574934814380314 1.00979610108068 -0.84733974091632
-1.09596500768221 0.337703609374003 0.327044135933847
-0.775846925709581 -0.9979909841341 1.09714522063951
0.967688659275675 -1.2821140089181 0.127988025529882
1.45699745858677 -0.398203507413316 -1.24506965866837
-0.254149295663879 1.15699589657718 -0.903408595461081
-1.13209720227478 1.06065985975678 0.215369684471964
-1.05821814169635 -0.207152920852349 1.41446840317867
0.328527349832061 -1.47412897181655 1.03066393178643
1.6230703408704 -0.663578377184458 -0.529375196274231
0.536632200109374 0.847431275193982 -1.16457752891113
-0.760545666378476 1.24146567415734 -0.357117250511293
-0.970107464799732 0.128642186157566 1.15913111959594
0.35303475669122 -1.04410967960492 1.33748673475058
1.46566292518789 -0.816433068440726 -0.269708726671988
0.850838266660096 0.592577193753029 -1.48053759323611
-0.663640030687649 1.88828760384883 -0.709264908232672
-1.03716638280394 0.392505973844626 0.798690615191606
-0.0247239457317905 -0.758415233024893 1.72689381960435
1.56875362874892 -0.74565421603525 -0.269333147132969
1.1536884295309 0.802969140743673 -1.18789104162238
-0.943520173982868 1.98766275917042 -0.580165840672534
-0.976286281085003 0.291663948003393 1.19182709122674
0.0664092750555941 -1.50070577025748 1.45694325628735
1.75051271562597 -0.794635685572896 -0.173594350770325
1.06356502686112 0.838181591353949 -1.37926539414361
-0.711693397544088 1.98800346487743 -0.691009077345764
-1.21722054337241 0.405411980439255 1.0761046809247
-0.234510542202962 -0.957452918400322 1.81128069739279
1.41773387446785 -1.18488547756858 0.0348259267201578
1.5247860307584 0.0558999382434548 -0.825969218863546
-0.399249076450472 1.56488777512312 -0.667933557001306
-1.41301466270107 0.900340583495919 1.05706585146797
-0.561828454421321 -0.964323204711869 1.84569916531675
1.380395783857 -1.12836970177184 0.0696084980176817
1.85919799282878 -0.492930111381988 -1.19163039451133
-0.314481163044107 1.38058897381986 -0.921127792922374
-0.944459770866906 1.18258615673079 0.540069390605397
-0.477409854319025 -0.486773132551989 1.63387443572804
1.14454328479257 -1.2129162857502 0.681774474628011
1.59012171997593 -0.133938332205693 -0.73597583359539
0.251403175389262 1.28222914093321 -1.04470629402353
-1.0588714922464 1.33696137919244 0.290410198198908
-0.70241201508793 -0.239035614484017 1.85269783675376
0.777629278951626 -0.94016880844372 0.897992988744999
1.33049548276595 -0.283773579252402 -0.797392557299659
0.0969136753509281 1.59868648843179 -1.3288355555075
-0.941919532235484 1.53243350228007 0.53282504385837
-0.909373638007229 -0.253744324278227 1.69059737448063
0.786804964413821 -1.27258101473204 1.21554051531702
1.66146231759943 -0.265238144146506 -0.618331764603622
0.296701623856148 1.76600723984389 -1.03300220409422
-1.14296210210977 1.18396900260347 0.205097352160491
-0.721016005627995 -0.141001625046778 1.35989684960827
0.971087110490916 -1.11073131945932 0.581500331483523
1.50505749933556 -0.398156530545913 -0.661512939000964
-0.0246717651653102 1.18965756409983 -1.21547038749841
-0.936550086726514 1.25296266751916 0.0753608442089114
-0.776896919802677 -0.143861466417114 1.38729751612204
0.742113522601627 -1.0379995197578 0.747927366929896
1.37485834112315 -0.138209558119972 -0.630179098432142
-0.191341035906728 1.01784573151832 -0.932675173773783
-0.852123278500343 1.10237389461528 -0.135785801063081
-0.647278909640806 -0.164971809428253 1.20239648600991
0.436922908723863 -0.8017345685864 0.56969989429889
1.47068901001813 -0.733953265799314 -0.822358484693791
