3.01106491567931 -0.603194219850474 -0.945418088178507 -1.4190281275587
2.07727887790793 0.654159242885543 -0.997853221956682 -1.69198494669526
0.984309639943086 1.38935052590221 -0.985554082314308 -2.07263596088569
-0.00471042931521531 1.73984288428578 -0.885546739363761 -1.61031355670278
-0.461013127699646 1.76171551714926 -1.46503366820185 -0.835850481931307
-0.817113177218592 1.28120909716561 -0.859559962984773 -0.0778593872327908
-0.311857668417541 0.511135556297138 -0.877269032844323 -0.0848026932518791
-0.0926291173538432 0.478783598081698 -0.882762390753953 0.0730240328424861
0.299756153399441 0.325625017096325 -0.874368157559063 -0.0507846064237458
0.260985916316247 0.462866310638955 -0.355477891919182 -0.302592663530991
0.404889551783102 0.369502801056803 -0.980444527975364 -0.129144444164118
0.409180317829461 0.487295363920471 -0.647502775808859 -0.441099682793891
0.517233850296783 0.402791500527203 -0.873050827287635 -0.558995476803283
0.523913004045636 0.736825650841859 -0.681594016833989 -0.580379108424035
0.16013982479336 0.647768488735165 -0.674641236686487 -0.391110004191151
-0.16292731767026 0.705801111413748 -0.431350371250273 -0.148629763579832
-0.263503911112801 0.499596181617801 -0.243385986842793 -0.0903868474951113
-0.457121548921852 0.385182157345097 0.0622307280806686 -0.1609442894178
-0.567102157749323 0.129057050340032 0.127510194671877 0.20479594904839
-0.501522124952046 -0.082355506984804 0.925555293228022 0.617294716608998
-0.648789475729437 -0.470797493132175 1.19891446915074 1.01029327262019
-0.958171845782666 -0.68971941127655 1.17883336654763 0.871134712820395
-1.17158203889636 -0.936548032383667 1.59975131250631 0.982951268211109
-0.688178380518581 -1.29773675782988 1.37235362242337 1.08237760005935
-0.429547490348622 -1.08691226646383 0.841501453414368 1.26003125555686
0.0903144015478763 -1.08924804576416 0.286203333088129 0.796126408929841
0.886218340264424 -0.601447821131302 -0.236272646648283 0.330096488533967
1.25565364539857 -0.490728749455556 -0.661983619282346 -0.453914105260217
1.66078163554324 0.3416399496594 -0.969109109937889 -0.97515812104601
1.02093192827964 0.834328729115191 -0.73104047529865 -1.43604978068587
0.147850230435629 1.41112636436597 -0.725395749850321 -1.13171128152899
-0.0133745671836911 1.30706475146769 -1.12216878989658 -0.965089154920495
-0.457490984709564 1.13722377354454 -0.639880323229938 -0.641398626405139
-0.910179363752921 0.974848200726885 -0.415444125461978 0.0280810670632339
-0.530021655168117 0.541236264708605 0.24570329498006 0.336743299338232
-0.334445302626576 0.0137822610370612 0.301521564621139 0.154381150572661
-1.10088332602905 -0.325743565526799 0.904522309142487 0.452943256524041
-1.06362909489933 -0.733672509283223 1.46458979505142 1.10801874901636
-1.01898573689885 -0.965854527161241 1.71071524283873 1.18357821627767
-1.35127540216583 -0.954887560025409 1.99370172076125 1.4599125670176
-1.0150337125954 -1.41307641065323 1.64428403080084 1.68124348951886
-0.899876912340649 -1.74806853280455 1.22234839497622 1.63723291909695
-0.384017541420256 -1.65712259607791 0.962505721109234 1.39545969164706
0.520272424301554 -1.61276977289738 0.0400597581050953 1.15334095965345
2.09146988081125 -1.17910287285194 -0.556090387056933 -0.217025731837625
2.31459612784271 -0.420938927181025 -1.08841461002026 -0.869145204296588
1.64085130537656 0.33710404131381 -1.1247173963802 -1.53595303446369
0.831113650442729 1.34251688574865 -1.13474762230713 -1.73862524566516
0.0717751547470457 1.45169749011333 -1.11204796686132 -1.51982843645533
-0.458434167826933 1.54201490116743 -1.05983777671522 -0.946157317775493
-0.35569130644408 1.10849064969481 -0.721329013531832 -0.533708424330148
-0.753987627579458 0.64375578376328 -0.545917130697922 -0.213521885883227
-0.431892374262126 0.52070765501132 -0.287030595431742 0.149025340167483
-0.0677617585699054 0.00434680330359241 -0.0295701109241878 0.0609381703295521
-0.116630597965913 0.0571568476731389 -0.108783689187091 0.0599057855770983
-0.130087975348524 0.0352268119727388 0.142317973949369 0.0659978173449223
-0.0679530505363397 -0.0176873745005667 -0.0591355545520011 0.0356790406956
0.277381431772056 -0.0673625634186488 0.0296622184062285 -0.00616223445945051
0.162967295651449 -0.0830478172301056 -0.27107199770191 0.285088078646919
-0.0431511063798252 -0.0380649369758049 -0.1196324404759 0.218054807455478
0.305905573407702 -0.061313558000934 0.00169018716996736 -0.278025020264073
-0.0875869886235112 0.199837282494261 -0.570950794741588 -0.27071431818536
0.0533618880212945 0.208806769308175 -0.213728186628026 -0.279110466710712
-0.0950633884279031 0.0831477268676857 0.0887787049583566 -0.0803748238724942
-0.100105946091171 0.18544623474476 0.282711101719375 0.162375980841995
-0.633998451426293 -0.250222731322246 0.334589371217625 0.243116560825834
-0.511458896685151 -0.24810439894451 0.792663285528329 0.545214221547506
-0.700109769080395 -0.550769096259834 1.00756067132315 0.593009093376196
-0.911071172361986 -0.514221861669869 1.55694916904375 1.09242269901977
-0.922471899321572 -0.847943636633905 1.07514769525801 1.17355087010417
-0.704720665737493 -1.05010212648239 1.29833314749124 1.16945279052388
-0.566904000034858 -1.11652077009959 1.28231849064424 1.09514691155846
-0.186323730963132 -1.24453211975156 0.723935727023805 0.782251478211469
0.581668220328231 -1.25908979951738 0.144872698844829 1.01522079745143
1.22848514977438 -1.05049006346467 -0.592117387771084 -0.00614340665229011
1.85433313637148 -0.21227853233024 -0.804367377785407 -0.766481430889879
1.32542298638261 0.513177404085252 -0.972385068887822 -1.30674397164028
0.64749717925127 1.19091243384543 -0.988133705234559 -1.17322783225729
0.143619772985602 1.0619365779409 -0.933927201263078 -1.06652732551459
0.162246819529825 1.47127280416532 -0.8594761310346 -1.00112439785479
-0.402340575082651 1.09890778146752 -0.727438179728759 -0.612048402626613
-0.392691787691712 0.718815012201375 -0.523063861394772 -0.216908528870499
-0.568119196233229 0.520972285877125 -0.0407551040367659 -0.238834578367307
-0.846406258833779 0.276412783219958 0.443756210047607 0.0493301477668505
-0.609125310220241 -0.313956455452263 1.06772372772651 0.779233132889468
-1.37519522545121 -0.620580486574214 1.66110560757056 1.04842138729097
-1.34959819530804 -1.08628168510322 1.86641242575108 1.39472970368933
-1.42333277175423 -1.30307958816242 2.15928974595045 1.50409969452689
-1.4752748736132 -1.55542134150281 2.52435859293977 1.90745576144623
-1.21764491077107 -1.8018114567464 2.20692504933887 2.23176705720748
-1.30729032958475 -2.01976007452602 1.94188850472925 1.96403214858278
-0.313027259991712 -1.99292319831263 0.917467165971656 1.44224572301128
1.40927031890064 -1.83846804226522 0.241058162259031 1.0032853564662
3.14076139287592 -1.42222700784337 -1.1511280246454 -0.469409796418187
2.65905601688322 -0.502145930619591 -1.04427465200656 -1.62446654848246
2.085576658538 0.947152588238299 -0.996081599578598 -1.77023871613863
0.391510305141515 1.51334150846078 -1.26666119957763 -1.950120606492
-0.640214699179345 1.78604711060803 -0.765631425483396 -1.64303029317686
-0.422715367506404 1.80347762185518 -1.14223463527359 -0.969569762917052
-0.806279876435624 1.27589208737733 -0.901532595077597 -0.337020774085773
