-0.0948441613309003 1.67095619943293
-0.781271604651843 0.939436825074098
-1.07353812483167 0.0980450260244673
-0.792405623840803 -0.449242573636559
-0.682383897923463 -0.931154027410123
-0.383725637094577 -0.960807887205795
0.74184660727901 -0.991381616104647
1.61274464576377 -0.470010735274466
1.55245358474459 0.554824827050844
0.093989617020581 1.80145936166063
-0.699424398615216 1.22536646326332
-1.14679015499618 0.267893921937758
-0.805810186732501 -0.284241118899418
-0.755505022685183 -0.859926136540154
-0.391750602719071 -0.889302397697581
0.367639486199838 -1.16151078367785
1.38766158654769 -0.787387898807268
1.70233298803772 0.314392671944261
0.729624131247418 1.60755589736458
-0.462457253414068 1.37127567676131
-0.796448228761287 0.730290255609087
-0.991121805071328 -0.0654957732158667
-0.854739885949121 -0.691448904397609
-0.623013219081992 -1.10673925557061
-0.182007505559116 -1.16617990725912
0.819338231354128 -0.991875181327409
1.86542382531767 -0.045447913541285
1.35056153335974 1.12482936260626
-0.170488849663328 1.66497896345302
-0.809989606015593 0.984153266832225
-0.814588601895272 0.13137596943343
-0.835552886218139 -0.457175095013179
-0.710046422628554 -0.853370990852167
-0.235632771398837 -1.24658995068611
0.756442681903995 -1.00784641937359
1.83862573015109 -0.803410573009242
1.63866359625201 0.687768460614083
0.214408742912553 1.70019329914972
-0.704988447225636 1.39895762661025
-0.953209010566568 0.196955117411108
-0.907111380100833 -0.21570962650905
-0.754242910554263 -0.789451932488299
-0.381859084222284 -1.03344342520733
0.272941818314402 -1.21030209893179
1.41575371740854 -0.804757120237353
1.96458810951803 0.221538085032981
0.788655106382025 1.75109482847773
-0.542456897263487 1.65799496805642
-0.791473456073499 0.781309925971068
-0.925748779438262 0.0361358019882814
-0.877077584505432 -0.544567941070897
-0.763414311321536 -1.0433949320251
0.0699101550740999 -1.23681016868675
0.888678199826409 -1.03303616371925
1.87508559205515 -0.419703343354952
1.43288164874331 1.13948033022458
-0.0144713060300844 1.63854692090328
-0.830056935551345 1.0188406280046
-1.11414627532569 0.130012241679447
-0.960242732340202 -0.509513892035299
-0.584693724462467 -0.893349525303029
-0.281538507326641 -0.880120406208636
0.514887791757464 -1.11479688496306
1.63734804519452 -0.576892888668459
1.82156113055427 0.499559695168094
0.317193593309084 1.49878327277032
-0.763119964940171 1.47240200083813
-1.08390923648051 0.419497209875493
-0.950759182972003 -0.185288067170329
-0.84519879952762 -0.751915226922919
-0.401386978317416 -0.921561328464004
0.331615276088357 -1.11633913267543
1.27882402273341 -0.699460104632563
1.83327989028433 0.197023455184164
0.803606684788622 1.48098583366789
-0.57410405743725 1.66191895106106
-0.954371302693341 0.879081493419847
-0.965899117544699 -0.0878413380883656
-0.863827038998227 -0.306395959496294
-0.454877462412401 -1.01004112082877
-0.176615844246875 -1.07135858848575
0.875855851873167 -1.21870390430428
2.05545906147733 -0.255085307005454
1.58899159216424 0.948263008639407
-0.0848893287960233 1.91730042607622
-0.845816190697783 1.21690830008624
-0.898493494852739 0.258425304989772
-1.17902709903734 -0.312707204083427
-0.898103231703968 -1.01684971733484
-0.362337757323796 -1.07365835510445
0.539819402047359 -1.23701271697628
1.56133242414744 -0.757202984654482
1.96793549502713 0.543617101645618
0.664206019443451 1.73692819520438
-0.778992543139287 1.53999630798575
-0.981712489122859 0.483041366726268
-1.04083068066825 -0.284416488554296
-0.969268486645036 -0.634165067037956
-0.637617916237848 -1.05427716828439
0.0192583808777341 -1.07871957689682
