-0.330239313137456 0.869466514285032 -0.832579582826574 -0.413585727920137
-0.48867685476672 0.67140065321132 -1.12622625049961 -0.155886156630532
0.112133945264145 0.646056289857184 -0.647817530222385 0.0937574336196443
0.170488314003161 0.695084244152984 -0.783388824484814 -0.0636781952116843
0.213810540975514 0.656812007547457 -0.890111974145213 -0.308344936351675
0.28691434747936 0.567627921927748 -0.659725363177702 -0.573574176786676
0.299766316528616 0.672691104468437 -0.572626736585567 -0.11226877000447
-0.0890950039425231 0.399788978162523 -0.696212381339455 -0.406532279229035
0.125665242531762 0.238347956394693 0.0631329365726639 -0.406502853867271
-0.189544206722143 0.612162431766769 -0.09699128116077 -0.347725522318365
-0.245985927457437 0.47638234689359 0.113037848058624 -0.204438696258902
-0.614755429370701 0.424454781987379 0.459591311568666 -0.311450940675362
-0.760911088008927 -0.00532631511711479 0.579773643162288 0.347582284714987
-1.27527000740384 -0.316810018894221 1.01496303716877 0.64067776401787
-1.32566390233055 -0.637859182108281 1.29558051288126 0.71777511507491
-1.05408391923471 -0.912613120687606 1.79630538630302 1.35900191189576
-1.32089934149404 -1.23079693388075 1.74980916417034 1.09659482525096
-0.534722891851329 -1.30774893860074 1.91394042689431 1.88231640375411
-0.623665485138108 -1.53413534799199 1.17539772137234 1.58824058016002
0.349858745448964 -1.44104830974483 0.508607629078133 1.15027449878299
1.57570592652375 -1.15102381931229 -0.49178086231737 0.412514555424271
1.99409168345439 -0.589703995700252 -0.852508571872501 -0.951860416452509
2.19613217437359 0.230623460296185 -1.14074055770592 -1.43415370598389
1.15640197018878 1.09726757902378 -0.967614040395037 -2.04269230886364
0.440395707753798 1.83099088850934 -1.1278786761788 -1.3702831793379
0.267358033695557 1.54245754155591 -1.37810524169974 -1.37699405308231
-0.276984112398065 1.78058574950233 -0.905044405332806 -0.907605594523177
0.236389734575635 1.06634126024927 -0.757553798474809 -0.115860257771211
-0.425011075030987 0.647197259257551 -0.876922587061236 -0.345802490436784
-0.347764376692638 0.51953290654318 -0.31346487959324 -0.121610827976906
-0.517137469293534 0.057344638308906 0.524194493884954 0.133793455348978
-0.598886616482427 -0.161244083881771 0.584850897821337 0.584726503935772
-0.561194372316595 -0.476411141400257 0.982981714086304 0.740943820263783
-0.733459578160843 -0.723789514847239 0.746370451015066 1.11382614872969
-0.568690617458886 -0.829875568645367 0.833813838230708 1.01618644085758
-0.528107837076008 -0.910858747181532 0.624016122069716 1.09357513497302
0.105276921471255 -0.779064683377602 0.310366687653813 0.457822286892976
0.412082730650249 -0.569785211958103 -0.0603590173448464 0.196816874508741
0.766220380659263 -0.437451573765357 -0.334789694150615 -0.0395615389085738
1.81459634306228 -0.0507049577283066 -0.809689395113732 -0.440729022581636
1.21376762774291 0.648619867386969 -0.959985793504775 -1.0576306678018
0.777955432112642 1.22514771537792 -0.76620299012959 -1.46605641053
0.14378149409144 1.33915733790515 -1.38811064750601 -1.13821465596973
0.0152044110240951 1.07563780256652 -0.969556695842748 -1.3134176694043
-0.330449517862604 1.02038118219482 -0.7154618128967 -0.845055123392678
-0.230716579101877 0.661988338423619 -0.179560820390245 -0.524239360070921
-0.436623235570904 0.186826812225412 0.0852098537498806 -0.153147754212057
-0.44186859332465 0.0269424805830652 0.0612084852247804 0.0286849565481511
-0.79719925723167 0.11107861971978 0.732535140782382 0.520711753618551
-0.681267533440493 -0.374283378041917 0.978205319385882 0.79534455101326
-0.956541670264532 -0.670323076043395 1.06995397056423 0.801285377368533
-0.89274744753833 -0.894035155542891 1.28725244703067 1.2933618003309
-0.526457837204969 -1.13125597160671 0.910000422382941 0.987716772099893
-0.0300092746073669 -1.06645774173168 0.637058823019971 1.02916833791165
0.78466825644051 -1.06736966773045 -0.15342200272525 0.438326292935465
1.49382813135274 -0.475502943461089 -0.576964439612401 -0.253079166519071
1.98825838492694 -0.17608764351369 -1.17640394053866 -0.90262477121478
1.45262722339923 0.37665341743272 -1.0264321975134 -1.78638580266651
0.819454904088751 1.40817856679821 -1.09595037001678 -1.37212221918206
0.345918225938582 1.5199107308528 -1.15331329978403 -1.45623490980246
-0.0607247414687323 1.34370717032013 -0.805232771152797 -1.35036359827954
-0.76803886042111 1.20539565302454 -0.70038765430393 -0.399654132809012
-0.47256179686145 0.685220418192311 -0.20045497467449 -0.290122901837269
-0.9018783979286 0.311997798248318 0.324568314168629 0.233732030394582
-0.895687202872513 -0.227960868417211 0.864468036303152 0.255493094877249
-1.42511370380102 -0.650219646604329 1.47671731759509 0.435994752362251
-1.6314616783929 -0.592759284574163 1.87252689386379 1.48598790939436
-1.49433961908914 -1.36262207421819 2.12126021289371 1.75050646978058
-1.3984830593876 -1.58602215802265 2.27212681175699 1.83395498877636
-1.36325583533149 -2.1286532374314 2.01583033950927 1.66218586039878
-1.23505030943864 -2.03241030635964 1.72700206647585 2.36139174520069
-0.40496255212587 -2.30545123286687 1.02222870702158 1.69173827525573
1.20359730395098 -1.83741870557615 -0.0554366149704447 0.988853077983869
2.91669318266688 -1.41246181224562 -0.901379596529439 -0.202652025616005
3.12197526598153 -0.29146425288924 -1.37620476505613 -1.78047121098441
2.05886760214289 0.976627904097552 -1.28219283266609 -2.16180780795536
0.582148443405669 1.92216277847101 -1.24162220722595 -2.19134897293453
-0.188327765728588 1.97558603281877 -1.45932226578961 -1.49888553889023
-0.616214497303353 1.82567736051161 -1.32621976424919 -0.997997628199658
-0.818575047823611 1.49877757924887 -1.07020339774578 -0.369254587267408
-0.548649506984849 0.999265202277818 -0.806380749475876 0.279358196744585
-0.268338824285312 0.660189757788332 -0.493482219271931 -0.0688980337648335
-0.00372451671034369 0.499728734234647 -0.0657504448725859 0.132521408027099
0.0338594190187294 0.202681142311026 -0.236399019618967 -0.0337558625329218
0.0371736895828281 0.295837565816794 -0.547246460128879 -0.118403956251085
0.0438105328200745 0.547312074375264 -0.20206784837718 0.0215753762227748
-0.17529042082656 0.176338705851397 -0.076554579357006 -0.241272125286198
-0.280914596294518 0.153160228377976 0.108937330598121 0.119936021883375
-0.771738224444257 -0.101593268818902 0.294552711608838 0.0272098000233195
-0.37618906019197 -0.216834623660145 1.1826182634869 0.395025519598268
-1.00193104896612 -0.184048536878459 0.993301376299819 0.551060169082995
-0.823090391762291 -0.677326666428095 1.22078626443089 0.866185652459859
-1.01655624856743 -0.927324171238754 1.5697822796952 1.0266282794319
-0.628714773440456 -1.3004510912782 1.53748100656031 1.21961207267599
-0.0460290553990556 -1.33346090235568 0.73023384532136 0.983415441511936
0.465918616907073 -1.09413690391669 0.313286506786449 0.66082285068604
1.21672800589594 -0.985367428767149 -0.189754912390799 0.248743486967027
2.12970773751379 -0.389136992305413 -0.893792598143095 -0.719913826870174
1.75304851426406 0.218735525891448 -1.24581735894304 -1.33226653649107
1.22819064385529 0.757150190122001 -1.02646687142244 -1.27653945186336
