0.89533121135958 1.38699254982174
-0.282272316016703 1.65817589504493
-0.984010550240528 0.728771705497103
-1.1039915521464 0.220418400861513
-0.878529340077326 -0.502550436965059
-0.846627580547364 -0.970286006411895
-0.187282444313322 -1.13830770428736
0.546041941354346 -1.04303661122543
1.65765984212827 -0.937452070628444
1.81070812501285 0.588279437750025
0.278271439275619 1.86021585520936
-0.756926397141321 1.40510488310218
-0.94200833528255 0.458236930840753
-1.00269697180592 -0.0871174974883406
-0.734912761374636 -0.648271162919689
-0.420049081036245 -0.995789884974149
0.175982819378885 -1.23188063442476
1.18194539563912 -0.986052247328284
1.86099715757814 -0.209425522628298
0.959917346879132 1.31458702721117
-0.194876683899099 1.7879322064292
-0.941903093343237 0.822296608003292
-0.919360735442092 -0.0184784651726929
-0.881830120056727 -0.742742732564885
-0.591023991996496 -0.851901881997648
-0.220025398358316 -0.972580447432128
0.762576023281227 -1.15199705531137
1.80738382840966 -0.646124763842091
1.58944818506669 0.754359800039265
0.141700251870187 1.68163142713249
-0.427770593246362 1.17860985480828
-0.99556625230738 0.195431051905764
-0.970927968228974 -0.446607432657512
-0.8745530565138 -0.61509570067075
-0.484436873711243 -0.981683451105885
0.286957056564944 -1.17444335598342
1.12789314776803 -0.834016316563219
1.89281358105902 0.114714035004855
0.869418525607317 1.45942186680093
-0.411145530766281 1.55412059242053
-1.06454942906784 0.67966681503182
-1.06332622599584 0.0721947912645697
-0.896835694484466 -0.597007095308644
-0.683307470730369 -0.889357568004645
-0.0837765846781593 -1.26882211620572
0.895533661957145 -1.11243898204164
1.84758367027344 -0.503666231725683
1.590454499804 0.902379548893902
-0.212491869804066 1.7418660078203
-0.664064390872273 1.25781851072397
-1.01005988326249 0.231574017682927
-0.959203356401369 -0.40754215350204
-0.72280826376085 -0.764868705395079
-0.368722635127558 -0.979703435534394
0.258993059620097 -1.13026154576983
1.28792352527531 -0.930886738131583
2.00695502363309 0.0161365783216301
0.700673465537538 1.59072740001348
-0.62692902551174 1.61584355706711
-0.86251128325923 0.724539464975475
-1.04683728052816 -0.0975141361324006
-0.905483210923911 -0.696421356106339
-0.570568030736888 -0.896278782572946
-0.221779460411548 -1.11476314518084
0.804281438031967 -0.901310949073012
1.99539995801019 -0.367213756129519
1.44518890537906 0.887304405950585
-0.01256656868353 1.59900818185094
-0.779885688398651 1.05746770358247
-0.855871813368589 0.0822533778002968
-0.971673318807397 -0.336283073876462
-0.69760963612311 -0.777551001857252
-0.444290089110632 -0.889947074860786
0.272049975801612 -1.11310669057895
1.30711241412904 -0.70055495260217
1.81085392604936 0.378120487027677
0.608938893137634 1.60222565641064
-0.447379356330823 1.43601020245246
-0.957896716233488 0.548599977346427
-0.977713855585923 0.0496996835559683
-0.850348724585847 -0.798145154477189
-0.562487553052336 -0.98728133382065
-0.217905535704105 -1.18636888393533
0.8610135581045 -1.21549963091785
1.93465105301811 -0.361221743012241
1.30004113217985 1.14171913800564
-0.198374153225142 1.66514894613391
-0.735028459420896 1.06189145774976
-0.957464287699383 0.0772226108734169
-0.9493607401249 -0.494439223573245
-0.891876168313537 -0.864486355626435
-0.345643297367005 -1.17334734757892
0.41546766338867 -1.18458578816757
1.42100315372006 -0.90610915155686
2.01986880837618 0.110097231786658
0.707385595679627 1.55543028070553
-0.59062737189536 1.63061149539069
-0.916295560134791 0.855648223570154
-0.976664839277783 -0.208104461893578
-0.983473802487172 -0.699575932138672
