0.455536481314393 1.76298772719189
-0.597652429893091 1.53991346261685
-0.861625680352983 0.616572105582966
-1.03270119316927 -0.131004065546595
-0.963220999322999 -0.594426987161996
-0.463170329651692 -1.11969568283024
0.0442546946808505 -1.16732741444108
1.01238322747201 -0.888495981697733
2.21474717657438 -0.000521965012605502
1.06438528682261 1.39342609642117
-0.335419371008949 1.78050512700682
-0.806196295095893 1.15894006048382
-0.915343503219039 0.0160222855907658
-0.952784631855287 -0.615068526534009
-0.732914054682204 -1.0599912519295
-0.357589947008545 -1.26897631840076
0.769625004970116 -1.18899476996079
1.65140999723365 -0.452539755256068
1.48712704020872 0.628996640608044
0.160166256087332 1.59083164452993
-0.638995321144118 1.15621203360749
-0.900955288982554 0.299508710429394
-0.824180729298526 -0.277697691030244
-0.79352071887605 -0.795645908596896
-0.261199757046682 -1.13167011843053
0.374017182640762 -1.20412976127491
1.49786300431894 -0.721909792191938
1.81877971473486 0.201057739939039
0.599420356591071 1.63639691026039
-0.42446186480442 1.588904398771
-0.839156736105447 0.562753315130418
-0.908069276438149 -0.237621014462436
-0.937016011044003 -0.581293354573257
-0.708435190046741 -1.04856674206761
0.0882656922632792 -1.13759617010245
1.19042087275548 -0.952960095014646
2.03249737482177 -0.175781264364307
1.16094338080984 1.47524283936135
-0.243570221673295 1.84409592733873
-0.863201234759581 0.844281267218113
-1.043520625685 -0.0271899822711906
-0.947408713011403 -0.460114913325094
-0.598295024853266 -0.902681311027277
-0.301674719845426 -1.07329317322324
0.937031579046449 -0.999913252514459
1.72735107133005 -0.606814161590232
1.66289986534261 0.660360510189423
0.0647361592614259 1.57068234266823
-0.614229171219436 1.18649626013916
-0.82153173718882 0.404419302938883
-0.94835446488177 -0.197720260070883
-0.78569437350374 -0.64117924149468
-0.40447074351471 -0.974154407303519
0.218901325576921 -1.18343275171093
1.41743852467227 -0.732888849608655
1.93508400744382 0.194335107769341
0.900609441912139 1.398830156426
-0.500361344624821 1.6484941691844
-1.0152206137437 0.776037435297641
-1.13119432915745 0.0578036094641557
-0.940674050391614 -0.525146599040523
-0.667345412729039 -1.01176768531469
-0.15138095210531 -1.17283480991614
0.813169907086025 -0.991970448864598
1.74283583065591 -0.401751883908741
1.23479611473453 0.935995854762347
-0.237052141450473 1.60866880796539
-0.833316477823621 1.08928464829306
-0.991688732149061 0.24792461181102
-0.893120591341082 -0.476583046463009
-0.752338724079501 -0.923826004876822
-0.213152456517376 -1.11657863669883
0.564294324523669 -0.885220794677422
1.65671288896054 -0.60333205519235
1.60312790820539 0.719748304570413
0.259167730156116 1.48481319200779
-0.68316006617824 1.19624440764735
-0.861568825246101 0.458948496216494
-1.05797305735965 -0.301357038134029
-1.01962531859101 -0.91763045403248
-0.380579505018451 -0.96460780223542
0.475221063330152 -1.14844163275071
1.36216364926146 -0.848813700063702
1.96983962779707 0.236179916201495
0.586474764413254 1.6059249191783
-0.531199721921951 1.44668006638312
-1.03928648447324 0.6550344845605
-1.09295073437295 -0.0749484073358941
-0.94359907756251 -0.807022038779766
-0.554257534048439 -1.09469821821967
0.276842966325068 -1.09885865643042
1.16265059915535 -0.906336815289733
2.05174191222309 -0.193686055262567
1.13454081607896 1.4015103685722
-0.176786238002737 1.73610092516558
-0.716498428299733 0.808592139093213
-0.924699720866179 0.112418280768376
-1.1025453441531 -0.63222979516227
-0.779575907618561 -0.919985019229228
-0.361762672783319 -1.16925207646229
