-0.80040754298238 -0.41567437832531
-0.860866895251532 -0.807689186963865
-0.169457348626367 -1.06276315306873
0.554127918814266 -0.89145489639651
1.56623289215806 -0.374045739583344
1.46172999276122 0.488835864241321
0.369856247206112 1.59715122065896
-0.538626567680984 1.44025335094155
-0.839861604248666 0.444998212819916
-0.883970204653228 -0.331311585608033
-0.802334802709263 -0.550598293450099
-0.416861763956738 -0.989987788656723
0.0773675824821236 -0.939312378833689
1.12867100092055 -0.845430800568642
1.64353934656508 0.197665839249439
0.64478634807566 1.37833079574256
-0.501394316095006 1.6454025119435
-0.939067067140107 0.694036196818887
-1.10233692535659 -0.0754683106380027
-1.02055036994712 -0.567087944577257
-0.648144680029262 -1.03203840086342
-0.124378054637543 -0.921412136248992
0.820888143651374 -0.898277342887371
1.59112004173191 -0.413377107156129
1.27543419956043 1.01411355424591
-0.121751377156482 1.74527378890012
-0.769315977352944 1.18017728939992
-1.09367361434339 0.268242143636539
-1.00113068375561 -0.449114523722489
-0.678843129085624 -0.773819750386197
-0.31800251442611 -1.00112878981418
0.322346396672723 -0.984030185467049
1.33126452358886 -0.914453024686697
1.80903922725178 0.403422218746317
0.496826818317404 1.76107622012936
-0.543762909752899 1.31590157970027
-0.882527122220204 0.543395592533066
-1.04469726597483 -0.153251638921775
-0.704663491272643 -0.853197844163202
-0.59557050951438 -1.04350878301391
0.0618029041566129 -1.07232374950258
1.05880953901592 -0.836617210655118
1.9241737412355 -0.0903683913556
1.04314951829991 1.40879868343453
-0.510518867412771 1.77239676320964
-0.945342148746859 1.02887456624207
-0.942074598191753 0.185872799782278
-0.994013008849262 -0.440375749186382
-0.720995407097359 -0.747708157349933
-0.177033406641444 -1.20143958024069
0.453687215793191 -1.14727667987405
1.63870956555313 -0.682934546228702
1.71293063837299 0.739674782651199
0.183626588421426 1.98891264509364
-0.825740773795499 1.40813466607403
-1.13556340499268 0.405225445753327
-0.998662493189446 -0.270716374851158
-0.880566932604545 -0.73375963574336
-0.561200539790531 -0.943507104312744
0.120301730962075 -1.08824730295313
1.17238431567221 -0.762307551806093
1.81531993159713 0.0429139239280472
0.812521683204859 1.51543172102968
-0.440386163383723 1.74299426502898
-0.802135866158331 1.06349034495465
-1.18522203014203 0.126161264611901
-0.972735663661538 -0.485290607638257
-0.718626366263122 -0.944478890998802
-0.202866592838446 -0.98563892928467
0.461391367087075 -0.939420106164455
1.80917198890727 -0.377808663389596
1.48758942162322 0.887269530407822
-0.0270826605776146 1.59086544813781
-0.670373025831531 1.44783845501233
-0.978205038189823 0.281043558696474
-1.00195913075804 -0.390802909832043
-0.862332891506978 -0.709382226612923
-0.516252414411546 -0.989086906512702
0.191564013761639 -1.32813509247419
1.15230480532621 -0.773447980304683
2.06469759341877 0.114330566800832
0.801494003361364 1.67606207366587
-0.577804002327293 1.67059508400892
-0.976258718438909 0.959912167276469
-1.02061443352626 -0.0312274742587801
-1.05188556516603 -0.453905121807338
-0.759466842230821 -0.900641051069866
-0.145548298293844 -1.11389475591154
0.610592736200083 -1.09619609930921
1.93181949773102 -0.429743386054294
1.67924708068294 1.02622383721934
0.0391224714215281 2.08159006061573
-0.853789293883111 1.45433968074126
-1.02583975220763 0.542313231540084
-1.00842762842274 -0.282769365980865
-0.903797992798363 -0.833056832494822
-0.3169157204784 -1.12720983524415
0.250513774721497 -1.32201384412426
1.43879437455922 -0.724543181010039
2.10348323013383 0.265167332914103
