-0.768025733451546 1.0096367059246 0.577354941544773
-0.166499456171496 -0.468441546057803 1.21367904068595
0.79684781810903 -0.605526699025842 0.584653791181641
1.10350219707649 0.0443385282258483 -0.299019993156047
1.00821983489369 0.955343401413848 -0.8588857080822
-0.260087885626875 1.86311918128371 -0.612266115667013
-0.717413571215725 0.803037106268088 1.26398341968156
0.202867608337916 -0.570914024787776 1.5633290740148
0.931436690028333 -0.813705331700668 0.321791379121384
1.1276627080874 0.42956145361273 -0.9754398633551
0.0121305583111797 1.28981664426712 -0.827764300691454
-0.707238774638722 1.17318914603838 -0.0232133551813669
-0.582140859572924 0.275516078124475 0.949610125996217
0.303758217875062 -0.317392489572737 1.153562235498
0.879777666142792 -0.886761391427094 0.165828066357911
1.23096995263828 0.298443018113084 -0.590649518386207
0.258372106953228 1.00181790901559 -0.379540625674368
-0.809818772977502 0.843846609346247 0.229232147016248
-0.744016817364307 0.262142135665856 0.51415288550751
-0.299922768200644 -0.681390165309268 0.843837248498919
1.10646762134432 -0.650815580476389 0.280527843931933
0.831633274354297 0.0175086750796157 -0.649242743538712
-0.10702621032924 0.859024198742547 -1.19303319765771
-0.67267106894729 0.412463776116902 0.238293544386323
-0.859585917608274 -0.0474637138733444 0.98380788112603
0.533926820936653 -0.625300397815133 0.446190617535733
0.993002121517911 -0.505969291771439 -0.265145872153179
0.614358336829743 0.518369558165904 -1.00516067130328
-0.0692972167029032 1.03093347649667 -0.574711659724151
-1.27777064465842 0.699246337063024 0.0705175500608149
-1.11258800895937 -0.453280988660854 0.920325024944746
0.2680954611809 -0.866402397062266 0.467999018055911
1.27013208209025 -0.690487115433472 -0.385296564324498
0.681279902704477 0.77569322226955 -0.978613605249977
-0.605935992202153 0.835033945726204 -0.523944934934447
-0.637526282498455 0.64491100401619 0.147979033965721
-0.169248801461847 -1.11703158573968 0.974540473903452
0.888387130789716 -0.934887202094476 0.520084100336588
1.23446745951637 -0.520401874343212 -0.292372130160184
1.04210969071513 0.719901322240286 -1.01942612691396
-0.888381262813841 1.41367552878545 -0.0556165884186207
-1.37934745803224 0.885454812840235 0.829681607034318
-0.665124356509525 -0.830089174095163 1.20714419771581
0.573795732357744 -1.48875567261126 0.363053458200544
1.05451177043128 -0.500592076297043 -0.689896715245473
0.814858828795853 0.159663258662428 -1.32493784014184
-0.73629975915237 0.772612854115021 -0.767360298032456
-1.50207942238353 0.800512177914603 0.0741812199155603
-0.661313583110077 -0.878667279570038 1.05838373023413
0.423900794314282 -1.11166757188735 0.670437240807594
1.03047610579163 -0.990881358204059 -0.256928793088035
0.771159573566651 0.466683498855226 -0.974364382264574
-0.304132122998125 1.02285241784731 -1.00600028563744
-0.949869997566644 0.679174888616531 0.468630432906101
-1.04209270452473 -0.4326786075571 0.650501164025106
0.87093843406242 -1.24722859408493 0.621177309232152
1.50398682278086 -0.413726209188104 -0.328683258088843
0.608126063225071 0.243875505060022 -1.11240329434359
-0.380176792443115 1.64891083788584 -0.0655237903605821
-0.94893124059299 0.775733331510455 0.756699122214495
-0.271894228697103 -0.178257254608448 1.26802038304952
0.703285159860486 -1.0547531390815 0.789058531393413
1.18754365093109 -0.235165132073835 -0.597097950274549
0.526538404241187 0.803085672819689 -0.941028639819082
-0.620903059155188 1.60316338889775 -0.585119464990068
-1.12189170480155 0.658367462540743 0.5536130285282
-1.12288525635061 -0.527874585168188 1.38489175533551
0.656202920102717 -1.14538825295466 0.88682569714776
1.60337330548019 -1.01317520582024 -0.263162127921103
0.832633930681942 0.615990046685211 -1.81395452812501
-0.326880772321281 1.38975429531342 -1.15244927936286
-0.88782524044216 0.679602088244535 0.427585875108251
-1.19973211507888 -0.582034445314822 1.56389960350222
0.410564129981206 -1.83581560221498 0.865755724170542
1.45794255255331 -1.15812361350609 -0.712830054147075
1.32415107549241 0.449017160263614 -1.75140221113638
-0.363593815238451 1.7173090380234 -1.65961740161827
-1.81959765101785 0.991828471473694 -0.0876437549978623
-1.71535186249537 -0.48262206154906 1.68707586550426
-0.343794772094976 -1.50226890263857 1.24181441329216
1.22624558623944 -1.45963813549212 -0.618032411647674
1.49792116544889 -0.574700040590253 -1.58674020609429
-0.181865478565156 1.36277476986079 -1.59588269855049
-1.80837625551015 1.4337581650828 -0.266615248492803
-1.6876256444158 -0.471182795416305 1.18396154808798
-1.16364196133814 -1.71903757593787 1.92899988815362
0.862498631460585 -1.97924668148141 0.368305960451233
1.79308764349352 -0.971735182330068 -1.80208870611553
0.289516422361387 0.416656575679346 -1.75268328973203
-1.40299614895306 1.64990429587848 -1.41815843693764
-1.81381601316611 0.880200600544942 0.61724429439507
-1.46808537252536 -0.717963183668575 1.71564791644762
0.031300292730895 -1.81649083259703 0.760389350316785
1.95961981354629 -1.55417043351068 -0.917514477369643
1.37853075531518 -0.101218815591548 -2.2749159456722
-0.475764619319766 1.76547440122624 -1.95410457404583
-1.79456871575593 1.42195802921551 -0.392263417614351
-1.57705449847778 -0.195713298689087 1.54193060584245
-0.501737591452468 -1.56397281522635 1.99759856948795
0.982331434208366 -1.97988068295151 0.264959120587555
