0.505342745156706 -0.888801233206399 0.808432224247279
1.25268184986737 -0.65779388204687 -0.696906108165932
0.711859871707657 0.145973367130729 -1.1153227341467
-0.817007093463859 1.22815381240419 -1.0751970372045
-1.11402329136877 0.389332870536493 -0.0498135994243854
-1.35790195193387 -0.352673423685654 1.06497947577089
-0.160535302577184 -1.25392346425144 1.0935249956958
0.918335205154956 -1.30768112243219 -0.322423052452203
0.72639306962208 -0.302207859983735 -1.48606367961934
-0.22181558712036 1.07422146403449 -0.983850468417854
-1.47778992420862 0.910685343031632 -0.434443390424737
-1.49895308666228 -0.320492626955791 0.906985246018922
-0.602262467726495 -1.03601822657986 1.08977952811254
0.720420977496389 -1.41656317120179 0.0343586348370089
1.37006673947168 -0.951123206488803 -0.8248794178401
0.37943288766082 0.601605949529973 -1.58112967450608
-1.05689347231865 1.05074254406476 -1.00525838595668
-1.30700801847322 0.654766044504808 0.410646981536915
-1.29983770434906 -0.74090610474871 0.793337699102542
-0.0181455658674241 -1.23740249236344 0.233641971203187
0.866609675206776 -1.04398781382632 -0.618906042562456
0.823144826731344 0.0196320253220075 -1.46342209519123
-0.473535152587274 1.61993024081304 -1.26221224973591
-1.46041580161843 0.960910945037054 -0.333839518469471
-1.50376050071222 -0.088008963287035 0.771429560984637
-0.844841064619577 -1.35922566930361 1.12228640246713
0.711502887823111 -1.5246707502142 0.272878351441798
1.3641493250023 -0.732762898472914 -1.00466204354804
0.00528723731087191 0.378667783002477 -1.30243859610057
-0.900470218206496 1.25423039529228 -0.973061436114883
-1.42293928433239 0.492380538335777 0.309516226068561
-0.975253699835451 -0.486956414159331 1.25152041670701
0.111555357908578 -1.23293795585835 0.863581905593245
1.02275827472179 -1.25304346820852 -0.255280610000844
0.755605137225206 0.0224020351685142 -0.884396605191502
-0.402585795525141 1.18396379034329 -1.07507493348981
-1.19138881426899 1.34495510325819 -0.0781764814464983
-1.09607059081272 -0.136550428354455 0.878011904365568
-0.0258553612407548 -0.751786738291049 0.996535366736347
0.742035575156777 -0.882267514101911 -0.266477638092354
0.910306431199951 0.0745728548965212 -0.991758859393222
-0.217820083231898 1.02080803826736 -0.758265264557083
-0.568805950605505 0.895478391104315 0.00138247109192536
-0.890802765909095 -0.0693769399640058 0.840938245291704
0.218035133081314 -1.04966116627885 1.13042640937885
1.00431488255702 -0.873935001549878 -0.0260893486181834
0.923367790780038 0.071812338541814 -0.862186338458207
-0.0273342784011573 1.1496280800692 -0.963214078957045
-1.10434818411201 1.1877895410793 -0.00235231219414947
-0.65233568041811 -0.0945105490834036 1.1207238641996
0.0167687089518166 -1.11846362958847 1.04511814569726
1.24602589810045 -0.988994100907122 -0.254818685332881
1.15337286657524 -0.102031936755605 -0.920800066503142
-0.144533381714124 1.04981465402162 -1.00033899040171
-0.908177434828828 1.00254080482078 0.347751282307299
-0.806497567809227 -0.593094855225201 1.75159927289865
0.453808075892988 -0.82325441418632 0.995229342291402
1.74616903828336 -0.698041117282672 -0.29363155091765
0.720487503026582 0.749512626016071 -0.924730449687524
-0.553655055779211 1.80488105319663 -0.0172549708139855
-0.615929497622521 0.480217283176513 1.1122261895796
-0.113848064387544 -0.82211463174179 1.37782617281288
1.47793896331151 -1.04750799315782 0.114610844148858
1.30907163658015 0.0983905694961013 -1.13417476952681
0.0492472471471422 1.74337870410985 -0.964317065611809
-1.1015603697192 1.32614288111121 0.502353858162177
-0.872830587447936 -0.203685352095848 1.92454153802111
0.492954943731124 -1.00561835650919 1.44597239331865
2.05496884560795 -0.879866252675578 -0.43343735703991
1.32252458681 0.671120702864154 -1.00099647420351
-1.02749429833478 1.86732608607479 -0.771819740650289
-1.33087696727736 1.17457529506394 1.10707163813058
-0.996759686933097 -0.595571970632141 2.04758709098567
1.13051475196453 -1.41525897389242 0.817941512895885
1.91395527663961 -0.51643982223325 -0.811533150618156
0.551420298267037 1.25027578164495 -1.06620520027631
-1.06423589838614 1.61408540584541 -0.595728996041719
-1.41597335324263 0.619718877773919 1.29421394826166
-0.527890893886041 -1.00088104411377 1.95309628464328
0.892801553920447 -1.68715689753791 0.272692579296132
1.67758705768915 -0.707015499158159 -1.22435571680858
0.482164161066347 0.550232599083035 -1.50947202925729
-1.01002404733374 1.83190319191975 -0.796090874830239
-1.58937430183343 0.40768339372292 0.588278614282955
-0.906575172024604 -0.836366561710244 1.65057101913339
0.461457764804059 -1.46825862623747 0.776251713072911
1.68094143365165 -0.970299591525834 -0.745875244432228
0.986051928181511 0.67730143977198 -1.63486982475946
-0.867608065439482 1.61663466594046 -0.978971612310339
-1.02942708993665 1.06127039179128 0.504063128365919
-0.706478643944278 -0.477858578269817 1.79087882501178
0.693110665365394 -1.10178214619665 1.04091283733641
1.63969976556169 -0.756365291821591 -0.495634974940355
0.678770654066298 0.706500421336746 -1.05974539289402
-0.655928241023039 1.66578302630201 -0.690154506579627
-0.73715534770742 0.7858908742519 1.4395276979123
-0.156131740949579 -0.83786845817583 1.61966602551087
1.17582145177155 -1.18798566191288 0.221472696054906
1.45674691634602 0.0324141112197118 -0.672430741773709
0.322114525911547 1.36681251211819 -1.04188214449279
