-0.528101904775205 -1.84225831314421 1.28132141247102 1.71589194629408
0.502778355526433 -1.53833424089342 0.0433879846003132 1.02172820067923
2.53325784996701 -1.35662005181274 -0.800201968108882 -0.298718908613066
2.88762164972589 -0.369181984114759 -1.07982158639461 -1.41455258915865
1.90321122066433 0.722785281895127 -0.931855192317973 -2.05712690135444
0.745786737964343 1.59245893900535 -1.31080950635953 -2.07454079394364
-0.118119818453038 1.80135133722024 -1.27815786523997 -1.60154773916526
-0.602211538946928 1.66934362518276 -1.08732817934235 -1.23923453935179
-0.838015069716021 1.22995660332335 -1.01363970779284 -0.63867561212544
-0.484674439444538 0.967050955205789 -0.677549695443961 -0.195728272608906
-0.186090726486249 0.612829338187405 -0.723382591533804 0.111283261863708
0.127296643418714 0.268416257221254 -0.756879630356022 -0.148828140208062
0.408536751479926 0.476119052926491 -0.997237418910338 -0.246170888940222
0.393099553622388 0.410081183416334 -0.74034709076788 -0.523048805871721
0.508694882976949 0.698642654030651 -0.556371772658572 -0.322245997752119
0.226950450667477 0.643298523374664 -0.697583199747168 -0.339791019161473
0.328425437070276 0.660209764343887 -0.743973175353093 -0.447316330839853
0.107740650106433 0.876813474965372 -0.569245901587732 -0.610049793137512
-0.155192278057653 0.771068028493941 -0.477929894675664 -0.284784704204632
-0.278146337042839 0.69829391213544 -0.271098853031116 -0.171638720579238
-0.270355307618418 0.495069333562942 -0.224238626020321 -0.409073292104879
-0.502619538152278 0.277358115564785 -0.0349044484053282 0.328109181786968
-0.942859172791423 -0.0754238766982492 0.707271653766918 0.403120442767637
-0.752747730561168 -0.310365942658247 0.908197507732159 0.525118705236812
-1.16626261423557 -0.731447234387191 1.32598963979024 1.14890795567828
-0.83840686121647 -0.95160651678351 1.51848701436681 1.06606116212527
-0.563148382369136 -0.869165942977109 0.950178528213131 0.932399216584575
-0.29419678148771 -1.17106375459854 0.713263982669377 1.22951465056426
0.226743696206164 -1.15844399666367 0.376125815331176 0.879116207786734
0.820483926923883 -0.810319351059576 -0.344456360820501 0.180776750062745
1.4762925807264 -0.24526537584143 -0.991839665819634 -0.410002394537352
1.59776459419948 0.303366726746417 -1.04539911811115 -1.24739984482569
0.876470010955917 0.939521287145988 -1.28823058862293 -1.15297904846742
0.259467520356035 1.19369399493874 -1.15962306142575 -1.22168691461958
-0.125364134555854 1.44450709030228 -0.914431886575559 -1.02192071910338
-0.535970218339668 1.25250803585639 -0.592621558420075 -0.686309978485258
-0.574653259897132 0.90400373680069 -0.295241506498531 -0.188699807461949
-0.657885119913958 0.638383170549691 0.0115655486946986 -0.170438252290666
-0.899396870695071 0.257772292938806 0.440473478638704 0.150562546874774
-0.868772924870661 -0.263135350514557 0.928917451777551 0.476629182445221
-1.03877801618783 -0.395528787726044 1.39049786952047 0.758320311740854
-1.08810898390868 -0.863067353373597 1.70319519025711 1.36670805118592
-1.11207794748821 -1.08089750018889 1.96746137157286 1.25795569366153
-1.11681966811955 -1.26802146279394 1.69075543005324 1.45852099851423
-0.908105159779305 -1.52309324472187 1.52438068891197 1.61813216315761
-0.0779933639171903 -1.44849923599675 1.00103257141252 1.35222714293621
0.609636108005022 -1.33897373954668 0.295102692564053 0.775781324209862
1.94904608444808 -1.07690688138093 -0.333122021255176 -0.093499529527528
2.16199592192367 -0.251389508779855 -1.12425629418414 -0.847718554021132
1.57783503318418 0.483714648697053 -1.28939263677291 -1.61669377126824
0.758233340929244 1.38475245465068 -1.11652562849205 -1.74267394574811
-0.0273456625232385 1.75181462024712 -1.10959745199935 -1.50769176726751
-0.490178951011218 1.4134745057762 -0.982324452962536 -1.12042015428205
-0.659967759492701 1.31429370626086 -0.830888496281652 -0.597948769365377
-0.257164857797517 0.780595093133883 -0.846589529768088 -0.159539595955662
-0.384844657960695 0.744377791623443 -0.49040781255673 -0.0485692014598374
-0.207950274004009 0.32092433551109 -0.29393780980912 0.138473693407536
-0.165094775386447 0.221849421954444 0.0458384245220427 0.341285548956365
-0.0598400971099381 0.111983179388231 0.209930867223289 0.216099753457819
-0.156259892804871 -0.0834817384498414 0.048639972781945 -0.106407108094364
0.0599759886294385 0.167487091058942 -0.0283078742884798 -0.180415202910741
0.25069457541922 -0.102683220917207 -0.0244416411024245 0.0463462016834644
0.102252090197063 0.120716964524506 -0.07798733724094 -0.0613693572039387
0.0529247826901744 0.0784807997561519 -0.135713515672299 0.0950694392598813
0.198480672534112 0.270175891079264 -0.316599124772609 -0.124988628019259
-0.0863813437757322 0.40548411503841 -0.344446319672654 -0.329861513911026
-0.104644108686886 0.0994949473546565 -0.173657032673372 0.154878779972913
-0.32651012655708 0.135880804829844 0.236421667857159 0.0115651289620522
-0.55383971445286 -0.0848601909598434 0.37684952287041 0.166331238693718
-0.68627245718992 -0.232029342479512 0.686644756207634 0.299617672734041
-0.959791119500824 -0.353110947421817 1.07857904678473 0.735798978536486
-1.01052039469947 -0.64644795807341 1.35685438708154 0.89992596996318
-0.6626448225048 -0.837825015616993 1.36185025639508 1.1022065485183
-1.01260637019817 -1.08720076242304 1.22901151432547 1.35810571000988
-0.922699008885086 -1.01208319708194 1.04674776916844 1.0135235192476
-0.252032858464115 -1.1869978788012 0.743925551713419 0.931047217110224
0.207149222002503 -1.03729153421874 0.0457704849783439 0.82479142950248
1.37169854039863 -0.669644192153605 -0.709815591247274 0.270737015858557
1.8320378081061 -0.110056223512581 -0.924926367490258 -0.838619806493724
1.14046834985629 0.71672743599811 -1.17217185378008 -0.938443335095583
0.617367905778032 1.1406955385508 -0.939365050385388 -1.16856542230779
0.166782379240941 1.22094335522429 -0.963576152963382 -1.24145741076317
-0.301479842276673 1.46013856770743 -1.09045526511132 -0.912623899970616
-0.326572551709482 1.17771406921739 -0.480313467658815 -0.419661191701125
-0.518754152372533 1.06398228187632 -0.610547664725536 -0.533685682088921
-0.913056471130729 0.544283322820032 -0.317404808223357 -0.343103937505393
-0.607144564603924 0.335485293330298 0.536332545811611 0.132175422490007
-0.737989065006332 -0.113703299501381 1.14303826803761 0.686650112683992
-1.14194903637108 -0.404213402817047 1.6345909017564 1.01115425089605
-1.44609880021579 -0.890827704705814 1.95526788730802 1.41617652332446
-1.72648618903543 -1.32716732177998 2.14534964728804 1.51327681931494
-1.46870592919471 -1.62548765025045 2.39620235211908 1.85468893960576
-1.07057617796769 -1.8863083180636 2.13630838707541 2.11641927292366
-1.0793228811051 -1.93287664021935 1.7167972652759 1.84435699869778
-0.00507069900152506 -1.95171985776127 1.1254292048319 1.49777716128677
1.07803394554129 -1.69231823877902 0.115931920815604 0.914069877358504
2.53434202214298 -1.41023689703156 -0.912253008863873 -0.817050476917237
3.09446603235987 -0.431062955226097 -0.993431881528035 -1.76720684529991
1.70623622463065 0.993336128785319 -1.01105296586291 -1.87714985359289
0.454590241448759 1.78493505517152 -0.902009326887321 -1.83153935092956
