0.91853954090621 0.357461779659929 -1.20935451857904
-0.730874525103795 1.36899632648167 -0.996300370611273
-1.31751052293301 0.784185547712377 0.18324272587956
-1.05574761008883 -0.412797613282855 0.93238371317084
-0.0897732684838605 -1.2097532040246 0.762203091630684
1.01448399518053 -1.11051593619825 -0.218896307442313
0.78357119749823 -0.222272344732704 -1.24587776205561
-0.184971727801835 0.83272862048283 -1.26668138608212
-1.27213736328724 1.1044293510135 -0.453760921766789
-1.4310670128453 -0.231037890023142 0.886290710526136
-0.505711156076743 -1.32753502126297 1.31834503498949
0.623168980127569 -1.65035003450986 0.278188807301009
1.16980120372123 -0.779545329884898 -1.26255459181087
0.216094850464505 0.33147355323653 -1.36661747940613
-0.966816915162424 1.13718510089956 -1.12925511891732
-1.12461407394786 0.599132696673282 0.148952993922534
-1.16216097507087 -0.717174140485301 0.921719980106458
0.0229133808402674 -1.28473489145221 0.518297013436557
1.37950919092523 -0.948174935029761 -0.190614205863437
0.92157412008304 -0.366792174044001 -1.63984381117124
-0.369375723521681 1.08740453679852 -1.24801762206059
-1.0417480816771 0.950875112177471 -0.201483838694042
-1.46294946298314 -0.0674049382309304 1.03677375457661
-0.570718422617573 -1.35250143417031 0.997237905511348
0.807793395311571 -1.40027523895135 -0.0631193075139637
1.70784672992029 -0.845448671953386 -1.20499125395816
0.445914155593213 0.457063279573888 -1.24320099226966
-0.775784642736153 1.1639601918431 -1.02873181220202
-1.56730491775137 0.810217192550485 0.0784939287895829
-1.13265915388036 -0.572200740673821 0.862704227569011
-0.00362234908256225 -1.46374284189684 0.814537122619342
1.12188964809509 -1.00039695762866 -0.355200500151521
0.946508010714306 0.23060337060475 -1.23035136762207
-0.364906443487593 0.910264275118174 -0.78398524539657
-1.10583811934814 0.77639504545376 -0.220167984026798
-0.874131851213665 -0.169452079769097 0.890084710047326
0.139714460133351 -1.17669782562142 0.593858917145552
1.05213585196305 -0.871190528088522 -0.18682995477195
0.885646018131605 -0.109334205418903 -1.09654988163926
-0.501510170649401 0.994845808236256 -0.767364252366628
-0.808125982526826 0.64481034792452 0.282197487630921
-0.94292511693406 -0.247242981876087 0.808906481802111
-0.250010185986019 -0.871405675652116 0.83235478013204
0.992264108767438 -0.951747983248382 -0.338681552638134
1.14497862270308 -0.0891767035260998 -0.779387999628321
-0.217976986849895 0.93487990486027 -0.954607540080626
-0.805385734353402 1.27558629291511 0.0320092070450611
-1.01862038672179 -0.21284880517939 1.19343844190183
0.039043795614939 -1.06497966921011 1.18976372058606
1.25184228863663 -0.872169353675804 -0.204749831757517
0.850116475046266 -0.0715770492518193 -1.16720430372326
-0.0769843541602934 0.988255719798489 -0.888946320889785
-1.0704884430658 1.31599800018944 0.541732346330902
-0.809455255593312 -0.264078620191798 1.49068830178044
0.543624548709962 -1.00418818247309 0.921584157135641
1.40133000406993 -0.491511846631239 -0.215770027605112
0.668162502098195 0.725192399337018 -1.08869888098005
-0.619973532414196 1.41525736805418 -0.195439587457472
-0.753696853432141 0.477219576525681 1.40119696005149
0.0706398310671862 -0.702154413228217 1.33277881913053
1.58601406750273 -1.20356570505322 0.236867469139072
1.18279146441383 0.00370679875839512 -1.0839704521549
-0.311719500177709 1.66023174336439 -1.17744024122079
-1.04348409931366 1.51892163749657 0.427832168872976
-0.851322408432408 -0.38044433753585 2.143747896901
0.794333000584523 -1.37689377902013 1.09796751507675
1.90123681737499 -0.99622095783495 -0.427022045421745
1.05580989234571 0.782872932082435 -1.32536790630673
-0.410589293454033 1.91044156958686 -0.830548078808304
-1.22937047199713 1.29981148576291 1.35920859353948
-0.670561625612048 -0.842261044755327 2.13258644207496
1.10183424124412 -1.25134765399245 0.78477512354139
2.16417646454937 -0.708893520765766 -0.599122134324045
0.809221764801439 1.10664524965239 -1.10175025380069
-0.796462281454413 2.07708242910694 -0.656434567899436
-1.27693051813884 0.12991341469236 1.11877440279718
-0.587715305232351 -0.967550155856921 1.73170752390708
1.14721107119143 -1.53384366735354 0.159799243953879
1.61682491463171 -0.701317666258623 -0.954474108655704
0.630917270449191 0.496775009665155 -1.25623843546745
-0.912865278744465 1.65349271521543 -0.802283468126267
-1.53462181987052 0.383694389362448 0.429538434516728
-0.93295565458593 -0.929797104495013 1.81587664378776
0.326576059718138 -1.50945247220448 0.975632930448656
1.88790211535386 -0.749635182062022 -0.732523721964024
0.814419785670517 0.667890599221217 -1.34406647186668
-0.841770632284114 1.69680757675434 -0.758737937351707
-1.22178782019993 0.874721196958474 0.657884015735
-0.788990940985094 -0.588432569302056 1.68084756945529
0.600067116291547 -1.18920818082552 1.14665052705287
1.68354912301145 -0.788906721666585 -0.331351989598863
0.829031599174672 0.751841652958914 -1.04152862392981
-0.672580790816012 1.72145848865317 -0.369976254831729
-1.18910280270453 0.920809674375349 1.29251753815601
-0.0266982187545997 -0.817752434658597 1.64081156789381
1.35228355412414 -1.09906564510966 0.310282345708845
1.41515157498667 -0.284592962310504 -1.2074789146794
0.162888874988341 1.23114357413259 -1.05196779297986
-0.966632890970337 1.35682223528171 -0.162632523952866
-0.929608003214902 0.132086251336315 1.26487916117287
