-0.343806703265127 1.55227017665341
-0.838763341553371 0.814043415053883
-0.878366120724832 -0.0129754037725568
-0.899310939356209 -0.560593511374724
-0.706467081024293 -0.815966853517198
-0.134610659458292 -1.08821559011531
0.714528883443771 -0.989123424823738
1.81815265518325 -0.465212686018202
1.56780558044527 0.749480534393109
0.0453147799600869 1.74112489449368
-0.728602396951102 1.16164383973629
-0.908973916242166 0.381275566042838
-0.975237811783497 -0.441711950311277
-0.681376899967866 -0.727291988409129
-0.395830807107185 -1.04636810410883
0.168223224605215 -1.13040259458172
1.19149396303019 -0.906265993504115
1.8119179146208 -0.10776369289344
0.972171422796234 1.53098771537356
-0.441768857117392 1.34406557960102
-0.853744480593561 0.852743226339195
-0.921942702389531 -0.0561508817861374
-0.781151269598259 -0.650696668429193
-0.617314291836741 -1.04184766529178
-0.126817382602007 -1.23244095065346
0.775595777734706 -1.03665599422071
1.84369100928225 -0.532407300512621
1.62947220408988 0.948959843560409
-0.0936028479331635 1.87474777555872
-0.666760568902999 1.25660355300711
-0.976650216915048 0.282147215270224
-1.01309570645114 -0.424382348049151
-0.82607543405192 -0.908309270222108
-0.405107840448069 -0.990679369796821
0.244715133803515 -1.11723734921845
1.33704720308554 -0.846065893200583
1.99636122117985 0.242478380375835
0.550628564780322 1.53230839484006
-0.614298876225588 1.50235595205718
-1.00014513823382 0.626966241640091
-1.08465997413091 -0.0871267327300571
-0.78388091100488 -0.567288646393054
-0.656162893800298 -1.04729559409192
-0.226921840951296 -0.901771719833721
0.757581833795813 -0.932870717966476
1.82033263899982 -0.543617142456286
1.71355274752964 0.895745900851513
0.0288568973330155 1.89973955829295
-0.692725667334447 1.22871882733162
-1.01965687477501 0.46360024472066
-0.847760554622891 -0.234833834079242
-0.781308910650377 -0.886700710469335
-0.495662613099298 -1.01535615734788
0.185999313808096 -1.0053969138486
1.43403439332991 -0.896107508597049
2.26169644479609 -0.0610329052428833
0.838722622994158 1.48353953897372
-0.459865817136654 1.69468354060625
-1.02097879708552 0.854730590838531
-0.886680153284747 -0.127365178074725
-0.933065924511121 -0.630754127875944
-0.687604952451262 -0.945522273485529
-0.156411122732808 -1.14745848579139
0.681736281732456 -1.18608057950501
1.76088879917249 -0.433474326608249
1.65705558440573 0.704363752754147
0.0844721303242815 1.85729626847844
-0.763320736844454 1.35355829953136
-0.937405433535652 0.447403799751748
-0.984719633832035 -0.30941356558293
-0.745221995483761 -0.899759665007562
-0.404677158291743 -1.10352965287558
0.0421919210091342 -1.08983577742672
1.20129166837907 -0.804798923538455
1.95494078570691 -0.0562468152769037
1.02677079461574 1.57411442271628
-0.370928971709072 1.73949839443794
-0.843617302057134 0.830248907889441
-0.937347547457521 0.196309886926262
-0.970461080968701 -0.495072940862257
-0.736908186289948 -0.925852086552496
-0.345447047491124 -1.09813430140826
0.529941575539517 -1.0546444978438
1.71685616891067 -0.833545975536956
1.92178872190091 0.565168658231983
0.319096668639808 1.83226572862928
-0.590318782488105 1.52323966306874
-0.995057522713164 0.516528331099983
-0.771071919493036 -0.266718071641923
-0.806772866110906 -0.729443930292693
-0.386673108549503 -0.875586528344315
0.0819617782439847 -1.08115313645906
1.00079961552406 -0.815908405145399
1.88716724831318 -0.15379449981253
1.07130489911089 1.29177585363867
-0.152182093258066 1.71534994307596
-0.715153415176914 0.712345799330406
-1.00523839827867 0.0362046330665057
-0.854988526604233 -0.629099216627525
-0.76548004721778 -0.809275818795017
