-0.719628943753083 1.66512592404552 -1.07581936523403
-1.17110809835354 0.754571065898654 0.675618398533767
-1.06630093065141 -0.991433604260784 1.42495787924563
0.94447956563269 -1.44332313275254 0.475996784690425
1.68516882359866 -1.08638228820382 -0.850693564377134
0.308425846096721 0.66689037313798 -1.6371188468121
-1.14326797995384 1.39808249816386 -0.890261165780315
-1.54895916726483 0.0627518573798558 0.884465568633559
-0.687505711821327 -0.930259890853432 1.31784019296878
0.573193286745709 -1.61276567194183 0.0463860666664573
1.15266098163985 -1.01561916067549 -1.40082958142919
0.162876964554443 0.508419190097684 -1.80470894370758
-0.858692576036017 1.17080684936184 -0.969667500639809
-1.56291343571683 0.205547854657169 0.209644349829446
-1.10876300891551 -0.706859907508628 1.26155960111976
0.335184937741728 -1.51122886197167 0.548383742980932
1.28646029971538 -1.14197651645503 -0.969242064403024
0.383605626514314 0.196810001223614 -1.55869124322254
-0.722807925508072 1.44511119985557 -0.807489754145094
-1.33315495852662 0.826504613406944 0.401289587511624
-0.796880544047112 -0.510184649818787 1.51602043565382
0.301717400638369 -1.25217912333084 0.64033295168577
1.35920127105476 -0.629456983657847 -0.841180327140104
0.612873816157323 0.395331057126539 -1.16948460825467
-0.725362298970345 1.22174185250846 -0.452615190938544
-0.958212861165763 0.473097333991889 0.935444089284855
-0.508888078651886 -0.941358871689213 1.10821773724292
0.961424630409824 -1.41137490214513 -0.0316290190678143
0.809016270893423 -0.203305427534431 -0.957396336866413
-0.0668199389652018 0.845529274323589 -1.30629313820107
-1.19774727615903 1.11407613063358 -0.429804132489005
-1.21209132938611 -0.0795635182436883 0.693265411449718
-0.240686380210665 -1.25969028152964 1.09893591690772
0.576974388737112 -1.42552934711152 0.0985538236873796
0.664761928630574 -0.384099693207991 -1.06934079147801
-0.396073949230013 0.809196720640798 -0.996169092070935
-1.08585513188152 1.01109758827997 -0.334765058592228
-1.17876325352206 -0.0472466425470882 1.00549975729479
-0.27557515651649 -1.46307622146961 0.854005061613255
0.839983646158528 -0.981393104956912 -0.165113917478649
1.06308394933575 -0.0941019653537074 -1.34731170028559
-0.348414548511991 1.14126692200286 -1.06210132884172
-1.0032681105782 1.04280741923665 0.036631348874726
-0.956662726145863 -0.489219424257282 1.09452598109905
-0.0438689960612309 -1.29898856861104 0.854664155615877
1.15386365274591 -1.38339742200467 -0.530507064879751
0.756961454091747 0.22162754320878 -1.18779068598271
-0.795000552337579 1.40237065410554 -1.0998079082308
-1.4340756587267 0.608958092544857 0.204888913489922
-1.13867528505445 -1.0262447747725 1.36143954318206
0.435220648141415 -0.896754825439745 0.279178679359939
1.32800599005091 -0.815659489475911 -1.22254467645087
0.530384106331177 0.498737883567291 -1.51797919913568
-0.764634589316742 1.58932905099482 -0.850847377206196
-1.54552217616664 0.519664288352862 0.621415690765034
-0.792863453500706 -0.792713994339308 1.42792104307097
1.26541435097691 -1.20933018585856 0.311894704583069
1.45295123760953 -0.756094144640024 -1.29509800830792
0.227599173103105 1.16402906909201 -1.06502122979628
-0.611799998594964 1.41399185756236 -0.105086127512161
-0.983260538946246 0.0973581589362765 1.17995063144401
-0.288387803508313 -0.832483585685974 1.19983632230083
1.23156279057554 -0.955157330688556 -0.172438871159049
1.10947131830192 0.22242764159689 -1.04934348484109
-0.412788451484553 1.16345059612101 -0.540101288800588
-1.42495140010732 0.783704557253831 0.493646166148845
-0.417219055744023 -0.782349956005284 1.41452679788092
0.902509941975495 -0.968602482459727 0.32594498693773
1.5674282120649 -0.566976102393024 -0.711224936853159
-0.050020466642115 1.23098001358745 -0.958897456889202
-1.08662527380576 1.11828954514836 -0.0123424170297189
-0.739459100399146 -0.334968347119697 1.4168298248134
0.566061380163667 -1.0227601055564 1.17195036508457
1.82401809943419 -0.337999657581025 -0.387146983022843
0.732844780936697 0.891967233953966 -1.05200408281276
-0.858636381730994 1.51847113456013 -0.273473045535052
-0.999312024141739 0.0820954702179296 1.22097862656144
0.15327471279834 -1.07980297741587 1.43462488495246
1.59958268899437 -0.813292880062327 -0.310030626371268
1.11372392186982 0.500652064676122 -0.928768958845387
-0.554235334235524 1.73879641436579 -0.650816305175836
-0.812037352590084 0.379043111607849 1.09211083296465
0.0963765180377038 -0.588804046570587 1.67466778011883
1.76008630252592 -0.695965129634461 0.100364193289862
1.29180979362057 0.803354232021115 -0.908529794833508
-0.871412173895462 2.05448823265849 -0.218021766049565
-1.30058267777423 0.226542679147396 1.55141498108413
0.372791559311111 -0.858026942070548 1.72358907296954
1.79591424017233 -0.765006755880337 -0.295504912263678
1.09846932098633 0.826738976432975 -1.0412005346272
-0.269018771422405 2.14249234950581 -0.302355095384915
-1.0926431183071 0.582986792050497 1.29095874034835
-0.307090137798891 -0.945366476343813 1.82097985470533
1.56715973018581 -0.980231702698327 -0.0979377989338056
1.22591218930463 0.450871536964848 -1.07732483601784
-0.61762895139485 1.72818495824856 -0.750439148488381
-1.03782842005482 1.09503152006519 0.854485548792845
-0.0743462687259919 -0.771137179159712 1.7860675097612
1.26067033847412 -0.885159083306554 0.503441630558965
1.75716664587257 -0.0364980472711288 -0.905034874866394
