1.70776387087155 0.465987324763219
0.299907266245307 1.62293261657514
-0.689737480958186 1.31432255314814
-1.07131269486942 0.460372851669936
-0.964461417937775 -0.363211147064062
-0.770848304000495 -0.750216143924697
-0.491648259901818 -1.01885202892909
0.275773802513709 -1.25398649497027
1.50773405080981 -0.945512648531192
1.74971393481841 0.0369068546558799
0.954258040620855 1.52591833644166
-0.360373844795243 1.64094436862268
-0.884980846416325 0.675604812300802
-1.17151887595498 0.0172880712145212
-1.02943518866364 -0.651288047680298
-0.76201012397599 -1.06790933457356
-0.275937164461012 -1.42081079248558
0.83703471400931 -1.14172664683537
1.85625817831604 -0.345973960070954
1.42255228136129 1.06677162112126
-0.111260877637237 1.90501208361746
-0.794757548342275 1.0030690981266
-0.897312639170857 0.275782147273387
-0.881625570729095 -0.366615673729526
-0.746305478293509 -0.868245936901507
-0.372767802519978 -1.17354697802466
0.708482946725821 -1.10519456843875
1.66748155967987 -0.703944255054073
1.73113158768971 0.433525444434502
0.283351686710477 1.66967874335636
-0.587507473370988 1.44595555815555
-0.882360132914017 0.634319847475172
-1.06566422718595 -0.380564130610202
-0.844216446745388 -0.864897899232048
-0.389959940136999 -1.2004618677985
0.180829770097184 -1.15768510805569
1.13253525595545 -0.869122235449044
1.84524140268774 -0.0353840102070605
0.799969038750365 1.32981360196755
-0.410399618629776 1.71610739765713
-0.936203443475194 0.852640536441938
-0.956982255224884 -0.109557765726515
-0.912720916812246 -0.514954660953931
-0.586180103842943 -0.982157085897072
0.0105891778225699 -1.16315158426083
0.712740631050084 -0.992923142995784
1.64655538820047 -0.610211225300412
1.56862998819919 0.758121310308999
0.0228397557303503 1.44285927308223
-0.816720863959089 1.21042450307829
-0.916664824615431 0.36204903588525
-1.03989046751345 -0.232224795791076
-0.830266933742377 -0.751628349828442
-0.414021172398142 -0.94170400865462
0.326171205850569 -0.939733819559756
1.20677816907174 -0.817961389895225
1.81797066917421 0.353975432656855
0.663223463873897 1.48170017856799
-0.556222184916714 1.60692404944803
-0.789365946886256 0.722805747232497
-0.97632501557091 -0.220133217453235
-0.885905315014533 -0.473581344465317
-0.526769800044083 -1.18854788946711
-0.0919257303441818 -1.04837831183373
0.832801346242409 -0.777876100465408
1.71429207716815 -0.451822740723201
1.30549505953673 1.01711649508106
-0.253039566835003 1.60177158181073
-0.892958823359728 1.07841561406434
-1.01383480547647 0.103955229265458
-1.00453589871966 -0.464991049620719
-0.691250086729633 -1.12676994512557
-0.314694423678882 -1.2101794696521
0.464280125474756 -0.933824451626511
1.52710606553777 -0.624590372188656
1.80693265776723 0.661264766477348
0.243002494712413 1.70155912024029
-0.560191745665438 1.48751181023898
-0.956292088176695 0.477076083997789
-0.906550466968145 -0.296471382056124
-0.821643253548446 -0.866081060858897
-0.354925298541956 -1.11053020038885
0.369628028631621 -1.05324618844558
1.30942726846295 -0.921578649855066
1.97285246103854 0.233320894359945
0.900887865890426 1.47378407902353
-0.553650686684531 1.46687532181152
-1.02967922350005 0.847864422417272
-0.958427097936594 -0.0769331321411211
-0.968331203944611 -0.660098020012598
-0.672109184516969 -0.981709355256749
-0.046948036683331 -1.11448959946778
0.846490630676058 -0.939130192309577
1.91575698901799 -0.546850351034996
1.40518192974009 1.01582902055683
-0.112280108860142 1.7828033201948
-1.00251853752019 1.07630072165741
-1.16803512274392 0.0609454602383997
-0.964536858593939 -0.369051840345019
-0.610653386077404 -0.919984738491064
