-1.18260303504863 -1.07918098722671 1.95835152359738 1.47987213327589
-1.09333187561464 -1.36866267688089 1.92809005224498 1.35506051398948
-0.954210700544052 -1.42512862208475 1.60689174095768 1.644559334475
-0.437332200835229 -1.54698658725923 1.12073407802515 1.50107325724133
0.419709179469979 -1.35088738465723 0.0625157428042067 0.836970571002935
1.96276263331374 -1.21248799312176 -0.582466862453063 -0.0787069753185448
2.35545257967687 -0.375559689870639 -1.24219947582633 -1.25130460878764
1.51368793590976 0.744398757131014 -1.00279441801667 -2.00783307959971
1.14731447825552 1.36418000260594 -0.947548759707802 -1.96003250328596
-0.302931108278595 1.74376863915903 -1.31650945817517 -1.65379721179033
-0.582302613500141 1.69712021660356 -1.20827031471313 -1.30090502417007
-0.714579866237791 1.2775774407181 -0.807649514587793 -0.485599598699551
-0.249737626658207 1.00440480879988 -1.04156576530331 -0.267062195357553
-0.332779548292905 0.761926282107304 -0.379142248361007 -0.148944150055514
-0.102323208859632 0.375920088616836 -0.236735466251658 0.163740585049593
-0.211649410910707 0.0525498272695436 -0.508226989712541 -0.0129554081662552
-0.210578222779617 0.138243453658297 -0.19149882964633 -0.205041541998201
-0.136827963126573 0.0555417767019394 0.0220130984710331 -0.0930387496621434
0.0343896662654209 -0.0100949146694527 -0.034549279345793 -0.10491626768227
-0.0557492201460106 -0.147859590561868 0.132870046968676 0.055943603005905
0.169175744139065 0.0237326016414141 -0.275035889195783 -0.0158207678412116
0.276898143230389 0.209238434861578 -0.22344472361755 -0.272813160790849
0.251277113083541 0.269436383005812 -0.33465304755264 -0.487053961998265
0.107416848074378 0.406823535692267 -0.356135340834471 -0.523881382136078
-0.0928875355047242 0.311825112269473 -0.285267093471919 0.0871847664231824
-0.192852759004319 0.0442905243963299 0.206755095892551 -0.279696005193196
-0.439427511396355 0.255079415156802 0.466929990793125 -0.162378487945775
-0.731232327240093 -0.115454412658524 1.13332109775303 0.338646975412697
-0.920633955573 -0.631464938552737 1.13597970733165 0.692537875878148
-1.12434130143888 -0.584400635676476 1.23385008157333 0.858571791065459
-1.09348639018694 -0.828699571644712 1.34534581325933 0.977420058760089
-0.68954053163644 -0.866757944328439 1.1691845697219 1.05256798986581
-0.481225995819922 -1.16265373624387 1.09758847626426 1.22047326034376
0.209879915233961 -1.18941293527556 0.492495958417557 0.752120172084404
0.639732365619668 -0.900796105442965 0.0279580344700598 0.696390661063231
1.31711371198577 -0.735425582587993 -0.545039404092225 0.010195666393479
2.26508923381485 0.072941083065599 -1.13842820858532 -0.785465601633483
1.73599448696245 0.607878783342985 -0.846668968106528 -1.01541806045679
0.962865370847591 1.23470155277462 -1.17439553781001 -1.39563287281352
-0.0752706706302252 1.49059832147814 -0.730570110859175 -1.27374732761472
0.0576207482509045 1.52692397034925 -1.25721351878969 -1.14278352812344
-0.373082232026466 1.29533403359467 -0.919495641716467 -0.842640020680013
-0.383889839605953 1.04936740324517 -0.547048164651801 -0.456940286017266
-0.578117808140338 0.823475560303939 -0.165968947829357 -0.118764834392111
-0.613051967055104 0.379454593004586 0.465456595137237 0.156459499469733
-1.22502379604138 -0.223453993532411 0.723081124530232 0.337599849742157
-1.23118810469817 -0.53612279931904 1.77072795796139 0.876227530483239
-1.54668491108098 -0.94227380441176 1.95305196947837 1.29760764595198
-1.84554703750293 -1.48373514314759 2.03504197118384 2.01547370259849
-1.30426940987694 -1.59568644122075 2.14017394648281 1.93165293896108
-1.55989786283417 -1.70890497102296 2.43654362779335 2.17865768819098
-1.19850513281469 -1.82026785508923 1.80110116883204 2.01924968264403
-0.231130031257438 -1.88744004923386 1.02965992211992 1.67649332417756
1.53009962551574 -1.86106987339563 -0.169362480635445 0.951847760641818
3.46241577164256 -1.3856853416473 -1.07512396457601 -0.566841106329044
3.13870014030294 -0.306176752080459 -1.04164248806707 -1.57867879520746
1.93740203152104 0.846919385916535 -1.24043847967171 -2.31710235168281
0.682699953226726 1.8340772882108 -1.08679925311361 -2.20130405712178
-0.203661207208151 2.04782195872683 -1.21591160860104 -1.76738401733318
-0.504500624704529 1.74191198844362 -1.30277840067082 -0.95327050632794
-0.712562180026531 1.49017205706104 -1.19473008705915 -0.615870131324331
-0.309826968888652 1.08550958204489 -1.30943883567998 -0.299401326936508
-0.236355786820659 0.778434817771158 -0.81277627590153 0.0562343077163718
0.205712723509779 0.697325145414826 -0.841691907673132 0.179734960785698
0.173415368375227 0.438343499274065 -0.705894080021442 -0.208986255392153
0.261386262678562 0.600079432452056 -0.579496790143069 -0.130104492063914
0.0432348998760494 0.37760003586868 -0.205661192464654 -0.163271685582647
0.272104189501736 0.440299741214867 -0.596424576788868 -0.267474697690585
0.0954713252719855 0.554402290122513 -0.484127631975477 -0.514009687468277
0.419395099106539 0.314631292705658 -0.652094945899306 -0.142224743719623
-0.295999530584109 0.413745374548639 -0.416996962474082 -0.294626176743198
0.0349531024534019 0.363324685906275 -0.24238998868098 -0.381284900332205
-0.606113332642218 0.261233621492094 0.0911949129975037 -0.139237429748242
-0.425133582345471 0.113833270457788 0.412044874850054 0.248618351003567
-1.00272051058284 -0.169911124195719 0.764292924623478 0.325127912695162
-0.7598458882721 -0.62904663523843 1.14077892138005 0.452173234642806
-1.06459520394705 -0.754445164175693 1.55696614438138 1.16110711249174
-0.856290242389666 -1.03482032785748 1.55933633227095 1.14131694321343
-0.946634682008313 -1.14223579483922 1.31693451541039 1.31831271937898
-0.201202673160431 -1.48029534393903 1.05255989569511 1.47811548066654
0.488686455575166 -1.44695587936804 0.392446175197667 0.995677004899101
1.19457992843931 -1.02632591417457 -0.174195767876585 0.136574221572424
2.19204366488676 -0.616694394588128 -0.632910020357269 -0.323228626961919
1.66138793948491 0.227650364316535 -1.26994668884642 -1.05978332931135
0.929073560516657 1.03378063624541 -1.13702048541097 -1.51052254274619
0.75135397073249 1.51027522480096 -1.20971910441992 -1.42971634333482
0.000203490041399457 1.57225726371561 -0.934375298499761 -1.52088749109944
-0.299596706119461 1.27023854788023 -0.98146280274632 -0.912143088300674
-0.524264771022171 0.933412538483661 -0.850738854844228 -0.754633712716177
-0.612207828527269 0.713053999352633 -0.48196989324602 -0.0352787311058557
-0.229160376898516 0.432573875623293 -0.00329362655966481 -0.0457046820808889
-0.352206408657797 0.20707589240845 -0.0705614135273102 0.40683862915725
-0.404266136856513 -0.0810357417162559 0.434254593047152 0.141510348670546
-0.626839555836053 -0.195751531900082 0.650908379816597 0.543456035487097
-0.578815746316809 -0.544232240802147 0.829732800842611 0.549586424312923
-0.501277399925387 -0.748604449354154 0.872533890990258 0.790606955250135
-0.190508503627847 -0.821019726797087 0.78727353775481 0.789046772992509
0.374593605914031 -0.899672918855225 0.406411124055264 0.64845923273555
0.564087976124565 -0.467725380934028 -0.342532558344791 0.159100171751627
1.10342832073534 -0.175212510433085 -0.202353971388191 -0.210051136743241
