0.42827930046479 -0.505707131988228 0.440153487189494
0.996923164113845 -0.520055053222918 -0.280758241950539
0.452364861593498 0.303272055239662 -0.742213663033575
-0.747772882354305 1.03133207311294 -0.762386581563832
-0.657749956391964 0.382039288732058 0.418527410655805
-0.698017446357674 -0.536851696754113 1.25115369976725
0.224610496988701 -0.931480969881416 0.350016542709979
1.25307871933817 -0.727678054678387 -0.57240133900202
0.958092145539432 -0.0296667783113646 -1.30418331644765
-0.591914932410233 1.61263991989018 -0.889131914669467
-1.44083146085935 0.832446348367707 0.0966193485796885
-1.49356375786137 -0.5295546356243 1.22121195922844
-0.0684609538486898 -1.34572210469703 1.15087776610212
1.00505872748741 -1.12006989435711 -0.318597406573821
0.994752519350654 -0.153506295862568 -1.42645926872571
-0.295658106077656 0.804223676929883 -1.31027323516298
-1.4129067085577 1.06945508991551 0.019226330828366
-1.24867667860963 -0.310379020391431 0.986807555556434
-0.903552767429695 -1.32361310195084 0.988252005497963
0.874239421440603 -1.25848013547508 -0.037460112659227
1.42139879410368 -0.737458649651071 -0.959912713487382
0.277098651410805 0.589167938655082 -1.73567450938748
-0.962812382618154 1.23797155213193 -0.911820465169593
-1.32879682968396 0.497027312820034 0.305156740183326
-1.08532338630196 -0.835560996652733 0.914119792822133
-0.0917956186777187 -1.6345378884689 0.761273854160127
1.06653623785324 -1.30059951516349 -0.467032299534233
1.16839114898954 -0.137674279554868 -1.43930773986533
-0.202078257340934 1.43742680139696 -1.23405524287042
-1.40060632474701 1.18204496422962 -0.191984317079369
-1.52133378062256 -0.396147063917553 1.19956733174466
-0.667949527335408 -1.2336088451204 1.40259244597757
0.691173436791856 -1.3172150257302 0.277023938237591
1.58407796848169 -0.623337988025425 -1.0620818107706
0.49831977433515 0.503019430778804 -1.44114232762602
-1.01481696032417 1.4431537057648 -1.1570476995859
-1.55764558904613 0.544921415505099 0.238003888681125
-1.06104166178413 -0.227338707228643 1.24439431810782
0.0518187294187886 -1.59071727127164 0.369086391800989
1.13079338511722 -1.26183986916053 -0.688457893960977
1.07384425973499 -0.10540250509944 -1.10662711060375
-0.446736832425144 1.09234438470661 -0.819326670495178
-1.09329262714475 0.672469725908194 -0.307953552255975
-0.835600081134253 -0.0899920835742066 1.01664010006889
-0.327066618193417 -1.07888895300457 0.852997801317181
0.962954910628459 -0.719257539497302 0.0538582016220679
0.879311990048319 -0.0563608207005294 -0.828683242945176
-0.224176182051036 1.23665490314347 -0.603567952343846
-0.580903464258719 1.02979337757244 -0.0219634430863739
-0.686197232086179 -0.0741828526456637 1.16076382740692
0.0129015560570011 -0.91195754384007 0.993290046256572
1.29300399089421 -0.79427036234117 0.121643619152886
0.909627072603551 -0.311656286955227 -0.882367934118604
-0.0732833990926504 0.840728474028167 -0.887392673717683
-0.632876745415232 1.04558819596466 -0.0955903609829352
-0.803382871828998 -0.128903589643266 1.05968470499655
-0.12728081202739 -1.00277216965174 1.03641306139203
1.17260276180612 -0.875172120857357 -0.219920624440636
1.09877000851298 -0.0997366758987373 -1.04319694855077
-0.366035984049702 1.44405937168711 -0.728034214017695
-1.03234790488144 0.94982007937373 0.402120204488058
-0.579898542164526 -0.467843282289196 1.38912679330268
0.587510948153577 -0.897561000348883 0.93845719422296
1.36765131227363 -0.608445959470201 -0.66039228681055
0.75736983720079 0.816427690763007 -1.03021677576569
-0.961586314801032 1.54744550699735 -0.245349191587317
-1.051722983064 0.123286634687647 1.68016966077589
-0.210769598352857 -0.64520516244032 1.47472192867459
1.51642046206304 -1.04011120913073 0.126523742861466
1.20599048776779 -0.0239577557488363 -0.857858566956342
-0.0225249569429771 1.8079672741569 -1.20833978129579
-1.03174959010202 1.64787202800028 0.427203175306392
-0.991511926137787 -0.266069951273635 2.13386509237168
0.500277376938894 -1.21923450596729 1.44372001523968
1.909505951564 -0.777012479026825 -0.608640737447493
1.20927765593701 0.577942534474231 -1.13406174673514
-0.554237750672078 2.20430094682455 -0.889019676245646
-1.46098218122709 1.13914257340684 0.81499453391896
-0.648527954811488 -0.791016229599231 2.19313598537955
0.910270614703436 -0.961046412120246 1.11603552294041
2.18882301305183 -0.322223555862268 -0.806983752554948
0.9374595882768 1.15505710935121 -1.19869382866574
-1.09191562251679 1.91130947178695 -0.524500790731698
-1.05389528881214 0.409827125298194 1.24677065592489
-0.156054913817033 -1.00792338198353 1.25790157984924
1.15461312070049 -1.42810454993414 0.277054319590307
1.35757108746963 -0.6357937235745 -1.15183331002167
0.211433851024093 1.03619175766244 -1.41142723965689
-0.713689488942875 1.94061279405986 -0.853731329385464
-1.41078703832005 0.432165106482295 0.697844700322046
-0.949969294632947 -0.733152886290047 1.92767241552657
0.329665002244635 -1.43141910078088 1.09619357976492
1.95162423323749 -0.967294806751511 -0.637486487785351
0.870255112259687 0.843358231359234 -1.50222948734038
-0.845259165976216 1.83624060852938 -0.876076701005978
-1.53636477610665 1.15973207440023 0.475764569121152
-0.998341744169027 -0.52757084794234 1.55495456560436
0.494137956977139 -1.25004288875827 1.03694936431529
1.46746415505959 -0.431747169631575 -0.474373573528449
0.544930055390652 0.899651781678723 -1.09231367933977
