-0.806095341006209 1.17513455195792 -0.46138433898772
-0.933170279459717 0.197940861716542 0.269289957611031
-0.22766553773915 -0.46872641263563 0.935003148738461
0.57011984966825 -0.929711031231742 0.474334182112719
0.871617712312271 -1.04378945250875 -0.0838966257382246
0.410732835234004 0.167775711532388 -0.857377067071508
-0.656646850074584 0.667370506472388 -0.745550096256413
-1.06640003191563 0.44809683367175 0.205864730251472
-0.798229187062329 -0.526409749743717 0.99316869758487
0.112845183007738 -0.810689165166087 0.523104209252798
0.883819280887692 -0.373304016825135 0.0421011914166454
0.449385767206037 0.453426055334608 -0.708765872113951
-0.179777448819448 0.644757689623838 -0.611910491642184
-0.71553100684566 0.331608127885102 0.604961236113218
-0.500749722598557 -0.700397715272998 1.12377427067313
0.623838019192311 -0.689414380905736 0.678049026426055
1.0159095927096 -0.710777522324167 -0.284976860020989
0.731867861498686 0.268004212935701 -1.13799699036352
-0.284689964237522 1.18390276114794 -0.693093159487765
-0.514505180736109 0.664791599215552 0.486967454862228
-0.521219199062229 -0.109723897571477 0.82001926370326
0.228965239348558 -0.610321987936631 0.949732647412561
1.25560112147762 -0.47342250226889 -0.345860920179808
0.821145043395483 0.623615287355814 -1.04600879025422
-0.400240672606806 1.06062259302481 -0.414733282271255
-0.660349410541034 0.86280533658591 0.450243409301605
-0.931029517837852 -0.126831830631065 1.2884830262349
0.230409113639574 -1.20749106152268 0.507424325855782
1.30895476844937 -0.215183340890759 -0.734810663021485
0.499112876340455 0.367610303245754 -1.13400458398473
-0.771039318063221 1.15771550324489 -0.601784476712265
-1.10581850348162 0.558566233965714 0.315201571001757
-0.51451923922002 -0.667906821274442 0.688280735964388
0.520671725956788 -1.19353046207975 0.637983775881507
1.51791183943077 -0.967665987802028 -0.652727465640041
0.946571376916182 0.494074725611232 -1.35597483173071
-0.503790559173698 1.66198581202873 -1.43278653566827
-1.37728781900175 0.850060590353743 0.346204634143947
-0.889225435791495 -0.514679029050292 1.21854508000597
-0.021252099554343 -1.28324077333326 1.11301070703233
1.12904712893848 -1.11366285097409 -0.430667460262679
1.08257422408814 -0.160147988366325 -1.57183280727255
-0.136932736457165 1.06319314931073 -1.63373597589565
-1.55292972890125 1.29764567406721 -0.32653677350477
-1.76190377361852 -0.0575724398476747 1.29514637487677
-0.472687145018394 -1.77078730876353 1.50207444231199
1.09257752837673 -1.63251824346379 -0.0854677439793408
1.50832387711773 -1.01394876006016 -1.24296171631741
0.751028513597085 0.772488217573951 -1.66668483586505
-0.869074611925768 1.28227203856785 -1.45044153189473
-1.83899564904456 0.607117602683355 0.55747759939013
-1.05391662664767 -0.930121921990366 1.28351007215011
0.148841436999436 -1.68167315902052 0.96801317212119
1.31932439465978 -1.50696311962614 -0.363885460801528
1.36302681394405 -0.106324012428707 -1.59338507203322
-0.382654686490761 1.75927520155445 -1.54234123268192
-1.27733838036219 1.20250575171184 -0.42662409672267
-1.76899508573069 -0.171472811491781 1.28420251020709
-0.77820297505504 -1.45392465686139 1.36739414347039
0.925609674462854 -1.76628464607105 0.207106430956122
1.89622636781365 -1.08035451812116 -1.07480951789727
0.51485379383542 0.503121225120909 -1.67680376724713
-1.02416544482811 1.55299273958423 -1.28078340863195
-1.8385565126891 1.02553197801904 0.102470069544607
-1.12591640351562 -0.413906640191837 1.23292870399797
0.334923631321336 -1.41320146959211 1.28891470251118
1.62436164189248 -1.67457457099958 -0.622632135317981
0.941277894772937 -0.0934072662049208 -1.53387347498092
0.0512340680807285 1.27266706748277 -1.15616825367262
-1.34224181192625 1.4447867694147 0.158613873267677
-1.17926933822584 -0.0371581221664249 1.30026185916917
0.397939337623934 -1.17883801765945 0.976462364619127
0.817910216802394 -0.768454066148494 -0.0225675272668812
1.23152227885712 0.129764654263745 -0.992662600023779
0.0233989199644733 1.08452661189669 -1.09565061587925
-1.24872656172124 0.863633517481221 0.0680734430370972
-1.02551062782431 -0.022951905517977 1.13921178408093
0.169449748892987 -1.06530333623873 1.08278733807749
1.33169280753813 -1.03332334388578 0.120507567894891
1.38756414079561 0.119432491680362 -1.03454942975856
0.159467010702068 1.33381850816966 -0.838122706265117
-0.995373236256638 1.74138075623805 0.366419669769111
-0.829455966996371 0.0123455156580047 1.09015930979366
0.252530055879936 -1.04244512596916 0.999165429162908
1.45281246856059 -0.817181458105423 -0.0932104391031595
1.15080472104533 0.0889294005719288 -1.21627870638889
-0.337981116006752 1.53187082842268 -1.0822788626479
-0.978740037720571 1.29330672227607 0.323790974677447
-1.00958980647494 -0.384101458724525 1.81173712710978
0.657791653477654 -1.19164420998582 1.32567603608909
1.88581037857635 -0.486495663178833 -0.302651899574607
0.927104659528469 0.772601949690118 -1.09651082028335
-0.604205464847093 1.90516007464323 -0.298246690733583
-0.937063823483394 0.496284308403505 1.73911751580323
0.142935385329187 -1.05811542143815 1.72624017372222
1.82968426907544 -1.21986954728455 0.478255639463632
1.75995341764227 0.141369080009578 -0.968815779234543
-0.114564485105677 1.98830648808972 -1.18155590171276
-1.34159423964572 1.44641389692259 0.583658296545378
-1.05526306551552 -0.602662315064783 2.15525638959581
