-0.830919806253773 -0.740088804781117
-0.698012330023232 -0.94633002495547
-0.160205799641618 -1.14896743187494
1.12445620082696 -0.904331845552845
1.95024893224273 -0.0469280426373248
1.20993838376877 1.45118511277669
-0.291051031928022 1.6497614999404
-1.08596626532619 0.94173227515941
-1.12043671681006 0.376504620966759
-1.08475935019308 -0.454123111734355
-0.790154836212235 -0.814319831537066
-0.307423954060096 -1.1737458253796
0.698086972080896 -1.04157622238631
1.65082222185076 -0.433888101711761
1.38181225617563 0.763039171272041
0.0859916155859622 1.63370559035303
-0.671261946303913 1.23675743348429
-1.00267423867305 0.512728062112061
-0.975571818063489 -0.405253187973523
-0.786732003204587 -0.897545393602339
-0.36453405141602 -1.13822037856972
0.337632311598816 -0.986348779633322
1.53044363251573 -0.716262021963167
1.82166619511111 0.366940000032392
0.579625790959439 1.69894515667827
-0.549666016808679 1.49997638839605
-1.15383013677033 0.817895304400145
-1.06626471562397 -0.186490054598625
-0.731279947898134 -0.687028611470824
-0.600813564042514 -0.936322056409827
0.168811213624984 -1.3109535218037
1.15599792056985 -0.851636003840891
1.97869013490893 -0.156477883193297
1.05604635744675 1.34139352970058
-0.240651968870131 1.69202206027383
-0.909718707166187 1.01228860687409
-1.07250327677626 0.071518006109122
-1.04883087136829 -0.524029429726446
-0.626608842660391 -1.0140966945631
-0.357686181536422 -1.25661969601748
0.70679745342242 -1.06243094012631
1.60395255540221 -0.539767809454996
1.46412766056448 0.891935758799053
0.0793345790739353 1.5418210679469
-0.856437163246128 1.26960492544907
-1.01177728507609 0.445000902165173
-1.05009496576114 -0.177696796273555
-0.841607205715546 -0.953783286328712
-0.481518000434814 -1.10422088486096
0.30803486958105 -1.29305624022529
1.11044330777481 -0.734333790169088
1.67552088633954 -0.044474328383974
0.717515094246723 1.34252898901703
-0.423695085837764 1.6877727489782
-0.734644610205737 0.799366040396929
-1.07944462467126 -0.00828514447028104
-0.879358094377074 -0.498104879152547
-0.642955692532734 -0.752348099908089
-0.0760639992078658 -1.11233310366155
0.957734918321888 -1.01435432755893
1.69681435691703 -0.281739603089961
1.3134557231217 1.19294941850308
-0.154701108465021 1.59774103101594
-0.832658956575475 0.991198905287363
-1.02085867279144 0.126380793650634
-1.01259385782367 -0.344146245528263
-0.72572603263317 -0.711545419193474
-0.336341257606177 -1.13274519813974
0.578708618140542 -1.0927342229293
1.62764261112086 -0.388350532164292
1.47961133954758 0.420785690507243
-0.0153445909398086 1.80526427735798
-0.719778369954503 1.08286528952026
-1.11096679383844 0.399165917652807
-1.06315685884613 -0.239808249010947
-0.897636248083244 -0.830262887621445
-0.44585732212636 -1.15956447174547
0.197048869000967 -0.882190948527517
1.22671586232049 -0.662680162510457
1.78358352554778 0.214926264415408
0.636537370462072 1.41650146261682
-0.519206842347073 1.764339328654
-1.08291922579886 0.922949619755495
-1.03247655168355 0.00366075060292597
-1.02249711885117 -0.607768320366129
-0.505534846095126 -1.03643673601917
-0.125978967355454 -1.22411872388824
0.92878093481434 -0.994552657272313
1.79274743055958 0.0348536328292353
0.933763672841806 1.28957504692976
-0.367399399325751 1.83036489399949
-0.958007234805535 0.939645887168921
-1.04929602259798 0.326400971441163
-1.03368032781872 -0.47933680870378
-0.767799150681273 -0.921854381203134
-0.296696772351068 -1.13030872998798
0.856315424878022 -1.11009009523736
1.68022306936627 -0.550831010911657
1.61751879194507 0.713313844056133
-0.000931430486693393 1.7305317132958
