0.745329626365636 -1.45459246108372 0.313856449490393 1.19370168865438
1.97940633813342 -1.19583634284395 -0.593042578925805 -0.295596594512377
2.73360074008363 -0.450624595883251 -0.978520439992583 -0.754620689033759
2.05261096592861 0.682402393159619 -0.947319323351854 -2.07773658923999
0.821867467691894 1.28564315679374 -1.19274374148482 -1.63440791044591
0.213804353984945 1.58797605143885 -1.34237928955649 -1.53353520559919
-0.734248625814217 1.81068470596651 -1.01850324970772 -0.838064714399023
-0.580977380253689 1.26473579844749 -1.20769912256704 -0.537757332047003
-0.569349840105037 0.626850601362645 -0.702898886240722 -0.151515904167606
-0.669809459860303 0.492697977050431 -0.482227796591703 -0.0544760387912774
-0.436994198971292 0.212726918775747 0.062158873606445 0.296020101385044
-0.329168761109351 -0.113463612422558 -0.254974278013596 0.119381388704663
0.149759761016881 0.124031094043469 -0.0806181346315416 0.173057535462586
0.0438583501088292 -0.188058190076077 -0.0169653274433111 -0.224641955213106
-0.241684519667429 -0.0453227614431318 0.102475411951809 -0.0579174073772711
0.123965908635595 -0.210276476524881 -0.0626111797181305 0.121443437081179
0.000703103994232686 -0.0550220640117501 0.0197354958787168 -0.0707268361697086
0.392225599911167 0.108073643606897 -0.0977756920088035 -0.142932762031744
0.0470640881081734 0.10049164651537 -0.0728885150885959 -0.186230998205943
0.109474706305233 0.449754744682979 -0.20467392880773 -0.210254240395016
-0.323397864964118 0.271852599759125 0.094533938314551 -0.0621488104567356
-0.240660926352895 0.0588550982621037 -0.0210623765828175 -0.041192298280618
-0.491578003501828 0.0728057002240959 0.6279116443469 -0.111966415140435
-0.7559436316189 -0.363352583131324 0.788819247907419 0.755912249398958
-0.555367219000947 -0.395952028704087 1.04838833136125 0.819831626854848
-0.852801128569789 -0.668817886453601 1.32481888394623 0.641357720548522
-1.10499737946812 -0.882670455185724 1.46384097365944 1.31630073536015
-0.898955784422286 -1.14519676479469 1.31133503097128 1.38364724386106
-0.510911990877183 -1.30778211718752 1.21410977973578 1.44361079304853
-0.375677875192618 -1.3034443247492 0.88555527778281 0.730280518112991
0.58452670382632 -1.23775679091169 -0.0187551410495817 0.728167149339811
1.36357741556874 -0.947618666587046 -0.431476027540975 0.307282124721453
2.08538266993956 -0.210221341716036 -1.12886923677876 -0.625666346252859
1.49760373931714 0.52437308189105 -1.38947627522933 -1.47964409042999
0.726501325279174 1.17030461211158 -0.727742421167848 -1.39916338502402
-0.0106199734888597 1.29870871176696 -1.04466897744233 -1.1044361798991
-0.604395422776974 1.69855900897714 -1.09480316451105 -0.953537821060725
-0.245154370394997 1.22941470705684 -0.554014861053153 -0.517223938746091
-0.576330011787485 0.91093350593262 -0.566766903649819 -0.567997017676138
-0.599140338347057 0.629532595503928 0.212586612497092 -0.326508099962254
-1.07323510706814 0.309030782370335 0.735976155739762 0.153749352898914
-0.902583724636003 -0.0744362734199665 1.05857748982739 0.564187621111209
-1.42118249728915 -0.48418942925503 1.57713794188881 1.01269257109371
-1.64265518634444 -1.06345838174994 2.14421406990762 1.48500660975638
-1.64940851166426 -1.40759250263893 2.42804463713264 1.96592301113589
-1.4617362342773 -1.79397942158572 2.62287357134601 1.98765777402609
-1.39773424073972 -2.0864426936585 2.28141463791818 2.50808503000019
-1.18939723185307 -1.99974715766266 1.77743758369256 2.0705541018265
-0.0389936530724786 -2.20501984235474 1.18798996269834 2.02486337580342
1.32875530577018 -2.18295519502884 0.0949730275603657 1.12709428043916
3.27118923576769 -1.49205529487013 -0.837708079368163 -0.39752801026363
3.16566008182049 -0.429411000159488 -1.27133253156654 -1.6810582965587
1.73746265698746 1.00921327360707 -0.976606022183915 -2.17630241141166
0.634753243229298 1.54501089972493 -1.16060826780406 -1.67095594034646
-0.375495529724014 2.01976963261601 -1.1190031689516 -1.74830773828274
-0.825614114617937 1.72023871835054 -1.501218436438 -1.27207797208952
-0.674480318904742 1.42139364861593 -1.09690080829883 -0.624367720630459
-0.203452594615892 1.03801767085118 -0.987781515711637 -0.102736133936415
-0.0883113943943828 0.539815252139348 -1.13454308473524 -0.130484438012417
0.24343801470369 0.510075089073959 -0.872149939474422 -0.104618518596466
0.0298390600598143 0.443550578290059 -0.559263948112785 0.187782574460841
0.0565927409878672 0.2147683950505 -0.256761339297274 -0.112560402437372
0.129482586297142 0.513227268563368 -0.219676890546624 -0.59062615077768
0.0391749126558118 0.322425103393679 -0.254686238295034 -0.30848261246268
0.0475853468189211 0.479434782243378 -0.207977792552518 -0.288858532132912
-0.248836439315341 0.433929658420085 -0.241907514240843 -0.252579247436123
-0.415516583961512 0.499325096256254 -0.166296049452113 -0.0739059068345788
-0.347859862944718 0.49878530437693 0.123307033075654 -0.135589965052094
-0.476685161791864 0.354108204748465 0.445395408691614 -0.243482276803488
-0.586470852693831 -0.20960496921232 0.735747528680579 0.416631313041927
-0.790626061255725 -0.253507774210604 0.930740454052519 0.788061985161179
-1.06967934288728 -0.501906854020001 1.4592958503402 0.750903390348897
-1.19557115384048 -1.00832751818498 1.6415222908404 1.06799071894364
-0.802260937688259 -1.24949574107729 1.62349040650718 1.47280815049793
-1.02665187118651 -1.0177415281476 1.70253067502791 1.56290053260585
-0.623029534459556 -1.44717882907615 1.25696166690601 1.22933382390215
0.139302215056699 -1.36932633919406 0.583799843315214 1.20893826475525
0.916519768079366 -1.03814309009032 -0.406215041902669 0.455464720842763
1.87108025379818 -0.368971319962912 -1.02933120413792 -0.27869603376405
1.92413192648257 0.0585462089932939 -0.828815623543322 -1.22619785302851
1.14912819816506 1.11750191932479 -0.971641354574102 -1.43845942355579
0.294841400655529 1.44538347725556 -1.04812947306366 -1.71417798750712
0.0904726437780281 1.62002722112398 -0.98732679210618 -1.60905202964911
-0.517451778457436 1.26004754651298 -0.900534313152787 -0.540706604667716
-0.320491618049506 0.805850222228268 -0.336889731745456 -0.551842878059956
-0.125458538343773 0.682513325896385 -0.527268123684902 0.0215673326236701
-0.243472870453871 0.357257574972939 -0.133852183092455 0.00183822275957355
-0.390418514992556 -0.00707960789640472 0.426427947472511 0.146420955001607
-0.679432995921217 -0.315746941158444 0.713552779967852 0.272517796453292
-0.780320694623616 -0.366242939952508 0.767216168753481 0.366890520504255
-0.858047623546177 -0.54063855839661 1.16137002055614 0.718092350527376
-0.760607227712583 -0.772247825204317 0.841846363566309 0.844121029694439
-0.266346658138695 -1.08262417526033 0.921871620668551 1.17106348909984
-0.154739337864937 -0.629325183761244 0.382685553497938 0.540088412864764
0.613679371874377 -0.76334671856335 -0.288944864412764 0.328588787300906
0.733239780181711 -0.388355684460368 -0.415373915954428 0.104664899770751
1.10516401182545 0.0942097506388902 -0.999074699214914 -0.222563410556943
1.08466288605873 0.60891440901147 -0.888039857078698 -1.15290474566944
0.807600458085546 1.03335951169145 -1.05706363256934 -1.07456978754382
0.247401742537586 1.15796937425278 -1.18012733468254 -0.902884703160771
