-0.455711121652652 1.45491160945484 0.0416929392131606
-0.760656304399311 0.175268233702884 0.845023383577175
0.318425946758019 -0.68882352046019 1.32785733339523
1.22712699765476 -0.427798656863387 -0.204969664391596
1.06981982498232 0.0834039881671605 -1.02589636919799
-0.0178563766775459 0.857303484349679 -0.738518966662488
-0.484796488869321 0.635972086819135 -0.0591076247308623
-0.861282213919811 0.0320984920488649 1.04190711749789
-0.0345074629989751 -0.504180736747866 1.01491968280861
1.1588461074112 -0.4758011015953 -0.0190110361889604
0.978189820420656 -0.109169849827351 -0.356709107819828
-0.101519842408426 0.9759455324575 -0.562949698898332
-0.278901444897452 1.25738349705134 0.247620697495312
-0.51425218935824 0.257663458917182 0.866788113417631
0.117688806000343 -0.867054794281024 0.557866225709529
0.927179682006628 -0.860240122713897 -0.384246482504106
0.958612137342087 0.399882732412937 -0.798737851583807
-0.404005318627565 1.17745231629658 -0.71558270755222
-0.580938278615873 0.521945903658159 0.415349278689497
-0.441471962887021 -0.608780323970588 0.769518772529125
0.328006618755764 -1.07071259566469 0.49796357906121
1.20851612650908 -0.624485039199931 -0.149817530035009
0.720537446395608 0.484292057908979 -0.99683843227413
-0.289414873553912 0.775479614034772 -0.580095242500702
-0.854638284196572 0.330964212373018 0.465432703777
-0.216885864277392 -0.583080975670862 1.00598685503842
0.684985392297613 -0.550517028958945 0.538681291228701
0.74929834230099 -0.501690331218366 -0.622986771816678
0.793214262351077 0.712747661788798 -0.930615234736938
-0.472265913499019 0.827524612169496 -0.351997187416694
-0.947211044739428 0.79147490904321 0.768880184174044
-0.383605019456496 -0.758009699766946 1.19914356205696
0.532331366837472 -1.16135284632601 0.723844689797067
0.948461476330284 -0.742398140690574 -0.479813031861527
0.429879009596163 0.171846007774016 -0.936188341322029
-0.637605177990968 1.36784302478849 -0.926469424317117
-1.02289441339283 0.662473600305534 0.189618459186271
-0.746215977323683 -0.234719172798437 1.27503813138042
0.490899590879068 -0.841853176798575 0.525208270229624
1.28262096713035 -0.704792917233638 -0.355804525740551
0.438225794565136 0.258523585715612 -0.702357096279727
-0.557221233157608 1.04327886683541 -0.831838608015359
-0.675905700398832 0.6585724694672 0.356748369163898
-0.653506486851893 -0.24978854843915 0.91368262006251
0.356724789345509 -0.970403724251332 0.859372949654063
1.35001637521764 -0.499031496538875 0.263953462779357
0.838345533188526 0.29544906806903 -0.901029907247567
-0.00473848007953079 1.12281792116175 -0.203383725917799
-0.72094722027644 0.739407823725632 0.332175890959965
-0.276415365995277 -0.503841482204428 1.36253063214183
0.479568450234371 -1.16687093050726 1.20590673522607
1.45054971395339 -0.46401488631237 -0.166892684686643
0.894575817620757 0.636499128236159 -1.19499503702905
-0.527990026352628 1.38793305948343 -0.47377746495469
-1.01926302690581 0.719496177881662 0.533125286766229
-0.572462471949547 -0.641086802472536 1.33814936377809
0.455158410478014 -1.0993502924479 0.54508872358147
1.09316710213743 -0.72177854845523 -0.411222851523704
0.829804200859041 0.421263195183732 -1.41956215334983
-0.452790071428957 1.40063336414917 -0.324394813984602
-1.17116652247872 0.622161445834273 0.414133128457005
-1.05934447957806 -0.226868619929494 1.42811401777592
0.730945436735651 -1.34700366052539 0.945811930232448
1.62652745464348 -1.13795254584553 -0.433512200691403
0.892744489676377 0.594550127521061 -1.84190353108089
-0.707063297300229 1.77076498000825 -1.1205277422841
-1.87459372200949 1.33856573930783 0.499565357909236
-1.44034465830239 -0.414716688287551 1.47002193877667
-0.00512068869773255 -1.85354478081074 0.999571059348013
1.40287925666593 -1.39155778832532 -0.138683568547476
1.37236312845686 -0.278963051434249 -1.70618870734489
-0.226393694701264 1.54956825797155 -1.89897689574905
-1.60594417460523 1.58561413316186 -0.444636313833114
-2.34299713916827 -0.305612532652794 1.13047731896685
-0.636185447173949 -1.95393427095243 1.84915362423195
0.897966911314729 -1.85495001856445 0.110251334915621
1.62377797608428 -1.02947881631615 -1.08539421399354
0.61643394857285 0.66835286216783 -2.24782280485909
-1.19658593104817 1.94563231344527 -1.2045344449297
-1.89339456025149 0.53896813050927 0.374076957036698
-1.41212252689974 -0.941452427763153 1.7046074046326
0.0393988905005108 -1.4683435401187 1.18711095703591
1.65663504002541 -1.60283435053633 -0.23097238645188
1.47210841111683 0.00517077110549816 -1.79247179615555
-0.5385751926867 1.77402067039918 -1.37755603888802
-1.46812781163581 1.6123202831179 -0.526489463798599
-1.65689428772909 -0.124382352318008 1.60647719886589
-0.853732995534859 -1.93649665290585 1.88914165099498
1.12207880847953 -1.58885219899844 0.237101548490202
2.21984299154189 -1.27507185751808 -1.37494352034176
0.575563254810102 0.663511105672399 -1.69754541816249
-1.09509196295049 1.74466383635925 -1.35016585699927
-1.38828222686266 0.604548524195406 0.0371726081331524
-0.930489590706044 -0.5559370997597 1.84099756275774
0.202216361657856 -1.68083395151409 1.01920711994775
1.92692875672695 -1.03327124804392 -0.814785130299706
1.26783569215078 0.0419621343730662 -1.51176048325955
-0.56771000498082 1.52535237714262 -1.36450050796902
-1.34124496667711 1.12849805414226 -0.205400445326785
-1.37774137960195 0.281708753669877 1.42251302262142
