-1.03019254365638 -0.102341198681348 1.33731841990388
0.242285574213417 -1.12314696544817 1.00697604767541
1.35393877309575 -1.33352455883993 -0.277902384531091
0.809772750253693 0.701998397237894 -1.52279243446371
-1.18464651348487 1.22297500961104 -0.613791611625449
-1.34769837457422 0.00876704107805851 0.911962145462065
-0.0965912956189998 -1.27165116754451 1.60056208482613
1.57153680089429 -0.998765930709097 -0.220469418784431
0.94068688223915 0.674779976323905 -1.56151604868983
-1.14481942508565 1.63472876008072 -0.758190368930711
-1.2582619703208 0.00724185592275042 1.23968324200603
-0.112996749374038 -1.50086681463914 1.58569741511475
1.76541258993793 -1.37881695446225 -0.409422339330239
0.792248915365263 0.613011916601939 -1.52338046797538
-1.02005650183288 1.79040979734406 -1.01900923090145
-1.57991582312073 0.705986964168836 0.692967859059498
-0.456148461264242 -1.22006647249648 1.57112842856182
1.11453841734664 -1.34256354532186 -0.372078260659661
1.16051857766274 0.281789193492645 -1.46100867848881
-0.683203263987567 1.54192835935279 -0.856095556942244
-1.36098731426522 0.595541526072946 0.880997310718874
-0.613704994499569 -1.02281723197545 2.03256420247668
1.05612736684923 -1.26976510499525 -0.130576444513682
1.67580262376529 -0.134247710232764 -1.28127263036315
-0.585274360483478 1.52239093995898 -1.33188640544583
-1.41485021326673 1.0939966552699 0.320107343304052
-0.961045238896825 -0.863057637166623 1.73821977313649
0.81028094464391 -1.2715445530507 0.514807204383296
1.44169601083893 -0.524995617902996 -1.35880165266362
-0.245503620850015 1.1570878699376 -1.06191049793731
-1.28758737918369 1.17822669226634 -0.101375559165515
-0.91218295469381 -1.10475120468188 1.74812196997716
0.705772502361062 -1.19874897233194 0.646917883023978
1.69913003241766 -0.697156185042874 -0.865784315670911
-0.0154274495368002 1.06533864253819 -1.11664367292625
-1.35710655354437 1.34103895858975 0.0556612575771141
-0.907775149525135 -0.550605041144939 1.85235662036664
0.580356065863898 -1.40570746204655 0.947746574119008
1.80662945989743 -0.398753079642314 -0.734708373256522
0.3310598311491 1.27476545111277 -1.42023138075439
-1.4064832663343 1.28633704897782 0.166482877113546
-0.788950558866593 -0.416254220010367 1.19345212560525
0.623404920489675 -1.62287063398231 0.566956613600441
1.35854088955557 -0.620322359767981 -1.02150245689403
-0.167848113919237 0.704782108346186 -1.13862354731059
-1.51000571570063 1.03271531529883 0.364125831229155
-0.754755892839079 -0.328461565884617 1.44089852965775
0.632631286735832 -1.20050380068407 0.416736244332505
1.16762080698726 -0.378717248893548 -1.24467417905799
0.240749826220504 1.21069896842586 -1.0714075560381
-1.45971261278971 0.905187716815212 -0.386847138322361
-0.959379432097737 -0.416394406059565 1.02320675917476
0.380140791886514 -1.1467043497569 0.604477071355594
1.22881402226053 -0.549110924997058 -0.905229548446203
-0.0438761673517888 0.728452017047409 -1.06698459811906
-1.24056543388073 1.2213867110556 -0.278098147864016
-1.0126872145127 -0.462957682755151 1.32719658579774
0.719951279984072 -0.925196718311016 0.484454763139673
1.3166543759498 -0.849892404055013 -0.900058318668776
0.0733575101800704 0.651881057695176 -1.24428797580269
-0.967208252624734 1.33695950607161 -0.0212064328252396
-1.39367874592419 -0.251546692916813 0.761501412128783
-0.271439487094017 -0.888749892605814 0.803382679649208
0.966303023848203 -1.00089481926039 -0.542537839843055
0.687616231807626 0.872770253902259 -1.45085631068797
-0.715036416835193 1.43341034450314 -0.515161357391608
-1.03111178610059 -0.104068899345495 0.766728691764979
0.18168941979938 -1.06832516824679 0.824225306177024
1.05470615641814 -0.586536978870502 -0.339110052727527
0.347968799819006 0.231212990412622 -0.958332561773438
-0.546999089868435 1.18786025470086 -0.0476569299440963
-0.741763642330755 -0.266427000929484 1.09113789223702
0.829853682393079 -0.957146045195938 0.766559637844414
1.38183469703362 -0.101601557814579 -1.30541533073192
-0.0280711616216789 1.82608111282614 -0.569312128983804
-1.26732351524577 0.819218264137945 0.198466733795803
-0.594171697798079 -0.546714825354563 1.40193496628971
0.669709343268631 -1.20765425883646 0.151813644551275
1.01374372563012 -0.316738650004671 -0.7751029283149
-0.129389412742627 1.05692424690757 -0.7887351327016
-0.891208214089124 0.480572041990429 0.580094667562291
-0.15083279758368 -0.872505885120055 1.31811358979222
1.04039414452932 -0.819079615397334 0.142345165324225
1.41171739889836 0.1215380227568 -1.29967673333182
-0.559696187587689 1.56234320964703 -0.380633817976643
-0.955500945833714 0.619297333430362 1.24554160135343
0.0474175372177048 -0.639102866579671 1.23679632518768
1.40636712012555 -0.729725583151424 -0.145664741150209
0.930069026827983 0.866095433848581 -0.789506580063331
-0.669154453507495 1.20415695621135 -0.400887115313182
-0.920356171058467 -0.319465090455036 1.34502881079204
0.39958118307686 -1.33066827763398 0.595936315465792
1.68629046551795 -0.691855625378723 -0.696339477603433
0.34558238556967 0.890946307382284 -1.37163021661612
-1.20557606810707 1.32798281475362 -0.161929789443331
-1.03835154258006 -0.0804653530044067 1.17463698087695
0.522004717848637 -1.23953697658054 0.984826926144538
1.21264172579831 -0.887638042513359 -0.523110052667474
0.26235537279288 0.922396955967201 -0.884799721604049
-1.00039583937437 1.62451682863769 -0.436688077397941
