0.89043392671032 -1.76045244649313 0.147907431186947 1.26007535199805
1.97122703379094 -1.15034679556096 -0.624302721811508 0.0822688222879593
2.69461427347184 -0.523245248397076 -0.96280614951962 -1.03014704104583
1.74759791709988 0.416224180708798 -1.24015701452044 -1.42969504039244
0.883609816027548 1.27497151886892 -1.39912187935056 -1.81967893004084
-0.102184386032311 1.66878523232658 -1.26876255111496 -1.67351030680075
-0.413248576843388 1.54802614792095 -0.786206562658823 -1.01053434805612
-0.539554536719319 1.18271294684658 -0.709910650291402 -0.461390884350188
-0.738782399283905 0.886782284799233 -0.662456343530863 -0.074293102234663
-0.0865327419197488 0.442560036081895 -0.458546999511056 -0.0623248891089633
-0.413774645538234 0.360466029594137 -0.318249299105281 0.0240671981270029
-0.176921438207479 -0.147680462735664 -0.0903720468175027 0.200997201317209
-0.0786698859485665 0.0517879057149794 0.14545353950012 0.185627935948462
0.318711208389036 0.137991671987622 0.34183317394045 -0.0663952680854965
0.29769826079651 0.0599413086338227 0.0682806191147895 0.166125888239406
0.0760818466305755 -0.161510391687124 0.174671900547416 0.0976654541836031
0.479364212174564 -0.0525681770921272 -0.136092635920947 -0.0962603338237992
0.125452454608644 -0.000862170822164179 -0.243568168023614 -0.363360892516743
0.112866959397003 0.248100270770232 -0.292473789558571 -0.301209192942246
-0.341774534059639 0.324479051780006 -0.0625420344592895 -0.20290013399597
-0.338655158006217 0.296020584066306 -0.0551357976768975 -0.0849696772207492
-0.511190967954026 0.182579772297834 0.390986846805099 0.104289424262455
-0.245194512025726 0.138087522684174 0.460876524460311 0.174765543190925
-0.910592859854115 -0.0875892258800776 0.683914362962388 0.531092214057366
-0.796434989812102 -0.494968225065612 1.51181796225193 1.07188411880626
-0.921478835484289 -0.788242031033115 1.31156952819385 0.882922700387893
-0.678733859742922 -1.04397872236786 1.65071759455436 0.791153161525711
-1.33485651067937 -1.20314045537082 1.51084616841076 1.40881650775779
-0.494277168763854 -1.01610986696183 1.36302851801697 1.1001295864067
-0.10891316658531 -1.29371826279304 0.710776685807731 1.34994744967468
0.72371644757861 -1.23087751411803 0.176169160172519 0.680516260684277
1.64289540859415 -1.09429505880914 -0.672989430349979 0.351927510440509
1.81587363162131 -0.350002756677869 -0.654570717643164 -0.416439844018486
1.3002140589896 0.570196396711254 -1.11392589634926 -1.72043781883895
1.13456828883645 1.18440299343652 -1.12286275714574 -1.50403905661824
-0.0845958906074162 1.41966319005314 -1.09559500273249 -1.30713237358255
-0.29352357606666 1.46985363632141 -0.96675392533311 -1.02107783506923
-0.477606851871851 1.11529916793192 -0.445155303369616 -0.910540142990037
-0.831969828436436 0.985301340893952 -0.487830583934669 -0.411708985533431
-0.476566243154268 0.498975117430658 0.063319181671188 -0.219325288677305
-1.13970355290367 0.259945085149709 0.492313753584483 0.204011870772478
-1.12542306049947 -0.301685046724249 0.840019847078582 0.514097527562917
-1.30162413332004 -0.386258848547155 1.80987360545119 0.949647215206086
-1.78103029992628 -1.09698047132258 2.27142519612515 1.31667370437842
-1.90425773506692 -1.28046461918608 2.35491137983864 1.68142969939476
-1.25876542087091 -1.74798210588244 2.75660332862249 2.21485488861942
-1.49316140786589 -2.16927538730768 2.25411053208826 2.17056873810031
-0.910874263349044 -2.17263298204539 1.71209357289986 2.42240915089827
-0.111081145445618 -2.31174356393848 1.00755725254219 1.72978093851222
1.38318444555237 -2.04282630267009 -0.363532686065358 0.965944938748256
3.13676534258585 -1.37692078637453 -1.08425706534753 -0.167959223616245
2.89485071686776 -0.516400864520839 -0.88653062647091 -1.65269028048739
2.00944396499639 0.861904633141181 -1.35007790080268 -1.81918759675518
0.55176473313446 1.82364603236405 -1.17578348879056 -1.91431235924158
-0.314199849634828 1.9103953337963 -1.32103249660058 -1.8035065282491
-0.760739667177957 1.79213322718332 -1.21888472340144 -1.24073102342006
-0.726103657956771 1.64293242985977 -0.991390351836637 -0.812169974550847
-0.402924073390713 1.01981712373124 -0.659428429163478 -0.166879121641137
-0.29874282373877 0.513501455400575 -0.892149114848703 -0.176134852596969
0.201334532859854 0.443614155794088 -0.534555744497009 0.0998812600311123
0.0599314336532116 0.506357788890015 -0.317453458552107 -0.371166221842548
0.0332241208952045 0.288984616690412 -0.623350163066128 -0.441482375125237
0.0600492832850059 0.405647805310665 -0.552992107888046 -0.425843006258567
-0.0816346019405533 0.37396249197659 -0.52035491905073 -0.144464406061604
0.119031024650384 0.35349109306519 -0.593822773289297 -0.207461419633002
0.27788773392637 0.411730516681938 -0.416612028227675 -0.425862263386296
0.0549532103600922 0.238617179021927 -0.211178210236219 -0.0651217407880625
-0.0291544928638402 0.206170775707689 0.122646370642786 -0.193210897553623
-0.290931551303532 0.380341850245252 0.193700242970272 -0.235656272606104
-0.536526830148059 0.128579897814528 0.895009816687252 0.0197850070356921
-0.956488614483238 -0.109469843927429 1.13653022102156 0.858639949186219
-1.13885009635962 -0.608080174162109 1.51478648752788 0.784312862621464
-1.11884999492954 -0.709233228233031 1.8544404633635 1.1835252800448
-1.12926284947867 -1.14512401641588 1.56108559138444 1.30275791623606
-0.987097438506044 -1.32885778333553 1.42051830889264 1.81188272369572
-0.515619776840858 -1.13936207018392 1.27712620931336 1.66578116203751
0.238669731587096 -1.47148349480156 0.556571477364919 1.07237117353983
0.945268651889869 -1.13515343925323 -0.337685143969368 0.531594120809744
1.96599127419743 -0.497080372639768 -0.686715990995845 -0.277023462624065
1.66593850049754 0.370762337940375 -1.04289560248146 -1.35772351163337
0.806806297877184 0.952110306648125 -1.37607720333454 -1.60764117284164
0.510978620613413 1.44091965504171 -1.13866462383897 -1.5316572339462
-0.0412906357180348 1.56223738196363 -1.26583641108018 -1.10293175504393
-0.201724115217696 1.51127831379287 -0.684045218770433 -0.594060740816542
-0.414297568894394 1.01023475514936 -0.786602274134681 -0.47831313912083
-0.687429289632028 0.675998498947286 -0.395725598216487 -0.38982701682416
-0.768082672668069 0.284592018524922 -0.311791388313379 0.18527147933004
-0.684896458329101 0.0610325550926989 0.200680836139401 0.262958184762316
-0.739316155587083 -0.240285761780357 0.870230413831122 0.454441433184136
-0.821126141278527 -0.502917127499473 0.716145119817621 0.664091946691745
-0.881785539963413 -0.641901377741419 0.640957226055331 0.58797862571196
-0.445311341680507 -0.775103741167946 0.911840344612486 1.05503451265651
-0.425356754051416 -0.644608387599476 0.664018671427722 0.806751631992991
-0.175149233097209 -0.746110403341393 0.33634348086143 0.87466196670395
0.531385434918502 -0.636587750024877 0.106003041426658 0.475959043195585
0.88976188143029 -0.2548623550251 -0.406374322818125 -0.321221304300042
1.00870845790432 -0.0264306286232573 -0.652555907743691 -0.352125179911087
1.2496908400315 0.53443115318137 -0.807485538196724 -0.924071839795422
0.962843669947544 0.800466924179134 -0.818611651091355 -0.875020245113497
0.221457159336856 1.18636504599409 -0.894870565318347 -1.06854372922937
