3.47213359738363 -0.398653063785986 -1.24909080236482 -1.5809971645811
2.22028701579645 1.06689322485574 -1.13739384436964 -2.24457913715285
0.489613985279227 2.05398946515242 -1.02759696197326 -1.9173600705042
-0.0932327554222772 1.95979016522701 -1.29724439258125 -1.68782880184241
-0.758342268024783 1.9710112107372 -0.921437751092889 -1.32220849181547
-1.05710326438432 1.52471099905466 -1.09320376659578 -0.572376445565983
-0.691254044995211 0.927766675364694 -0.949621228255261 -0.0344165623540974
0.129752153941674 0.637770568782884 -0.94123155730866 0.363505010967766
-0.0680488010975651 0.405663242087023 -0.763121019919497 -0.171887793455956
0.000357715191223739 0.430970505896916 -0.435283585698704 -0.317887741579009
0.454956610523269 0.399184898846785 -0.299525802367244 -0.171292638321241
-0.0137973145436976 0.419761527035324 -0.648389560351326 -0.213347026866648
0.0837072540795818 0.36604819487255 -0.49141090857685 -0.12214403522601
-0.0578285240243601 0.291697636056044 -0.613764472291952 -0.541731357540998
-0.180678780254196 0.0465082282273375 -0.287584422743876 -0.304729476124281
-0.226605641177685 0.207050727386935 -0.161540993982899 -0.0314814075399873
-0.448816894521539 0.178582640147746 0.146777586421311 -0.328544946811503
-0.602269030732403 0.169853431129223 0.227111348982088 -0.251775818322483
-0.760745637254239 0.113482059790097 0.419886355944106 0.364517899420333
-0.666522391813427 -0.408237507751179 1.01399793168667 0.608401809283946
-0.897731146826798 -0.730022246497087 1.39308933025521 1.09792289581437
-1.22278980390369 -0.938914169972801 1.47024807558189 0.960069121142898
-0.940159488862223 -1.26886379011366 2.16741280410681 1.10884731305006
-1.14732109538917 -1.59478141825521 1.63292704183332 1.74002034293474
-0.190206261432552 -1.51469956779231 1.09067614255187 1.47484912056062
0.460909671974614 -1.60808183254189 0.525765995650238 1.0373953471153
1.21074917386531 -1.18606155261173 -0.14563024512233 0.792802131643279
2.10239388178833 -0.520193973392415 -0.777225894157088 -0.774576544414615
2.11531241350817 0.412150416597802 -0.836317116898637 -1.3688127996105
1.14955945076843 1.09990198106953 -1.22872022903556 -1.22430223287542
0.591957740885699 1.16336934628745 -1.38764793874023 -1.48456674989287
0.211986030667912 1.41284611511778 -1.18838085404825 -1.23862678905717
-0.0736268224071117 1.38388064368248 -0.936216815289449 -0.460328422706429
-0.592153462677989 0.902106175943395 -0.77175477771158 -0.457077327442144
-0.431722992395151 0.581923963381868 -0.710101782541715 -0.228789347206468
-0.393140611178881 0.270652574769879 -0.146897150989833 0.145897838080092
-0.315041539911812 -0.0287361658018153 0.204497115733524 0.614791136113185
-0.658247909339841 -0.246461408623328 0.534790149545329 0.467330798781549
-0.810194468977403 -0.713476194099526 1.1461149457604 0.588763346160632
-0.475982334355406 -0.76269602896812 0.896555809269828 0.826200120769345
-0.470973820530601 -0.845377516906881 1.05689953565196 0.708522417971522
-0.181973761741761 -1.20537082760829 0.81647749097337 1.19031507098613
0.195391403642163 -0.840126130201479 0.551879265672695 0.312440841093048
0.236817871536891 -0.430538084147722 0.100996255222453 0.369042034187617
1.10834248560093 -0.547920284010975 -0.234662925002751 0.278463558124257
1.18883181586836 -0.143389240787984 -0.7185172390592 -0.493954916814744
1.51773203312157 0.462003150850019 -0.946891259048753 -0.886851202716074
0.906506563916762 0.739000676482271 -1.11612070481589 -0.803515929633087
0.202158856281217 1.18389148038388 -1.06089662882703 -0.993957106309457
0.310631516805551 1.15739035073281 -0.722621025247763 -0.767287651580866
-0.387510434400027 1.05773984486552 -0.688393393285983 -0.710971620139669
-0.0166368193103276 0.712479094699112 -0.107298553803543 -0.782243433887251
-0.56910097382449 0.188877774464427 -0.0728383548006938 0.183759520250163
-0.556828584077512 0.198155001999617 0.244279016070052 0.44966711412124
-0.66973465295454 -0.136945039081152 0.692280225586414 0.629994226050481
-0.917173086045104 -0.504099132063048 1.14738081326494 0.91143462129273
-0.661693698292547 -0.813237074159348 1.16729724399111 1.13087359433568
-0.760396788292326 -0.813853997841189 1.05672684900973 1.11127718554508
-0.20326601639818 -1.29847509422979 1.11042633059298 1.14570053271064
-0.495821506592904 -1.18627505105749 0.903937457989475 1.11876654570582
0.466836211817562 -0.830360525757376 -0.118151355113765 0.391939766484964
1.26298487284882 -0.510478670999993 -0.538928650959872 0.0460022980425821
1.59983298484413 -0.0753851574807457 -0.739745940441215 -0.643110758001509
1.17264497789497 0.475265077664167 -0.899397511088894 -0.856613572836854
0.847696585868817 1.04880885591873 -1.12516237846589 -1.49091213080453
0.493156618670601 1.18586592340228 -1.03447379960358 -0.797906074564468
-0.104506323250625 1.03672491334126 -0.896845865665081 -0.722122042213481
-0.26311871900037 1.07536110786859 -0.838176125815313 -0.597832938515996
-0.356614305962655 0.491368113477084 -0.229582460255668 -0.442379533071919
-0.997670827102511 0.368901362371151 0.524172465214379 0.232255166032797
-1.05077094770806 0.0328284971580997 0.903498593638925 0.326370323011238
-1.28252388819294 -0.535897182492702 1.51263727552231 0.709764104968464
-1.65167219998088 -0.730582845577859 1.91228521514678 1.22270410896882
-1.18630910607434 -1.27470956458128 2.04948308190094 1.41037250799165
-1.43063458090133 -1.54360632298725 2.21401308500773 1.69764117960434
-1.32309059434427 -1.90061785251797 1.96078280994683 1.78411611308454
-1.16681676681433 -2.06366222349632 1.8099876815274 2.04601687813159
-0.329964186737338 -2.07954804851507 0.958043887839371 1.93880421744083
1.41134513898042 -2.0739863305152 0.114767461994006 0.926280134358936
3.08605725066375 -1.34090112637942 -0.88510094205587 -0.618201797507082
3.15045176002239 -0.328071084089026 -1.12804760814645 -1.47272291075543
1.69909219302114 0.6103228887081 -1.36302240267357 -1.99919245796777
0.813699659386516 1.39366448787378 -1.36285651721229 -1.9922505621109
0.159327218737508 1.96660870316144 -0.965737563613932 -2.11860215700095
-0.564732578320386 1.83588101418521 -1.21529475678702 -1.421557603853
-0.57233647693753 1.39681286079303 -1.08326849901712 -0.509233888271594
-0.245105364871582 0.716843394338622 -0.762139588911344 -0.0626402455145443
-0.363694438526582 0.357003207009038 -0.793335465453117 0.282911071737494
-0.112603265696527 0.0396135387135144 -0.502358380518404 0.29731718662255
0.0914812038819254 0.0153105148923636 -0.17028324564419 0.180232830773804
0.145377937147643 0.177633003637953 -0.224021850747256 0.246702458298972
0.139981333696588 0.187127430445329 0.161399820838834 -0.18825033456249
0.0344435147460528 0.191976305550239 0.0495517123980848 -0.505956913508312
-0.0674541199414507 -0.00297959187434764 0.256862041601123 -0.0457986059615209
-0.367051203714641 -0.284205343138999 0.47805887497272 0.154010835080073
-0.920257569908794 -0.349254813628683 1.04080022683436 0.791209849183236
-0.703035525796615 -0.496543915436138 1.07028141096216 0.711292616845839
-0.832715885023098 -1.11999276656398 1.07652689296764 1.38240553605918
-0.612544979408542 -1.1623026183416 1.58248563704997 1.19031331723667
-0.764601422076376 -1.31245281581202 1.59643557437868 1.27550152274227
