1.33750272736204 1.07701366567732
-0.156673985581323 1.83612408841525
-0.898129059278771 1.04987049498263
-0.94352632862061 0.307820165735473
-1.10589989450428 -0.568599752792062
-0.810272851054761 -0.811683490489425
-0.332905924368712 -1.15719780875933
0.403094809690866 -1.13975666113051
1.52945556382083 -0.743368114825472
1.98461134194843 0.333468015835075
0.528724624866311 1.85057098211669
-0.598589733594742 1.38526994907182
-1.00069103403776 0.334753800328127
-0.989593311035784 -0.107307297523021
-0.879744311576358 -0.69699471346691
-0.509146416673958 -1.10385146002885
-0.0399059457846582 -1.20361281378187
0.964216324628612 -0.992036354849007
2.14059395018783 -0.214267786474926
1.21531994926109 1.13820133025728
-0.248176177506841 1.80015976204609
-0.886115841753146 0.91821908535608
-1.0834565885153 0.222901499513776
-0.795910166918592 -0.427252047823163
-0.731828669215987 -1.17529413028533
-0.188465165930731 -1.24412717914196
0.491788048543428 -1.1153310832486
1.64804057380649 -0.808589036760595
1.91557335999963 0.494143295897377
0.387842486822847 1.67320333108448
-0.799106900763894 1.33406148744836
-0.98763706222973 0.51933645367252
-0.978930279338775 -0.235218652283625
-0.80102679669649 -0.817839148699571
-0.481701318427965 -0.968527385373329
0.0301994023097278 -1.11762996146643
1.22122175026286 -1.0239998999069
1.9055697556611 -0.215542949829321
1.14125061709818 1.37395324437461
-0.35240496661419 1.75522312273435
-0.882331934193385 0.998521161020919
-0.987649656878781 -0.0516620904978698
-0.949560122647991 -0.661496730149037
-0.925987053501888 -0.73419823999598
-0.249364292005165 -1.14328761483557
0.487388192723107 -1.01613963886937
1.71499837768247 -0.702950583977991
1.78921849464993 0.539989987661995
0.462287286799269 1.679007044665
-0.714174607326157 1.36158171234142
-0.802626463863847 0.369602172369057
-0.876430942552139 -0.193998478543225
-0.947193247785851 -0.662607323588821
-0.548796118866778 -1.03502573212045
0.138679657994005 -1.2372304490201
1.14743496183283 -0.976211096675531
1.9855075224654 0.0216977497705126
1.0585484719646 1.63649977608372
-0.380511759000244 1.61164552404113
-0.881877228685707 0.679287145216455
-0.982887401650827 -0.0786525648951066
-0.987057652294485 -0.660821039536187
-0.566473529668402 -0.86536529866461
-0.213972136334186 -1.13079952205785
0.639902718225207 -1.14511513114415
1.69127617791635 -0.359788392119643
1.46005502911831 0.760851199552607
0.0305100300727483 1.52632234785897
-0.80939593631069 1.2432781707743
-1.05949145934896 0.255039732143127
-0.823648372778682 -0.327574848484243
-0.781816926245999 -0.701550618277184
-0.295848156938384 -1.09730042885207
0.251539112300843 -1.17623798317226
1.39143069284366 -0.845731130347031
1.72528694408783 0.340838935925656
0.486144328680971 1.51177049128379
-0.452667534742527 1.51171912799816
-0.899689059497784 0.631502495768687
-0.896561166852314 -0.231939698216243
-1.06801065787256 -0.630645440656784
-0.286322524030121 -0.967187512463079
0.00713297123117748 -1.07185233255495
1.07685641692975 -0.997134007032993
1.80812911524711 -0.222070939011439
1.08397549959208 0.97050877889679
-0.36155513308105 1.62564204921745
-0.847796893202058 0.801156980497827
-1.01993839838409 -0.162275814590456
-1.07057420317263 -0.600328741484654
-0.523443499471609 -1.05136630390294
-0.091806610573659 -1.01178089293176
0.64167020565843 -0.99241278197196
1.61026145700379 -0.480126751600976
1.41526038516468 0.65000617920063
0.140057086847008 1.84883941279679
-0.739062601771933 1.31712926202137
-0.880211124544109 0.553188836309116
-0.861640104459424 -0.227696990465296
-0.822343182744059 -0.511329176314798
