0.815745709160613 1.42092743525624 -1.19524885535957 -1.21392772696334
-0.0614907234572803 1.33506265138706 -0.831516440321714 -1.31024337154494
-0.367986842952628 1.45309513331993 -0.71361286998364 -0.778094620476543
-0.67854093093277 0.80653928561875 -0.456176706820944 -0.463228674106891
-0.620874881387651 0.506966063359558 0.0166703725560727 0.0933357995919382
-0.711038163145826 0.10561482292637 0.370330085473322 0.223622757879607
-1.04861065140405 -0.172093722296606 0.826050346904153 0.495084261781398
-0.670668514155473 -0.496261927713114 1.32691413564669 0.78899848488954
-1.2277947643752 -0.773950018965254 1.45498862702509 1.03313654751421
-1.28990093917381 -1.07359569546132 2.01643246255696 1.32833547860013
-1.18081976056195 -1.39941792111813 1.73696234746057 1.47966790950798
-0.97042091322427 -1.56533557688278 1.47413075015744 1.64057694068128
-0.223349016259307 -1.44144258146096 1.13163150584479 1.6897322161653
0.570932693356568 -1.40420324988914 -0.00364811535752002 0.958954478086296
2.06197523824609 -1.25291142255965 -0.867624345098583 -0.431487784711308
2.53786672995529 -0.564677442576918 -0.991489954894037 -0.916336977255421
2.04218507622759 0.487029738206414 -1.0806352514684 -1.78289530838173
1.0987853662241 1.16806120372274 -1.11081209216562 -1.74133284648025
0.115358820369277 1.66096861779946 -1.22774723466394 -1.46113921705106
-0.41095426625641 1.63549507448885 -1.25234076563 -1.36041453444022
-0.469403952857786 1.18978925312875 -1.12649607144096 -0.367001023311668
-0.509120423681324 0.732911096716438 -0.769535369554912 -0.294971271326009
-0.0394687906047073 0.437722800469179 -0.500020352753343 -0.258827336873806
-0.42271455168168 0.180023445511635 -0.132473969423368 0.469463275239135
-0.370134751254353 0.0837184161730074 -0.286159145267903 0.334202749831272
-0.104613154875407 0.0903616093693038 -0.190150027291839 0.0114822922525254
0.11629084041992 0.032594178735506 -0.226332006483918 0.278195685979493
0.162455023232618 -0.110774271007841 -0.0261934610474862 0.00115420534367502
0.261773660038928 -0.133403230847877 -0.0115848817105272 0.211137694738178
0.379806676214032 0.00613290458571979 -0.242465188169479 0.0382560236391831
0.090120574532982 0.0947308003584576 -0.193306261658693 -0.345873390808551
0.0848525803372046 -0.0124605041223849 -0.0735272176643321 -0.263790798443917
0.304476940134158 0.136267514490106 -0.197058297138029 -0.426063731571372
0.0553358536201089 0.24050883154414 0.00655810868052331 -0.0141773172321408
-0.378423689489712 0.165812854113157 0.1672322581954 -0.139252695616147
-0.467903931700377 -0.0549400453056389 0.467279154918168 0.0447605028850028
-0.607557579304136 -0.114465325027053 0.709959102831776 0.415026123988585
-0.38753384586082 -0.523234795170724 1.04673345540862 0.905303611204071
-0.701098125491844 -0.700610507553173 1.42924817945704 0.854214125444299
-0.85381713078885 -0.975744491147093 1.42426461507912 0.874528072139932
-1.02240141725276 -1.07572132638946 1.58907647945302 1.26012279527677
-0.627823845496391 -1.15184949782648 0.980872629590956 1.19512473984975
0.236714739495478 -1.47428729457083 0.679540140851189 1.07532530447942
0.670026602546284 -1.27551309371892 -0.0181816127374881 0.905794477720429
1.55163176957213 -0.975365740710784 -0.553650831827936 0.157618729133966
1.53376870352481 -0.270626341573713 -0.842478421047351 -0.79065378305634
1.78830654866557 0.490463491986649 -1.15309723745537 -1.23965918306397
1.12231604473722 1.2754479271492 -0.951118309884666 -1.46300601931464
0.173406602903207 1.32317467345736 -1.12044327543919 -1.10672911671511
-0.135465773619868 1.25863560224675 -1.08396374747814 -0.888255246035721
-0.269974488595473 0.870225027695998 -1.08672225773602 -0.570213580620451
-0.0947820250053242 0.959651490468932 -0.429462161027222 -0.378865478210131
-0.494488453819989 0.33258667873843 -0.142413514086926 -0.254777484336214
-0.973371221114454 0.146891216980073 0.493897840316262 0.102771013555884
-0.951047565635274 -0.199434660779955 0.95778412376207 0.399806169966087
-1.10975850385224 -0.432474703794198 1.73017242289379 0.900309162700867
-1.44902629936568 -0.689599696981199 1.70127000362281 1.2539328706985
-1.48782911829119 -1.45486350550189 2.28767558641916 1.98715442157253
-1.55045036023833 -1.48830647182338 2.25177930499395 1.95211191558298
-1.3204359959356 -2.04313496194804 2.09474042811208 2.37187312124861
-0.69746578829187 -2.11283745020392 1.84913123177276 1.88882234455619
-0.0825903782101416 -1.98335845304272 1.0787588507239 1.7849965775584
1.33792670295039 -1.92543908692128 -0.0249535088364312 0.889301488958152
3.13666004774402 -1.42081212430868 -1.05556915837831 -0.472323645091189
3.58738913512771 -0.489560321549461 -1.08921092016804 -1.44472789048724
1.77608635837743 0.69306447558141 -1.12824947912044 -2.14372118910211
0.645108736699361 1.79260487554394 -1.14931989293102 -2.10261241879717
-0.309924641774621 1.97396728109504 -1.16698316084223 -1.58322200542588
-0.612760280398257 1.72998487954087 -0.995448865737628 -0.953730189152871
-0.755631223625244 1.28293774981657 -0.886325391217147 -0.77929839895009
-0.343853747013468 0.987136798888236 -0.960261274147736 -0.320677459788258
-0.124011417263086 0.554764194157014 -0.841375522569608 0.109997590670109
0.0936699747276346 0.511438440541644 -0.655652601795645 -0.0796111139411421
0.315135880488133 0.368571789344207 -0.727301670782868 -0.188619746733901
0.229522016476714 0.284982775418663 -0.573308331403728 -0.516610271425312
-0.148053102072482 0.384195133006158 -0.386771608219197 -0.651800642482742
0.465589851189773 0.438344298514107 -0.333744290150175 -0.300787855205463
-0.0161023344515866 0.250793264365702 -0.402495914895694 -0.312679791800125
0.213487076374732 0.367848978778878 -0.583156757777548 -0.325739755454027
0.0430739904010176 0.329278431704205 -0.166514391303742 -0.386435148896664
-0.278917466975421 0.346701249483561 -0.189821834906559 -0.390986622684546
-0.397571981997416 0.347738487856793 0.208989534239204 -0.0946636227587219
-0.786971527885542 0.112695953577281 0.424284866735264 0.374350222792616
-0.845052903005259 0.0116008281060503 0.799566598222466 0.43769639232165
-1.02735847199289 -0.525211901759542 1.15178349825854 0.739504947525592
-0.89603940980802 -0.74105930523665 1.38854864541895 1.11442034270517
-0.864164759658807 -1.06727287817533 1.44564421592226 0.933390177608254
-0.681077533043019 -1.1425881620731 1.592787103821 1.61446639304319
-0.635982320009968 -1.23719711733109 0.959133323196926 1.26435278437139
0.323069546543137 -1.25661341851165 0.236026672648016 0.927691582965545
1.27241857427924 -0.948038122546365 -0.220998071075293 0.326770074853368
1.95441799131135 -0.532481439778876 -0.754743442549604 -0.294257547371667
1.98670589066413 0.126528375479063 -0.961650034569134 -1.28366323858324
1.2786202501102 1.0120279073472 -1.23231716507034 -1.30028060221672
0.399737269993187 1.3934782315882 -1.26005885570909 -1.38172278253172
-0.204922409540823 1.38455325493382 -0.738477780500761 -1.14452213589043
-0.117777523971726 1.25988382158163 -0.755499384042401 -0.764289329958024
-0.409699500208791 1.16671247252872 -0.830668921585881 -0.35709243039869
-0.242519626308833 0.632243652484708 -0.127956270604017 -0.219311330637021
-0.0932083763648356 0.311682364895347 -0.220328258190975 -0.0822691953856221
