0.882281140885637 1.22094392847789 -1.10015295223539 -1.31735225694999
-0.0510607647141787 1.50676565612053 -0.822339162733436 -1.06705238492756
-0.657083900378966 1.0639576364653 -0.819008819972154 -0.779745676311979
-0.460155619055913 0.887539794899797 -0.650057164603228 -0.402146030989258
-0.73472347000089 0.583248958412075 0.0476567923910273 0.164839920829444
-0.681278411077626 0.00895027622698034 0.521662010228234 -0.0604125562369006
-0.607682156000299 -0.180058708738142 0.986862839077304 0.542289817471916
-1.01102715078066 -0.740252790967982 1.0694875949502 0.788066746603031
-1.23852766515735 -1.01289987768962 1.76918440198637 1.02007115566982
-1.14336062765033 -1.11914388417581 1.70985407291361 1.44368600127217
-1.05313380457981 -1.2937305886201 1.83538609846433 1.67714434585619
-0.921515118659197 -1.55356217988446 1.49744870795164 1.5804801028615
-0.250509620867369 -1.56587247770815 0.635941514533758 1.58014066278804
0.976008312416578 -1.59143663291135 0.233785074093749 1.1556924602796
1.83211300839095 -1.12407920564521 -0.722538144003797 -0.17992683616727
2.4384680038044 -0.219752040754515 -1.07411230527648 -1.01334327853266
2.37205634132901 0.567506417264204 -0.950602516376602 -1.81589224822323
1.06352318747014 1.29331872295523 -1.23951169654242 -1.64436073409995
-0.0534238561875727 1.47511928101544 -1.34814292744972 -1.75043061606347
-0.186648596676875 1.56102875121439 -1.00666752468535 -1.26654162537269
-0.33088961890994 1.25211034889208 -1.03122902896934 -0.773525456126758
-0.451901963923716 0.828235902897201 -0.991224233644538 -0.247264562583626
-0.161683347683752 0.66096310455529 -0.484577579270289 0.0881506118319642
-0.462298058955349 0.458228526518046 -0.171114449624419 0.0799896086988155
-0.0579045140083865 -0.0443524647231828 -0.0838705796815017 0.124209559248016
0.0400572357134053 0.0667689906003038 -0.255138647200226 -0.211730489243234
0.209098935127154 0.0888830089720742 0.0789517958405544 0.294716681886365
0.102877487446983 -0.00932412363384095 -0.508838112125339 0.00016176454572736
0.360173869924718 -0.142624115627566 -0.0566859513213824 0.239796843955881
0.320250229925056 -0.105182299167925 -0.0383010380606959 0.226686549813046
0.441724361724694 0.0221105269486406 -0.420047341077109 0.127612622059099
0.704137187606757 0.229236916219217 -0.232748481433942 -0.271960707337196
0.116564766569107 0.268465838099908 -0.220712790757295 -0.0666985403691981
-0.0934362312840939 0.0659404831217748 -0.408430858370172 -0.285266481381348
-0.0582570643087787 0.226634689231989 0.240409635849021 0.186129406895526
-0.746957665980111 -0.0584599466514342 0.497140339670044 0.178723782763003
-0.539670835258042 -0.20641552568552 0.852073935995458 0.413214095689519
-0.718094007948251 -0.396594645160467 1.1348086877277 0.362988103652332
-0.98206776687342 -0.593408673343491 0.931801435439511 0.784528758234258
-1.30920577301498 -0.886573793913234 1.04068631041539 1.0617654043715
-0.995474371105024 -1.03738409932604 1.07352257217438 1.02728689156377
-0.506011487256606 -1.09727413878594 1.04667922753628 1.21020445266582
-0.0459722300369941 -1.25836871451067 0.836042487017199 1.30485527901291
0.922365308834941 -1.27515657647754 0.302670286423715 0.822700578593228
1.10606405490848 -0.734410530455979 -0.539385739111072 -0.0162422381418537
2.21016254538304 -0.227159829769887 -1.00476719298104 -0.729636985733829
1.49160149326447 0.466049978458229 -0.825172441658155 -1.28406862230881
0.898467643572073 1.20406247549811 -1.0616509069589 -1.45066374168354
0.403465183092082 1.2737355275804 -1.18835295892251 -1.27551314142684
0.0890380864322737 1.24392062222941 -0.946528223821643 -0.95712067990934
-0.627591262201629 1.02113248884427 -0.666464485918711 -0.690977723703957
-0.507602333344604 0.742102255506621 -0.659492895033405 -0.478453480332016
-0.405765826297029 0.729030691513008 -0.203884559939665 -0.240435473154162
-1.02758358148806 0.289473175111751 0.490471498468118 0.118195228179103
-0.942784248407508 -0.177135187544636 1.03282589183792 0.71978929892971
-1.24267014219281 -0.432808045669279 1.66808110825693 0.684983725512272
-1.62903182504533 -0.983468918843611 1.89366165485358 1.60956283426837
-1.4105379436082 -1.37697934850784 2.38008703137466 1.59269019188728
-1.289036573262 -1.77349690742839 2.50874434384577 1.67494724651718
-1.15546978068685 -2.06393765234202 2.20080735705658 2.22779949092762
-0.929236338575697 -1.90027190032208 1.82950589616958 1.85221090522575
-0.0250806352728622 -1.91575517567489 0.939093203163002 2.03426806264814
1.53870199116299 -1.83296869132724 -0.108545979385183 1.38716410351022
3.15325233318546 -1.42691325473474 -0.943325196428347 -0.510256191660388
3.40682872481542 -0.465242907113172 -0.967814580756873 -1.49680044486648
1.96609264242791 1.01693453675816 -1.11074451273526 -2.00645731141248
0.701540593333766 1.67155447376016 -1.07498971249067 -1.9314208662166
-0.100353594073351 2.03082969258803 -1.1293633588338 -2.03601395394458
-0.507465484720341 1.80252386274685 -0.994973002107245 -0.898987214815954
-0.592198579542157 1.30460960373831 -1.42885330026265 -0.623938624621145
-0.170708017810694 0.859656656751122 -0.619535689618369 -0.158121865629485
-0.0805394025779022 0.711392321393683 -0.733446123466297 0.129816654213596
0.144434477837537 0.423930748623615 -1.10963882889106 -0.244602597884232
0.0695377062811357 0.25318972047056 -0.443493380122911 -0.255396945936243
-0.0289610549606017 0.331632652954618 -0.576289477161414 -0.197030732431147
0.395609616037019 0.169139120376061 -0.424600552811486 -0.274264204914866
-0.198522715117789 0.27423192060057 -0.37700535270499 -0.524002381761288
0.0997239645487071 0.488944103181515 -0.349496522699634 -0.340902751538201
-0.022563720496625 0.3775205838828 -0.108457227784866 -0.337632365981276
-0.479610462184112 0.424641050683744 -0.12900333342161 -0.208975601407403
0.115312252009969 0.325014323141368 -0.0340669513144036 -0.299622026916002
-0.548808839366392 0.220071205534256 0.211348464049266 -0.0920429810294244
-1.04049478501025 0.0318314404044469 0.61335448146723 0.318481445431906
-0.843146575062252 -0.397672090641046 0.914758900544035 0.453651576459934
-0.55876544189296 -0.618604344748099 1.15915191420459 0.365755821865063
-0.640467970331501 -0.648188178246474 1.37752473632437 0.995286756368482
-0.590796074252681 -1.16421605449796 1.57852013029634 1.1016240404421
-0.58248472442556 -1.31890198284113 1.49633737169906 1.42293000652041
-0.427511856102719 -1.40663623881409 1.07302859289487 1.42310878129978
0.349691870391274 -1.24311578130171 0.458737983051211 0.879053343962102
0.998898350056725 -1.01587181982027 -0.396185943018892 0.144517288945859
1.52333367515842 -0.436980125966103 -0.739037739716281 -0.389437862566605
1.92639831345481 0.112269288732095 -1.03144236536462 -1.05705566399949
1.38764357246992 1.07542616047521 -0.97810539082806 -1.4607885933594
0.275676729739599 1.43100747366053 -1.23306597068461 -1.2709946791522
0.00443332739259494 1.36498965257609 -0.849872721212908 -1.13196767982214
-0.0843154529878155 1.35906223149969 -0.852714084073928 -0.871119303897841
-0.462642655245448 0.852499222437338 -0.867415535640503 -0.353125443711611
-0.567113176354478 0.492634235010411 -0.550867618949456 -0.334684318601456
-0.807791752892528 0.361641214881464 -0.273994217990342 -0.0395638368387718
