-0.529360188954812 -0.989405465309643
0.20266771198114 -1.1321120951968
1.34738210397578 -0.943230714977626
2.12821862295095 -0.0339462873650046
0.832342714864885 1.64766715980574
-0.55741790754971 1.70291405412065
-0.874977070238089 0.770028344095403
-0.99966950090603 -0.0196196671437475
-0.967319558750891 -0.432160611810692
-0.859808429064444 -0.977897074704794
-0.41381098064368 -1.04501145334726
0.518389060164203 -1.03984226530978
1.6309716504079 -0.509017296262344
1.58530844182687 0.904597632604823
-0.101031267515576 1.89882909379975
-0.842737963699104 1.13619021238093
-1.07586522840572 0.370569209656815
-1.07914477720534 -0.350927028878676
-0.887683218630937 -0.758712337714296
-0.519068518004254 -1.21171407593961
0.0836304403137501 -1.23643458158698
1.14604250623697 -1.06619712113515
1.90507373844922 -0.0370020551911783
0.915611166584647 1.57741539304324
-0.408705377480517 1.81031802254268
-0.983536969817574 0.890229937170073
-1.08760097446578 0.147858567243112
-0.777995629516216 -0.493397527024901
-0.704938012998673 -0.917628053735123
-0.328394056274316 -1.05085657609487
0.444255393949564 -1.00202929916398
1.52873655771818 -0.709918472353734
1.76352182081028 0.671158785620396
0.0558761989808683 1.91518959027211
-0.639375651405433 1.42128686353448
-0.982855238560619 0.440883126867861
-0.988562262916829 -0.237450961570166
-0.950151200312261 -0.636584990551111
-0.607315022834326 -0.973561561083048
0.0815699180005121 -1.16670903889356
1.1349128194199 -0.887325309246698
1.87479327784082 -0.0306133310682808
1.09281608378245 1.26557362735181
-0.413377119139634 1.6818036743645
-0.844471510837516 0.960344367698458
-0.940956330715728 0.124175526149103
-1.00731897636314 -0.433825057668396
-0.564188955062455 -0.819150961435535
-0.244854074409 -1.0530633704637
0.584097859276424 -0.985186956601833
1.69934410339086 -0.550709919441763
1.52725531318617 0.785787968973412
0.0472782346613038 1.73804539386067
-0.777355504882693 0.920619063416047
-1.11942032953709 0.297312851899984
-0.896440454198533 -0.354536642741339
-0.739511233835185 -0.744796128575025
-0.600294546736398 -1.00321630271758
0.0858866883713573 -1.1398362497789
1.08856806582691 -0.821024947721626
1.77206206833842 -0.00675040213479051
0.746816207481029 1.45158807575395
-0.530507996479362 1.52625813678004
-0.911055508548337 0.548355367667826
-1.02672169597005 0.00649343526880197
-0.854894088008082 -0.729116413076239
-0.833269215015283 -0.969444557370636
-0.329781028058587 -1.26337280830246
0.696401421328458 -0.895648545112428
1.91071192565846 -0.28664645094895
1.47179039939181 0.949150812340012
-0.0271995061423076 1.94207715084363
-0.862805862836087 0.981050846381618
-0.948819430236726 0.362933439291838
-0.941109568356612 -0.493288582415834
-0.843861725006727 -0.833699948921647
-0.42393747832734 -0.966767796333403
0.30225636863005 -0.8182555920346
1.3965619279823 -0.754391715114738
1.83241500496652 0.297154869864397
0.526211096148335 1.65192285362006
-0.670570221723706 1.57439303345716
-0.992954883695856 0.649363755891062
-1.00849691027464 -0.0616638250744152
-0.925954259045788 -0.70958763739197
-0.618181225959897 -0.74918060134783
-0.121347861203343 -0.990331136796732
0.66475634136022 -0.91562095960824
1.81471746435506 -0.286584387710054
1.31502710720099 0.971862174523941
-0.15326471746674 1.72315286294635
-0.867780857586276 1.27019687669235
-1.05112568224285 0.301892423011278
-0.835026691849707 -0.344436812307145
-0.754863637343173 -0.864893933425468
-0.506846248219622 -0.899527543529691
0.282253434008292 -0.975974391750293
1.27387692938922 -0.744673016439947
1.70483228914863 0.268742886725614
0.340649863105893 1.7991213794203
