-0.508466 -0.612153 1.070632
-0.398711 -0.479034 1.151533
-0.318744 -0.317496 1.165919
-0.272390 -0.145641 1.132167
-0.260243 0.022741 1.077533
-0.280700 0.179503 1.028716
-0.331066 0.321726 1.006208
-0.408479 0.450366 1.022583
-0.510524 0.568699 1.083366
-0.635555 0.680964 1.188899
-0.782786 0.791345 1.336158
-0.952200 0.903279 1.520025
-1.144352 1.018960 1.733829
-1.360076 1.138939 1.969149
-1.600118 1.261671 2.214885
-1.864653 1.382894 2.455647
-2.152661 1.494732 2.669598
-2.461089 1.584500 2.826209
-2.783750 1.633325 2.885097
-3.109966 1.615084 2.798450
-3.423125 1.496831 2.521505
-3.699636 1.242858 2.036702
-3.909305 0.825280 1.393281
-4.018640 0.242735 0.747621
-3.998426 -0.457285 0.360055
-3.834923 -1.167938 0.491983
-3.540177 -1.745373 1.216566
-3.154016 -2.067075 2.296343
-2.733380 -2.091681 3.296429
-2.333704 -1.872731 3.864856
-1.993303 -1.518362 3.913971
-1.728177 -1.135433 3.576433
-1.536125 -0.796227 3.052979
-1.404465 -0.534410 2.501620
-1.316746 -0.356349 2.007525
-1.256858 -0.254128 1.599779
-1.210930 -0.214353 1.278029
-1.167928 -0.222420 1.032177
-1.119735 -0.263901 0.852447
-1.061082 -0.324671 0.732200
-0.989501 -0.390945 0.666526
-0.905205 -0.449776 0.649187
-0.810830 -0.490117 0.670071
-0.710923 -0.504121 0.714678
-0.611188 -0.488173 0.766116
-0.517600 -0.443159 0.808756
-0.435552 -0.373803 0.831828
-0.369224 -0.287284 0.831354
-0.321249 -0.191592 0.809819
-0.292703 -0.094104 0.774085
-0.283331 -0.000696 0.732664
-0.291879 0.084579 0.693345
-0.316458 0.159339 0.661701
-0.354837 0.222458 0.640498
-0.404639 0.273546 0.629773
-0.463444 0.312465 0.627289
-0.528796 0.338937 0.629124
-0.598146 0.352286 0.630303
-0.668757 0.351313 0.625458
-0.737606 0.334343 0.609558
-0.801299 0.299440 0.578790
-0.856067 0.244833 0.531631
-0.897851 0.169557 0.470003
-0.922551 0.074280 0.400237
-0.926436 -0.037799 0.333294
-0.906731 -0.160254 0.283568
-0.862290 -0.283271 0.265802
-0.794212 -0.394422 0.290422
-0.706197 -0.480508 0.358809
-0.604446 -0.530188 0.460897
-0.497020 -0.536601 0.577062
-0.392754 -0.498993 0.684212
-0.300013 -0.422671 0.763482
-0.225625 -0.317313 0.805961
-0.174257 -0.194382 0.814147
-0.148323 -0.064598 0.799357
-0.148318 0.063806 0.777139
-0.173411 0.185796 0.762912
-0.222073 0.299409 0.769151
-0.292643 0.405103 0.804288
-0.383722 0.504938 0.872868
-0.494419 0.601785 0.976311
-0.624441 0.698680 1.113784
-0.774077 0.798327 1.282879
-0.944090 0.902710 1.479932
-1.135543 1.012768 1.699926
-1.349549 1.128032 1.935901
-1.586953 1.246156 2.177844
-1.847885 1.362250 2.411054
-2.131171 1.467937 2.614088
-2.433509 1.550139 2.756773
-2.748404 1.589747 2.799484
-3.064848 1.560719 2.696265
-3.365972 1.430800 2.406170
-3.628160 1.166023 1.918005
-3.821683 0.741671 1.288952
-3.914284 0.160809 0.680578
-3.878885 -0.524860 0.347886
-3.704468 -1.207405 0.531297
-3.405469 -1.747631 1.275734
-3.022627 -2.032582 2.330241
-2.611797 -2.030310 3.274865
-2.225918 -1.798451 3.788139
-1.900629 -1.443127 3.804255
-1.650022 -1.066195 3.459315
-1.470995 -0.735310 2.945916
-1.350713 -0.481342 2.412139
-1.272948 -0.309597 1.936220
-1.221908 -0.212192 1.543683
-1.183970 -0.176290 1.232851
-1.148217 -0.188016 0.993519
-1.106505 -0.233620 0.816514
-1.053420 -0.299465 0.696339
-0.986277 -0.371942 0.629641
-0.905080 -0.437904 0.611902
-0.812330 -0.485740 0.634457
-0.712578 -0.506808 0.683516
-0.611698 -0.496667 0.741918
-0.515984 -0.455569 0.792929
-0.431244 -0.387948 0.824316
-0.362092 -0.301056 0.830854
-0.311549 -0.203233 0.814378
-0.281000 -0.102339 0.781791
-0.270391 -0.004715 0.742172
-0.278597 0.085228 0.704132
-0.303795 0.164905 0.674086
-0.343794 0.233128 0.655496
-0.396260 0.289559 0.648878
-0.458830 0.334171 0.652227
-0.529131 0.366807 0.661603
-0.604716 0.386859 0.671739
-0.682955 0.393091 0.676666
-0.760907 0.383613 0.670386
-0.835194 0.356031 0.647733
-0.901943 0.307816 0.605481
-0.956806 0.236926 0.543719
-0.995151 0.142690 0.467268
-1.012437 0.026885 0.386615
-1.004810 -0.105211 0.317525
-0.969884 -0.244199 0.278433
-0.907546 -0.376869 0.285376
-0.820584 -0.487833 0.345641
-0.714847 -0.562423 0.452914
-0.598758 -0.590096 0.587153
-0.482203 -0.567101 0.720456
-0.375055 -0.497254 0.826703
-0.285768 -0.390515 0.890277
-0.220432 -0.260015 0.909846
-0.182470 -0.118795 0.896410
-0.172921 0.022652 0.867826
-0.191088 0.157574 0.842980
-0.235310 0.282988 0.837715
-0.303651 0.398981 0.863065
-0.394417 0.507726 0.925268
-0.506478 0.612525 1.026700
-0.639408 0.717024 1.167047
-0.793497 0.824633 1.344267
-0.969655 0.938110 1.555174
-1.169255 1.059244 1.795519
-1.393901 1.188532 2.059555
-1.645137 1.324768 2.338988
-1.924045 1.464431 2.621287
-2.230698 1.600748 2.887313
-2.563380 1.722373 3.108482
-2.917512 1.811684 3.244227
-3.284210 1.843011 3.241765
-3.648559 1.781696 3.042446
-3.987931 1.585993 2.601572
-4.271242 1.215143 1.928460
-4.460750 0.647218 1.141829
-4.518417 -0.093968 0.503199
-4.417658 -0.915400 0.353427
-4.157281 -1.661062 0.909250
-3.769394 -2.166857 2.040321
-3.312943 -2.340745 3.280851
-2.853875 -2.205975 4.135652
-2.443839 -1.872414 4.385892
-2.109496 -1.468781 4.122690
-1.854476 -1.091239 3.576473
-1.667871 -0.789396 2.954538
-1.532732 -0.576683 2.379871
-1.431694 -0.446268 1.901922
-1.349751 -0.382887 1.528015
-1.275231 -0.369148 1.248541
-1.199916 -0.388086 1.050362
-1.118869 -0.423976 0.921296
-1.030138 -0.462753 0.849865
-0.934370 -0.492595 0.823606
-0.834290 -0.504714 0.828104
-0.734012 -0.494051 0.847693
-0.638267 -0.459529 0.867624
-0.551629 -0.403657 0.876627
-0.477890 -0.331537 0.868654
-0.419671 -0.249571 0.843100
-0.378285 -0.164225 0.803590
-0.353828 -0.081119 0.755986
-0.345398 -0.004561 0.706402
-0.351369 0.062522 0.659753
-0.369656 0.118369 0.618996
-0.397905 0.162048 0.585001
-0.433633 0.193100 0.556832
-0.474284 0.211241 0.532263
-0.517250 0.216183 0.508381
-0.559854 0.207565 0.482234
-0.599348 0.185031 0.451471
-0.632927 0.148422 0.414974
-0.657800 0.098088 0.373409
-0.671327 0.035267 0.329568
-0.671238 -0.037536 0.288343
-0.655913 -0.116275 0.256105
-0.624702 -0.195357 0.239426
-0.578200 -0.267988 0.243262
-0.518418 -0.326965 0.269120
-0.448762 -0.365773 0.313923
-0.373769 -0.379768 0.370256
-0.298641 -0.367066 0.428154
-0.228649 -0.328858 0.477886
-0.168543 -0.269040 0.512664
-0.122097 -0.193279 0.530259
-0.091874 -0.107852 0.533081
-0.079211 -0.018568 0.526967
-0.084393 0.069961 0.519361
-0.106936 0.154653 0.517584
-0.145890 0.233917 0.527608
-0.200114 0.307381 0.553438
-0.268484 0.375490 0.596983
-0.350010 0.439086 0.658202
-0.443875 0.499009 0.735341
-0.549403 0.555741 0.825120
-0.665949 0.609092 0.922807
-0.792741 0.657914 1.022139
-0.928658 0.699825 1.115153
-1.071956 0.730945 1.192004
-1.219948 0.745676 1.241012
-1.368644 0.736603 1.249278
-1.512403 0.694705 1.204437
-1.643679 0.610129 1.098179
-1.753005 0.473926 0.931905
-1.829453 0.281040 0.723815
-1.861815 0.034478 0.514449
-1.840659 -0.250358 0.364893
-1.761092 -0.543470 0.341273
-1.625489 -0.803221 0.485390
-1.444961 -0.986001 0.784742
-1.238389 -1.060075 1.165221
-1.028810 -1.016840 1.519760
-0.838407 -0.872876 1.757885
-0.684139 -0.661837 1.842573
-0.575604 -0.421567 1.793367
-0.515346 -0.183383 1.662924
-0.500762 0.032846 1.508448
-0.526418 0.218341 1.373285
-0.585983 0.372249 1.281268
-0.673435 0.497952 1.239163
-0.783591 0.600031 1.241850
-0.912126 0.682208 1.277057
-1.055264 0.746120 1.328549
-1.209290 0.790656 1.377913
-1.369966 0.811677 1.405565
-1.531924 0.802047 1.391892
-1.688102 0.752118 1.319544
-1.829354 0.650966 1.177933
-1.944413 0.488849 0.970451
-2.020506 0.261261 0.723218
-2.044925 -0.025687 0.490761
-2.007690 -0.350144 0.350381
-1.904949 -0.672956 0.377606
-1.742000 -0.943436 0.606321
-1.534325 -1.113313 0.996267
-1.305376 -1.153725 1.438156
-1.081456 -1.065778 1.803057
-0.885744 -0.878102 2.003769
-0.733999 -0.633598 2.025357
-0.633283 -0.374018 1.912078
-0.583327 -0.129917 1.731834
-0.579142 0.081955 1.545184
-0.613581 0.256127 1.390779
-0.679168 0.394013 1.284593
-0.769050 0.499850 1.225615
-0.877254 0.577816 1.202417
-0.998485 0.630319 1.198230
-1.127680 0.657195 1.194246
-1.259467 0.655538 1.171853
-1.387645 0.620064 1.114781
-1.504791 0.544062 1.012087
-1.602136 0.421140 0.862509
-1.669880 0.247928 0.679739
-1.698145 0.027637 0.496366
-1.678662 -0.226332 0.362124
-1.607040 -0.488528 0.331708
-1.485051 -0.723623 0.441843
-1.321930 -0.893929 0.687054
-1.133768 -0.970540 1.011468
-0.940703 -0.943054 1.328173
-0.762787 -0.822489 1.557547
-0.616125 -0.635830 1.659877
-0.510673 -0.415754 1.643244
-0.450110 -0.191053 1.548159
-0.433229 0.018652 1.424315
-0.455904 0.203624 1.313138
-0.512886 0.361864 1.240510
-0.599042 0.496042 1.217164
-0.710004 0.610719 1.242440
-0.842328 0.710311 1.308327
-0.993324 0.797759 1.402388
-1.160672 0.873709 1.509314
-1.341903 0.935972 1.611401
-1.533796 0.979133 1.688491
-1.731698 0.994284 1.718141
-1.928824 0.969038 1.677126
-2.115612 0.888238 1.545755
-2.279353 0.736044 1.316516
-2.404434 0.500247 1.007188
-2.473726 0.179207 0.674472
-2.471534 -0.209707 0.417084
-2.388086 -0.624198 0.352554
-2.224415 -1.000062 0.561702
-1.995327 -1.267608 1.025917
-1.728003 -1.377097 1.610611
-1.455760 -1.318961 2.126214
-1.209515 -1.125191 2.427862
-1.010982 -0.851924 2.476363
-0.870201 -0.556255 2.325955
-0.787108 -0.280493 2.069926
-0.755089 -0.047940 1.791720
-0.764500 0.133431 1.542937
-0.805113 0.264692 1.343449
-0.867347 0.350492 1.191066
-0.942598 0.395543 1.071998
-1.023060 0.402961 0.968820
-1.101359 0.373994 0.865879
-1.170237 0.308721 0.753090
-1.222444 0.207460 0.628855
-1.250977 0.072669 0.502035
-1.249705 -0.089026 0.391956
-1.214381 -0.265289 0.324836
-1.143822 -0.437930 0.325654
-1.040916 -0.584972 0.406981
-0.912979 -0.685014 0.559695
-0.771092 -0.722686 0.751935
-0.628424 -0.692969 0.939171
-0.497989 -0.602276 1.081053
-0.390572 -0.465815 1.155810
-0.313442 -0.302621 1.164995
-0.270106 -0.130535 1.128214
-0.260919 0.037119 1.073030
-0.284137 0.192692 1.025777
-0.337015 0.333667 1.006276
-0.416707 0.461269 1.026423
-0.520857 0.578912 1.091205
-0.647893 0.690866 1.200595
-0.797103 0.801278 1.351340
-0.968528 0.913490 1.538167
-1.162761 1.029569 1.754266
-1.380645 1.149899 1.991019
-1.622893 1.272720 2.237015
-1.889605 1.393487 2.476379
-2.179613 1.503947 2.686576
-2.489633 1.590917 2.836211
-2.813132 1.634902 2.884052
-3.138959 1.609114 2.781966
-3.449905 1.480119 2.486403
-3.721739 1.212359 1.983991
-3.923777 0.779449 1.332175
-4.022536 0.183532 0.697931
-3.989698 -0.522653 0.347654
-3.813485 -1.227412 0.534081
-3.508535 -1.786047 1.304806
-3.116829 -2.081275 2.396087
-2.695972 -2.080614 3.368506
-2.300375 -1.844738 3.889724
-1.966392 -1.483810 3.896577
-1.708123 -1.102466 3.534241
-1.522103 -0.769336 3.002887
-1.395072 -0.515073 2.454201
-1.310481 -0.344273 1.967280
-1.252368 -0.248244 1.567519
-1.207105 -0.213362 1.253033
-1.163922 -0.225013 1.013474
-1.114958 -0.268797 0.839313
-1.055201 -0.330615 0.724167
-0.982427 -0.396726 0.663134
-0.897084 -0.454306 0.649711
-0.802002 -0.492540 0.673374
-0.701867 -0.503929 0.719292
-0.602444 -0.485266 0.770524
-0.509687 -0.437822 0.811747
-0.428904 -0.366606 0.832757
-0.364143 -0.278938 0.830202
-0.317892 -0.182801 0.807064
-0.291098 -0.085469 0.770466
-0.283399 0.007345 0.728939
-0.293471 0.091747 0.690121
-0.319384 0.165490 0.659343
-0.358886 0.227534 0.639115
-0.409595 0.277531 0.629249
-0.469087 0.315344 0.627330
-0.534901 0.340669 0.629315
-0.604475 0.352784 0.630168
-0.675052 0.350444 0.624519
-0.743576 0.331939 0.607407
-0.806621 0.295328 0.575182
-0.860383 0.238882 0.526583
-0.900791 0.161748 0.463896
-0.923755 0.064788 0.393876
-0.925608 -0.048534 0.327867
-0.903692 -0.171481 0.280449
-0.857041 -0.293957 0.266180
-0.786978 -0.403375 0.294848
-0.697442 -0.486590 0.366846
-0.594835 -0.532567 0.471100
-0.487336 -0.534949 0.587378
-0.383787 -0.493559 0.692661
-0.292453 -0.414184 0.768803
-0.219985 -0.306775 0.807930
-0.170844 -0.182823 0.813486
-0.147249 -0.052878 0.797368
-0.149554 0.075098 0.775271
-0.176835 0.196367 0.762436
-0.227534 0.309213 0.770993
-0.299998 0.414274 0.809006
-0.392867 0.513710 0.880702
-0.505301 0.610434 0.987263
-0.637063 0.707469 1.127691
-0.788489 0.807468 1.299458
-0.960378 0.912334 1.498790
-1.153806 1.022895 1.720524
-1.369879 1.138533 1.957479
-1.609395 1.256706 2.199296
-1.872395 1.372250 2.430753
-2.157549 1.476420 2.629695
-2.461315 1.555647 2.765096
-2.776848 1.590223 2.796553
-3.092666 1.553481 2.677937
-3.391313 1.412754 2.369748
-3.648568 1.134350 1.865228
-3.834273 0.695204 1.229794
-3.916263 0.101969 0.635028
-3.868443 -0.588533 0.340648
-3.681784 -1.263956 0.577048
-3.373235 -1.784824 1.363802
-2.985521 -2.043694 2.425964
-2.574988 -2.017230 3.341424
-2.193469 -1.769622 3.808615
-1.874674 -1.408581 3.784740
-1.630876 -1.033637 3.416962
-1.457787 -0.708908 2.896765
-1.342043 -0.462413 2.366020
-1.267336 -0.297809 1.897191
-1.218024 -0.206505 1.512350
-1.180715 -0.175465 1.208425
-1.144746 -0.190807 0.975039
-1.102216 -0.238802 0.803324
-1.047957 -0.305816 0.688082
-0.979529 -0.378254 0.626007
-0.897168 -0.443054 0.612317
-0.803583 -0.488812 0.637893
-0.703476 -0.507214 0.688534
-0.602800 -0.494234 0.746942
-0.507840 -0.450533 0.796627
-0.424324 -0.380861 0.825914
-0.356734 -0.292641 0.830241
-0.307945 -0.194230 0.812000
-0.279200 -0.093386 0.778412
-0.270337 0.003715 0.738612
-0.280150 0.092835 0.701074
-0.306773 0.171532 0.671967
-0.347994 0.238720 0.654482
-0.401474 0.294109 0.648890
-0.464850 0.337677 0.652988
-0.535746 0.369239 0.662691
-0.611703 0.388136 0.672644
-0.690071 0.393071 0.676842
-0.767872 0.382098 0.669320
-0.841689 0.352792 0.645033
-0.907598 0.302636 0.600986
-0.961219 0.229667 0.537630
-0.997905 0.133382 0.460263
-1.013146 0.015828 0.379888
-1.003184 -0.117368 0.312657
-0.965799 -0.256436 0.277044
-0.901113 -0.387879 0.288583
-0.812188 -0.496234 0.353512
-0.705132 -0.567052 0.464218
-0.588555 -0.590298 0.599629
-0.472407 -0.562889 0.731568
-0.366492 -0.489277 0.834524
-0.279090 -0.379843 0.894073
-0.216058 -0.247842 0.910128
-0.180591 -0.106180 0.894554
-0.173542 0.034948 0.865531
-0.194099 0.169136 0.841818
-0.240549 0.293706 0.838880
-0.310957 0.408974 0.867310
-0.403670 0.517252 0.932958
-0.517616 0.621902 1.037917
-0.652434 0.726573 1.181681
-0.808473 0.834634 1.362093
-0.986695 0.948770 1.575874
-1.188503 1.070671 1.818669
-1.415510 1.200703 2.084558
-1.669240 1.337485 2.364950
-1.950711 1.477250 2.646833
-2.259876 1.612881 2.910347
-2.594815 1.732546 3.125927
-2.950632 1.817976 3.251858
-3.317981 1.842710 3.234413
-3.681325 1.771308 3.015073
-4.017286 1.561637 2.551934
-4.294052 1.173695 1.861658
-4.473500 0.588402 1.075108
-4.518039 -0.165036 0.465565
-4.402762 -0.987085 0.373120
-4.129268 -1.718016 0.991336
-3.732548 -2.196848 2.154589
-3.273122 -2.340950 3.379041
-2.816468 -2.183392 4.184300
-2.412268 -1.838600 4.381958
-2.084923 -1.434008 4.083694
-1.836399 -1.061748 3.523253
-1.654936 -0.767622 2.901579
-1.523366 -0.562639 2.334138
-1.424454 -0.438820 1.865375
-1.343467 -0.380516 1.500269
-1.269042 -0.370301 1.228508
-1.193269 -0.391291 1.036939
-1.111489 -0.427888 0.913474
-1.022004 -0.466202 0.846595
-0.925672 -0.494656 0.823661
-0.825372 -0.504779 0.830078
-0.725304 -0.491879 0.850161
-0.630210 -0.455234 0.869382
-0.544612 -0.397637 0.876902
-0.472203 -0.324361 0.867194
-0.415482 -0.241857 0.840108
-0.375645 -0.156541 0.799555
-0.352683 -0.073921 0.751491
-0.345615 0.001827 0.701965
-0.352766 0.067894 0.655725
-0.372015 0.122612 0.615533
-0.400995 0.165105 0.582076
-0.437213 0.194942 0.554278
-0.478109 0.211844 0.529826
-0.521069 0.215518 0.505786
-0.563411 0.205603 0.479240
-0.602381 0.181754 0.447933
-0.635174 0.143850 0.410901
-0.659010 0.092313 0.368998
-0.671277 0.028488 0.325222
-0.669759 -0.044980 0.284630
-0.652918 -0.123899 0.253661
-0.620214 -0.202545 0.238795
-0.572374 -0.274061 0.244717
-0.511545 -0.331270 0.272521
-0.441249 -0.367803 0.318686
-0.366102 -0.379257 0.375474
-0.291331 -0.364042 0.432844
-0.222171 -0.323631 0.481266
-0.163288 -0.262124 0.514354
-0.118344 -0.185287 0.530347
-0.089777 -0.099378 0.532036
-0.078814 -0.010112 0.525473
-0.085655 0.078047 0.518141
-0.109760 0.162164 0.517255
-0.150151 0.240779 0.528605
-0.205684 0.313610 0.555989
-0.275242 0.381154 0.601117
-0.357851 0.444263 0.663774
-0.452707 0.503752 0.742053
-0.559140 0.560047 0.832540
-0.676498 0.612876 0.930364
-0.803979 0.660984 1.029117
-0.940413 0.701858 1.120674
-1.083976 0.731468 1.195030
-1.231870 0.744057 1.240382
-1.379964 0.732062 1.243837
-1.522451 0.686367 1.193303
-1.651609 0.597159 1.081199
-1.757827 0.455768 0.910282
-1.830124 0.257773 0.700713
-1.857404 0.007227 0.495132
-1.830594 -0.279117 0.355756
-1.745428 -0.570004 0.347441
-1.605099 -0.823251 0.507616
-1.421526 -0.995963 0.817655
-1.214121 -1.058387 1.198889
-1.005985 -1.004456 1.544199
-0.818890 -0.852781 1.767537
-0.669096 -0.637833 1.837827
-0.565460 -0.397064 1.778872
-0.509949 -0.160707 1.644633
-0.499613 0.052559 1.491346
-0.528893 0.234883 1.360458
-0.591475 0.385965 1.273985
-0.681435 0.509414 1.237384
-0.793707 0.609806 1.244758
-0.924065 0.690725 1.283434
-1.068800 0.753592 1.336990
-1.224215 0.797048 1.386908
-1.386039 0.816687 1.413533
-1.548816 0.805112 1.397234
-1.705348 0.752442 1.320801
-1.846313 0.647613 1.174150
-1.960259 0.480940 0.961773
-2.034266 0.248293 0.711596
-2.055602 -0.043404 0.480359
-2.014464 -0.371099 0.346974
-1.907431 -0.694360 0.386479
-1.740453 -0.961730 0.629234
-1.529710 -1.125246 1.029515
-1.299175 -1.157517 1.473724
-1.075306 -1.061684 1.832537
-0.881049 -0.868068 2.022217
-0.731680 -0.620320 2.032534
-0.633730 -0.360003 1.911026
-0.586495 -0.116964 1.726553
-0.584703 0.092830 1.538909
-0.621070 0.264496 1.385304
-0.688069 0.399762 1.280329
-0.778837 0.502945 1.221941
-0.887386 0.578132 1.198066
-1.008379 0.627552 1.191601
-1.136671 0.650835 1.183671
-1.266771 0.644900 1.155879
-1.392330 0.604396 1.092550
-1.505785 0.522745 0.983857
-1.598281 0.393992 0.830266
-1.660058 0.215609 0.647663
-1.681490 -0.007938 0.470659
-1.654836 -0.261785 0.349644
-1.576512 -0.519270 0.337233
-1.449256 -0.744775 0.464940
-1.283194 -0.901745 0.720667
-1.094934 -0.963728 1.044010
-0.904580 -0.923261 1.348531
-0.731607 -0.793627 1.559871
-0.591227 -0.602654 1.645150
-0.492482 -0.382451 1.617362
-0.438346 -0.160432 1.518562
-0.427201 0.045293 1.397329
-0.454791 0.226188 1.292838
-0.515929 0.381007 1.228809
-0.605654 0.512772 1.214447
-0.719811 0.626124 1.248251
-0.855169 0.725400 1.321879
-1.009225 0.813391 1.422854
-1.179811 0.890562 1.535929
-1.364577 0.954525 1.643418
-1.560374 0.999640 1.725024
-1.762572 1.016710 1.757927
-1.964344 0.992959 1.718244
-2.155992 0.912702 1.585416
-2.324551 0.759439 1.351123
-2.454016 0.520250 1.032989
-2.526736 0.192987 0.689057
-2.526443 -0.204906 0.421506
-2.442900 -0.630076 0.352829
-2.276995 -1.016263 0.567709
-2.043847 -1.291362 1.046907
-1.771377 -1.404018 1.649808
-1.493806 -1.344694 2.178947
-1.242785 -1.146911 2.484781
-1.040390 -0.868857 2.528624
-0.896641 -0.569241 2.368352
-0.811211 -0.291184 2.100917
-0.777131 -0.058150 1.811821
-0.784407 0.122038 1.553144
-0.822501 0.250669 1.344378
-0.881560 0.332564 1.182799
-0.952739 0.372575 1.054371
-1.028022 0.374005 0.941948
-1.099877 0.338445 0.830798
-1.160979 0.266586 0.712381
-1.204172 0.159717 0.587060
-1.222774 0.021613 0.465524
-1.211265 -0.139591 0.367879
-1.166295 -0.310245 0.318997
-1.087781 -0.471586 0.339812
-0.979705 -0.602321 0.436856
-0.850195 -0.683152 0.595267
-0.710613 -0.701802 0.780625
-0.573770 -0.656377 0.950589
-0.451780 -0.555437 1.070741
-0.354246 -0.414802 1.126063
-0.287285 -0.252692 1.122842
-0.253510 -0.085302 1.082218
-0.252737 0.075863 1.030621
-0.283020 0.224656 0.991927
-0.341667 0.359562 0.983371
-0.426030 0.482306 1.014818
-0.534013 0.596427 1.089955
-0.664304 0.706070 1.208076
-0.816404 0.815119 1.365664
-0.990516 0.926586 1.557374
-1.187318 1.042171 1.776336
-1.407664 1.161860 2.013745
-1.652195 1.283441 2.257761
-1.920836 1.401824 2.491757
-2.212128 1.508074 2.692130
-2.522337 1.588161 2.826232
-2.844302 1.621621 2.851863
-3.166047 1.580757 2.721249
-3.469400 1.431751 2.394342
-3.729213 1.140068 1.866708
-3.914327 0.682921 1.210973
-3.991835 0.069390 0.610802
-3.935643 -0.638702 0.337169
-3.737882 -1.322894 0.619513
-3.417707 -1.840041 1.457428
-3.020248 -2.084642 2.548137
-2.603332 -2.040135 3.456452
-2.218800 -1.777841 3.891067
-1.899254 -1.409114 3.829456
-1.655539 -1.033240 3.432803
-1.482223 -0.712117 2.895993
-1.365279 -0.471401 2.358100
-1.288148 -0.313034 1.887662
-1.235211 -0.227360 1.504109
-1.193270 -0.200675 1.203269
-1.151968 -0.218592 0.974583
-1.103804 -0.266956 0.809163
-1.044085 -0.331834 0.701370
-0.970881 -0.399585 0.646792
-0.884912 -0.457482 0.639028
-0.789262 -0.494873 0.667349
-0.688822 -0.504525 0.716611
-0.589502 -0.483582 0.769694
-0.497326 -0.433698 0.811383
-0.417600 -0.360221 0.831873
-0.354308 -0.270701 0.828380
-0.309848 -0.173224 0.804438
-0.285062 -0.075043 0.767576
-0.279499 0.018222 0.726528
-0.291769 0.102816 0.688953
-0.319903 0.176624 0.660073
-0.361636 0.238719 0.642223
-0.414592 0.288825 0.635016
-0.476361 0.326840 0.635833
-0.544501 0.352443 0.640427
-0.616461 0.364858 0.643556
-0.689477 0.362739 0.639632
-0.760465 0.344236 0.623472
-0.825938 0.307231 0.591221
-0.881994 0.249802 0.541486
-0.924424 0.170913 0.476572
-0.948972 0.071299 0.403507
-0.951785 -0.045578 0.334233
-0.930043 -0.172797 0.284226
-0.882670 -0.299858 0.269051
-0.810987 -0.413570 0.299256
-0.719058 -0.500107 0.375347
-0.613542 -0.547850 0.485509
-0.502963 -0.550146 0.608098
-0.396534 -0.506896 0.718551
-0.302837 -0.424306 0.797676
-0.228734 -0.312927 0.837390
-0.178777 -0.184839 0.841697
-0.155173 -0.051030 0.823472
-0.158193 0.080316 0.799408
-0.186810 0.204435 0.785507
-0.239373 0.319725 0.794341
-0.314164 0.427015 0.834146
-0.409803 0.528683 0.909152
-0.525470 0.627847 1.020475
-0.660990 0.727717 1.167055
-0.816794 0.831106 1.346347
-0.993806 0.940061 1.554629
-1.193257 1.055540 1.786853
-1.416430 1.177051 2.035977
-1.664324 1.302164 2.291751
-1.937205 1.425795 2.538908
-2.233972 1.539192 2.754897
-2.551298 1.628595 2.907635
-2.882480 1.673756 2.954552
-3.216015 1.646866 2.845766
-3.534117 1.513222 2.536274
-3.811714 1.236001 2.013091
-4.017080 0.788192 1.338135
-4.115709 0.172968 0.688357
-4.078713 -0.553380 0.342678
-3.894684 -1.273573 0.559368
-3.579739 -1.837993 1.374841
-3.177959 -2.128544 2.501427
-2.748696 -2.116855 3.481915
-2.347025 -1.869631 3.985572
-2.008893 -1.501229 3.963869
-1.747473 -1.117326 3.575407
-1.558402 -0.785485 3.025953
-1.427819 -0.534677 2.466847
-1.338891 -0.368052 1.974890
-1.275625 -0.275881 1.573599
-1.224532 -0.243794 1.260175
-1.175116 -0.256586 1.023950
-1.119898 -0.299384 0.855081
-1.054322 -0.357805 0.746417
-0.976651 -0.418133 0.691692
-0.887772 -0.467979 0.682688
-0.790831 -0.497372 0.707371
-0.690622 -0.499930 0.750217
-0.592795 -0.473587 0.794740
-0.502977 -0.420513 0.827067
-0.426009 -0.346194 0.838869
-0.365427 -0.257960 0.828431
-0.323241 -0.163451 0.799662
-0.300012 -0.069400 0.759795
-0.295103 0.019036 0.716828
-0.307020 0.098417 0.677519
-0.333734 0.166791 0.646261
-0.372941 0.223251 0.624760
-0.422217 0.267452 0.612253
-0.479091 0.299181 0.606023
-0.541032 0.318037 0.602016
-0.605397 0.323244 0.595487
-0.669342 0.313614 0.581691
-0.729755 0.287666 0.556664
-0.783222 0.243933 0.518115
-0.826075 0.181446 0.466412
-0.854559 0.100400 0.405471
-0.865133 0.002909 0.343195
-0.854933 -0.106324 0.290928
-0.822323 -0.219670 0.261482
-0.767468 -0.326915 0.265698
-0.692738 -0.416462 0.308388
-0.602801 -0.477332 0.385327
-0.504265 -0.501470 0.483162
-0.404893 -0.485587 0.582966
-0.312565 -0.431827 0.666262
-0.234241 -0.346982 0.720844
-0.175209 -0.240600 0.743878
-0.138763 -0.122736 0.741421
-0.126297 -0.002052 0.725320
-0.137713 0.115290 0.709324
-0.171960 0.225917 0.705925
-0.227568 0.328930 0.724576
-0.303084 0.425267 0.771206
-0.397366 0.516982 0.848540
-0.509738 0.606596 0.956767
-0.640029 0.696549 1.094176
-0.788512 0.788778 1.257571
-0.955766 0.884352 1.442352
-1.142470 0.983125 1.642189
-1.349117 1.083334 1.848286
-1.575646 1.181065 2.048213
-1.820936 1.269541 2.224428
-2.082154 1.338226 2.352856
-2.353903 1.371864 2.402376
-2.627201 1.349838 2.337010
-2.888435 1.246680 2.123782
-3.118642 1.035212 1.749801
-3.293844 0.694208 1.249510
-3.387475 0.221642 0.732888
-3.375841 -0.349247 0.387188
-3.246321 -0.940760 0.415121
-3.005517 -1.442724 0.908155
-2.682260 -1.751123 1.740164
-2.321550 -1.814940 2.604091
-1.971159 -1.657520 3.193887
-1.668113 -1.356892 3.372841
-1.431824 -1.004152 3.194396
-1.265111 -0.670426 2.806977
-1.159656 -0.395787 2.353304
-1.101877 -0.194417 1.923760
-1.077078 -0.065003 1.556504
-1.071617 0.000575 1.256383
-1.073714 0.012249 1.013906
-1.073582 -0.020107 0.817940
-1.063389 -0.086674 0.662086
-1.037331 -0.176908 0.546260
-0.991842 -0.278845 0.474794
-0.925905 -0.379086 0.452247
-0.841247 -0.463784 0.478463
-0.742262 -0.520531 0.545013
-0.635493 -0.540587 0.635012
-0.528710 -0.520599 0.726916
-0.429768 -0.463050 0.800775
-0.345513 -0.375246 0.843973
-0.281018 -0.267225 0.853917
-0.239272 -0.149410 0.836993
-0.221305 -0.030731 0.805011
-0.226603 0.082395 0.771091
-0.253639 0.186243 0.746484
-0.300381 0.279361 0.738870
-0.364674 0.361857 0.751948
-0.444476 0.434629 0.785799
-0.537945 0.498673 0.837531
-0.643400 0.554511 0.901896
-0.759180 0.601749 0.971713
-0.883421 0.638735 1.038123
-1.013784 0.662306 1.090783
-1.147132 0.667654 1.118235
-1.279206 0.648368 1.108818
-1.404331 0.596826 1.052582
-1.515258 0.505144 0.944660
-1.603280 0.366969 0.790127
-1.658793 0.180255 0.609297
-1.672503 -0.049267 0.440546
-1.637313 -0.304976 0.336035
-1.550632 -0.558610 0.346492
-1.416420 -0.773981 0.497331
-1.245976 -0.915704 0.768209
-1.056666 -0.960199 1.092730
-0.868682 -0.903599 1.384472
-0.700916 -0.762091 1.575040
-0.567572 -0.564752 1.639724
-0.476612 -0.343242 1.597654
-0.430136 -0.123479 1.493117
-0.425990 0.078159 1.373692
-0.459702 0.254565 1.276045
-0.526104 0.405411 1.221312
-0.620391 0.534158 1.216736
-0.738611 0.645532 1.259597
-0.877730 0.743732 1.340898
-1.035399 0.831278 1.447833
-1.209546 0.908290 1.564935
-1.397835 0.971977 1.674257
-1.597050 1.016236 1.755119
-1.802395 1.031342 1.784214
-2.006761 1.003944 1.737258
-2.200060 0.917808 1.593785
-2.368839 0.756095 1.346740
-2.496587 0.506085 1.016936
-2.565273 0.166773 0.667716
-2.558600 -0.242038 0.407175
-2.466876 -0.673745 0.360523
-2.292176 -1.059170 0.607577
-2.051210 -1.325389 1.116402
-1.773342 -1.423333 1.732784
-1.493530 -1.347972 2.254164
-1.243228 -1.137243 2.537192
-1.043612 -0.851718 2.554642
-0.903568 -0.550148 2.373261
-0.821792 -0.274283 2.093033
-0.790653 -0.045933 1.798031
-0.799795 0.128336 1.537213
-0.838508 0.250500 1.327218
-0.896860 0.325621 1.163506
-0.965947 0.358553 1.031356
-1.037691 0.352582 0.913922
-1.104503 0.309433 0.797592
-1.159060 0.230237 0.675616
-1.194330 0.117110 0.550509
-1.203963 -0.024965 0.434909
-1.183038 -0.186447 0.349743
-1.129072 -0.352459 0.318585
-1.043034 -0.503721 0.358490
-0.929948 -0.619618 0.470361
-0.798716 -0.682838 0.634182
-0.660977 -0.683957 0.813458
-0.529232 -0.623918 0.968072
-0.414801 -0.513205 1.069036
-0.326240 -0.368181 1.107313
-0.268641 -0.206360 1.093306
-0.243820 -0.042498 1.049484
-0.251105 0.113483 1.001319
-0.288358 0.256767 0.970580
-0.352918 0.386730 0.972267
-0.442305 0.505565 1.014441
-0.554645 0.616929 1.099573
-0.688849 0.724856 1.226253
-0.844603 0.832969 1.390578
-1.022230 0.943929 1.586951
-1.222454 1.059015 1.808204
-1.446083 1.177714 2.045030
-1.693600 1.297204 2.284752
-1.964636 1.411622 2.509495
-2.257262 1.511042 2.694007
-2.567052 1.580213 2.803875
-2.885892 1.597304 2.795805
-3.200592 1.533451 2.623282
-3.491609 1.354641 2.252634
-3.732592 1.028457 1.693974
-3.891972 0.538191 1.042662
-3.938122 -0.096359 0.504137
-3.848658 -0.800588 0.348994
-3.621620 -1.448309 0.764812
-3.282408 -1.901713 1.681248
-2.879882 -2.074203 2.750167
-2.471273 -1.971261 3.555579
-2.104204 -1.676762 3.868478
-1.805906 -1.301374 3.718462
-1.582904 -0.935857 3.282321
-1.427324 -0.632774 2.743927
-1.324307 -0.411319 2.224269
-1.257420 -0.270208 1.777998
-1.211575 -0.198749 1.417166
-1.174188 -0.183275 1.135044
-1.135467 -0.209773 0.921114
-1.088401 -0.264440 0.767522
-1.028728 -0.333561 0.669726
-0.954916 -0.403615 0.623995
-0.868065 -0.461990 0.624060
-0.771602 -0.498245 0.658879
-0.670710 -0.505501 0.712848
-0.571503 -0.481390 0.768579
-0.480107 -0.428094 0.811001
-0.401827 -0.351430 0.830865
-0.340569 -0.259268 0.826177
-0.298602 -0.159834 0.801245
-0.276634 -0.060358 0.764166
-0.274092 0.033677 0.723965
-0.289501 0.118704 0.688335
-0.320842 0.192799 0.662362
-0.365839 0.255192 0.648147
-0.422128 0.305715 0.645029
-0.487330 0.344308 0.650105
-0.559035 0.370637 0.658837
-0.634712 0.383838 0.665666
-0.711597 0.382414 0.664661
-0.786565 0.364295 0.650264
-0.856041 0.327079 0.618251
-0.915972 0.268519 0.566944
-0.961931 0.187250 0.498591
-0.989385 0.083759 0.420564
-0.994171 -0.038564 0.345695
-0.973171 -0.172571 0.290907
-0.925097 -0.307157 0.273486
-0.851210 -0.428175 0.305393
-0.755734 -0.520658 0.387531
-0.645705 -0.571964 0.507035
-0.530192 -0.574854 0.639992
-0.419010 -0.529263 0.759233
-0.321274 -0.442014 0.843686
-0.244219 -0.324606 0.884760
-0.192569 -0.190089 0.887265
-0.168534 -0.050191 0.865618
-0.172271 0.086504 0.838130
-0.202592 0.215150 0.822053
-0.257692 0.334297 0.830700
-0.335748 0.445051 0.872600
-0.435331 0.550111 0.951993
-0.555641 0.652906 1.069880
-0.696577 0.756924 1.225082
-0.858698 0.865215 1.415004
-1.043101 0.980034 1.635972
-1.251227 1.102529 1.883079
-1.484609 1.232384 2.149478
-1.744528 1.367331 2.425069
-2.031558 1.502400 2.694538
-2.344925 1.628839 2.934810
-2.681602 1.732640 3.112365
-3.035093 1.792819 3.181648
-3.393883 1.779999 3.087529
-3.739736 1.656643 2.777178
-4.046407 1.381511 2.228524
-4.279978 0.921927 1.497947
-4.402620 0.275925 0.769349
-4.381439 -0.501235 0.348877
-4.201554 -1.285428 0.535521
-3.877811 -1.912480 1.391079
-3.456177 -2.248835 2.609812
-3.000290 -2.258795 3.683273
-2.569847 -2.012720 4.238566
-2.203979 -1.634483 4.219702
-1.917140 -1.238387 3.802446
-1.704902 -0.896661 3.213130
-1.552782 -0.639416 2.616296
-1.443320 -0.468963 2.094529
-1.360158 -0.373937 1.672996
-1.289793 -0.338169 1.348779
-1.222065 -0.344808 1.110130
-1.150119 -0.377751 0.945097
-1.070209 -0.422068 0.843252
-0.981428 -0.464412 0.794218
-0.885319 -0.493747 0.785777
-0.785327 -0.502235 0.803275
-0.686085 -0.485944 0.830916
-0.592602 -0.444976 0.854380
-0.509507 -0.382896 0.863510
-0.440461 -0.305582 0.853808
-0.387834 -0.219854 0.826248
-0.352642 -0.132252 0.785681
-0.334692 -0.048219 0.738663
-0.332847 0.028253 0.691468
-0.345314 0.094579 0.648767
-0.369903 0.149296 0.613037
-0.404209 0.191673 0.584571
-0.445725 0.221346 0.561854
-0.491881 0.238016 0.542125
-0.540039 0.241284 0.522011
-0.587465 0.230605 0.498193
-0.631312 0.205391 0.468087
-0.668625 0.165249 0.430528
-0.696425 0.110343 0.386398
-0.711853 0.041843 0.339043
-0.712427 -0.037623 0.294254
-0.696363 -0.123643 0.259562
-0.662944 -0.209990 0.242711
-0.612852 -0.289037 0.249477
-0.548358 -0.352682 0.281460
-0.473295 -0.393656 0.334758
-0.392751 -0.406903 0.400365
-0.312512 -0.390599 0.466467
-0.238374 -0.346452 0.521860
-0.175477 -0.279176 0.559151
-0.127808 -0.195343 0.576492
-0.097972 -0.101998 0.577410
-0.087218 -0.005456 0.569171
-0.095678 0.089477 0.560550
-0.122697 0.179788 0.559865
-0.167194 0.264151 0.573680
-0.227959 0.342554 0.606247
-0.303874 0.415839 0.659483
-0.394035 0.485220 0.733224
-0.497780 0.551851 0.825526
-0.614642 0.616451 0.932879
-0.744224 0.678969 1.050240
-0.886018 0.738265 1.170874
-1.039151 0.791793 1.286018
-1.202070 0.835252 1.384486
-1.372160 0.862251 1.452452
-1.545296 0.864058 1.473837
-1.715373 0.829647 1.432055
-1.873899 0.746391 1.314063
-2.009842 0.601934 1.117580
-2.110008 0.387797 0.861070
-2.160338 0.104839 0.592980
-2.148404 -0.230540 0.392035
-2.066976 -0.582521 0.348161
-1.917760 -0.898871 0.521445
-1.713568 -1.123628 0.897571
-1.477193 -1.216197 1.375804
-1.236627 -1.166842 1.811054
-1.018414 -0.998821 2.085777
-0.842070 -0.756304 2.159232
-0.717675 -0.486668 2.065496
-0.646696 -0.227099 1.876374
-0.624663 0.000345 1.662593
-0.644092 0.186951 1.472561
-0.696707 0.332647 1.328716
-0.774682 0.441313 1.233164
-0.871061 0.517348 1.175403
-0.979644 0.563643 1.138657
-1.094574 0.580680 1.104203
-1.209836 0.566438 1.054377
-1.318801 0.516945 0.975244
-1.413948 0.427487 0.859774
-1.486889 0.294550 0.711727
-1.528878 0.118493 0.549314
-1.531876 -0.093412 0.406173
-1.490206 -0.324592 0.326075
-1.402472 -0.549057 0.349041
-1.273147 -0.735101 0.491823
-1.113007 -0.852878 0.732967
-0.937854 -0.883365 1.014794
-0.765662 -0.824414 1.265534
-0.613103 -0.690600 1.429587
-0.492735 -0.507146 1.487382
-0.411718 -0.301414 1.455306
-0.372130 -0.095977 1.370875
-0.372324 0.094692 1.275091
-0.408581 0.264171 1.200545
-0.476550 0.412133 1.167118
-0.572215 0.541855 1.182923
-0.692391 0.658040 1.247387
-0.834834 0.765211 1.354335
-0.998098 0.866650 1.494137
-1.181207 0.963694 1.654699
-1.383214 1.055204 1.821429
-1.602653 1.137046 1.976470
-1.836883 1.201493 2.097614
-2.081305 1.236590 2.157673
-2.328465 1.225709 2.125660
-2.567132 1.147886 1.971994
-2.781609 0.979993 1.680486
-2.951777 0.702224 1.268545
-3.054675 0.307971 0.810788
-3.068427 -0.183095 0.448596
-2.978644 -0.714867 0.357039
-2.785671 -1.198449 0.655335
-2.508969 -1.537551 1.304590
-2.184715 -1.667828 2.089314
-1.856161 -1.585253 2.730408
-1.561340 -1.342651 3.043984
-1.324459 -1.019355 3.012801
-1.154078 -0.687957 2.739711
-1.046554 -0.396502 2.357427
-0.991272 -0.167523 1.967015
-0.975045 -0.005742 1.621300
-0.984784 0.093259 1.335011
-1.008663 0.136964 1.101822
-1.036388 0.132918 0.908441
-1.059106 0.088007 0.743567
-1.069322 0.009105 0.602470
-1.061015 -0.095720 0.488218
-1.029991 -0.216098 0.409982
-0.974407 -0.338939 0.378715
-0.895254 -0.449194 0.401135
-0.796573 -0.531878 0.474144
-0.685157 -0.574930 0.582580
-0.569690 -0.571890 0.702178
-0.459453 -0.523285 0.807011
-0.362958 -0.436080 0.877867
-0.286851 -0.321458 0.907561
-0.235369 -0.191867 0.901186
-0.210356 -0.058409 0.872270
-0.211711 0.070748 0.837429
-0.238044 0.190840 0.811863
-0.287322 0.300122 0.806771
-0.357399 0.399039 0.828602
-0.446359 0.489287 0.879447
-0.552677 0.572965 0.957903
-0.675229 0.651870 1.059885
-0.813174 0.726957 1.179142
-0.965739 0.797887 1.307398
-1.131920 0.862616 1.434124
-1.310101 0.916990 1.546092
-1.497587 0.954324 1.626981
-1.690065 0.965058 1.657552
-1.881010 0.936689 1.617324
-2.061148 0.854399 1.488993
-2.218159 0.703059 1.266924
-2.336991 0.471349 0.969660
-2.401239 0.158348 0.652504
-2.396014 -0.218585 0.409791
-2.312226 -0.618452 0.352383
-2.151190 -0.979755 0.555498
-1.927363 -1.236118 1.000632
-1.666983 -1.340212 1.560654
-1.402142 -1.282731 2.056616
-1.162703 -1.093840 2.350629
-0.969805 -0.826961 2.403681
-0.833429 -0.536903 2.265612
-0.753810 -0.264710 2.024785
-0.724792 -0.033310 1.761614
-0.737208 0.149216 1.526787
-0.781268 0.283701 1.340533
-0.847783 0.374593 1.201370
-0.928507 0.426447 1.095929
-1.015959 0.442182 1.006550
-1.103033 0.422652 0.916481
-1.182626 0.367188 0.813600
-1.247447 0.274856 0.693503
-1.290145 0.146305 0.562093
-1.303836 -0.014044 0.436796
-1.283071 -0.196007 0.344629
-1.225104 -0.382719 0.315376
-1.131151 -0.551843 0.370102
-1.007143 -0.679449 0.509054
-0.863475 -0.745838 0.706154
-0.713577 -0.741126 0.915683
-0.571614 -0.667950 1.089465
-0.450065 -0.539947 1.195246
-0.357972 -0.376891 1.226206
-0.300294 -0.198905 1.198340
-0.278318 -0.022085 1.140095
-0.290697 0.143488 1.081252
-0.334672 0.293597 1.045608
-0.407119 0.428540 1.048316
-0.505281 0.551407 1.096475
-0.627167 0.666547 1.191125
-0.771682 0.778394 1.329346
-0.938557 0.890675 1.505782
-1.128150 1.005853 1.713397
-1.341149 1.124712 1.943409
-1.578197 1.245898 2.184462
-1.839400 1.365324 2.421079
-2.123708 1.475302 2.631563
-2.428077 1.563395 2.785814
-2.746390 1.611084 2.844189
-3.068127 1.592758 2.759879
-3.376950 1.476145 2.489097
-3.649688 1.226279 2.014539
-3.856699 0.815804 1.383803
-3.965090 0.243156 0.748697
-3.946080 -0.445649 0.362841
-3.785932 -1.146522 0.483059
-3.496104 -1.718515 1.185761
-3.115393 -2.040315 2.244740
-2.699731 -2.069163 3.235954
-2.304008 -1.855683 3.809439
-1.966561 -1.505535 3.871542
-1.703764 -1.124576 3.547753
-1.513861 -0.785311 3.034938
-1.384506 -0.522126 2.490489
-1.299434 -0.342119 2.000381
-1.242592 -0.237941 1.594561
-1.200064 -0.196633 1.273133
-1.160697 -0.203957 1.026149
-1.116181 -0.245792 0.843956
-1.061007 -0.308235 0.720280
-0.992429 -0.377559 0.650935
-0.910402 -0.440648 0.630686
-0.817357 -0.486031 0.650401
-0.717743 -0.505246 0.696169
-0.617299 -0.494000 0.751030
-0.522162 -0.452602 0.798640
-0.437983 -0.385431 0.827150
-0.369237 -0.299591 0.831543
-0.318846 -0.203233 0.813633
-0.288129 -0.104037 0.780101
-0.277002 -0.008209 0.739697
-0.284327 0.079909 0.700703
-0.308277 0.157742 0.669256
-0.346655 0.224067 0.648634
-0.397110 0.278484 0.639263
-0.457249 0.320903 0.639138
-0.524659 0.351117 0.644411
-0.596843 0.368508 0.650008
-0.671129 0.371887 0.650269
-0.744547 0.359494 0.639653
-0.813732 0.329176 0.613594
-0.874878 0.278770 0.569594
-0.923795 0.206726 0.508481
-0.956114 0.112956 0.435624
-0.967679 -0.000177 0.361545
-0.955124 -0.126975 0.301202
-0.916601 -0.257980 0.271206
-0.852495 -0.380481 0.285016
-0.765929 -0.480203 0.347369
-0.662814 -0.544048 0.450548
-0.551310 -0.563109 0.575096
-0.440739 -0.534869 0.695638
-0.340241 -0.463626 0.789506
-0.257519 -0.359006 0.844030
-0.198048 -0.233217 0.859316
-0.164844 -0.098164 0.846138
-0.158761 0.036690 0.820993
-0.179097 0.165317 0.801014
-0.224293 0.285106 0.800474
-0.292557 0.396219 0.829284
-0.382337 0.500700 0.893023
-0.492599 0.601602 0.993758
-0.622963 0.702267 1.131056
-0.773698 0.805783 1.302813
-0.945631 0.914580 1.505722
-1.139982 1.030107 1.735295
-1.358135 1.152492 1.985368
-1.601334 1.280114 2.247063
-1.870271 1.408971 2.507130
-2.164529 1.531756 2.745740
-2.481791 1.636583 2.933987
-2.816783 1.705455 3.032063
-3.159893 1.712824 2.990266
-3.495600 1.625288 2.757154
-3.801116 1.404447 2.301068
-4.046160 1.016007 1.649456
-4.195429 0.447779 0.936767
-4.215430 -0.265827 0.420858
-4.085833 -1.026530 0.402264
-3.811593 -1.685696 1.029416
-3.428044 -2.100197 2.124474
-2.992595 -2.202238 3.241839
-2.565697 -2.028503 3.958364
-2.192418 -1.686601 4.117354
-1.894366 -1.293806 3.826409
-1.672557 -0.934591 3.298549
-1.515403 -0.651189 2.715961
-1.406290 -0.454091 2.183343
-1.328460 -0.336370 1.740714
-1.267381 -0.284006 1.392070
-1.211554 -0.281207 1.127871
-1.152634 -0.312386 0.936963
-1.085330 -0.362627 0.810355
-1.007253 -0.417874 0.740383
-0.918695 -0.465477 0.718208
-0.822265 -0.495143 0.731875
-0.722300 -0.500010 0.766278
-0.624104 -0.477371 0.805236
-0.533096 -0.428680 0.834735
-0.454051 -0.358759 0.845794
-0.390553 -0.274445 0.835703
-0.344740 -0.183107 0.807332
-0.317329 -0.091431 0.767083
-0.307834 -0.004692 0.722456
-0.314877 0.073467 0.680051
-0.336501 0.140859 0.644363
-0.370428 0.196376 0.617369
-0.414227 0.239535 0.598679
-0.465401 0.270070 0.586006
-0.521390 0.287620 0.575769
-0.579542 0.291558 0.563750
-0.637044 0.280948 0.545780
-0.690877 0.254671 0.518481
-0.737799 0.211705 0.480091
-0.774412 0.151573 0.431293
-0.797323 0.074923 0.375897
-0.803435 -0.015845 0.321056
-0.790350 -0.116056 0.276601
-0.756854 -0.218572 0.253205
-0.703379 -0.314192 0.259449
-0.632316 -0.392758 0.298573
-0.548044 -0.444882 0.366271
-0.456582 -0.463847 0.450902
-0.364898 -0.447073 0.536559
-0.280009 -0.396600 0.607962
-0.208112 -0.318396 0.655094
-0.153945 -0.220781 0.675652
-0.120504 -0.112545 0.674688
-0.109119 -0.001357 0.662138
-0.119781 0.107199 0.649670
-0.151605 0.209916 0.648037
-0.203284 0.305730 0.665509
-0.273472 0.395203 0.707337
-0.361046 0.479907 0.775929
-0.465250 0.561839 0.871324
-0.585727 0.642921 0.991687
-0.722460 0.724582 1.133619
-0.875640 0.807402 1.292201
-1.045461 0.890763 1.460702
-1.231839 0.972453 1.629973
-1.434052 1.048189 1.787544
-1.650263 1.111026 1.916642
-1.876928 1.150702 1.995543
-2.108068 1.153086 1.998190
-2.334482 1.100164 1.897672
-2.543072 0.971332 1.674770
-2.716643 0.747172 1.333364
-2.834820 0.416833 0.920829
-2.876798 -0.011155 0.542730
-2.826342 -0.498231 0.349986
-2.678249 -0.973478 0.478657
-2.443662 -1.348508 0.957770
-2.150582 -1.549118 1.654753
-1.837651 -1.547165 2.328048
-1.543450 -1.370490 2.762353
-1.296748 -1.084592 2.874616
-1.112039 -0.761675 2.716434
-0.990780 -0.457364 2.403633
-0.925704 -0.203210 2.045516
-0.905358 -0.010728 1.711395
-0.917326 0.120612 1.429743
-0.949902 0.196457 1.201504
-0.992646 0.223331 1.014490
-1.036349 0.206891 0.854000
-1.072834 0.151917 0.709413
-1.094872 0.063327 0.577702
-1.096351 -0.052362 0.464462
-1.072743 -0.185683 0.382356
-1.021766 -0.323582 0.346679
-0.944069 -0.450064 0.368595
-0.843624 -0.548368 0.448202
-0.727561 -0.604284 0.570915
-0.605308 -0.609510 0.710023
-0.487181 -0.563623 0.835146
-0.382800 -0.473787 0.922613
-0.299778 -0.352329 0.962573
-0.243036 -0.213290 0.959939
-0.214784 -0.069296 0.930060
-0.215022 0.070397 0.892305
-0.242295 0.200494 0.864597
-0.294457 0.319231 0.860292
-0.369281 0.427419 0.887326
-0.464874 0.527368 0.948763
-0.579871 0.621935 1.043894
-0.713468 0.713760 1.169276
-0.865319 0.804695 1.319394
-1.035331 0.895339 1.486835
-1.223369 0.984613 1.661955
-1.428876 1.069284 1.832091
-1.650386 1.143391 1.980484
-1.884913 1.197557 2.085285
-2.127193 1.218315 2.119457
-2.368830 1.187786 2.053074
-2.597454 1.084409 1.860352
-2.796241 0.885922 1.533930
-2.944357 0.575978 1.106446
-3.019164 0.155002 0.671466
-3.000860 -0.347168 0.382675
-2.879224 -0.864448 0.404457
-2.660249 -1.304282 0.813982
-2.368674 -1.578133 1.517200
-2.043322 -1.639269 2.270099
-1.726293 -1.502192 2.814766
-1.451496 -1.229830 3.018626
-1.238110 -0.900697 2.907129
-1.090602 -0.579856 2.597400
-1.002929 -0.306787 2.214041
-0.963586 -0.097747 1.842402
-0.959454 0.045878 1.521929
-0.977942 0.129632 1.259338
-1.007810 0.160899 1.044894
-1.039269 0.146645 0.864814
-1.063852 0.093168 0.708838
-1.074351 0.006969 0.573956
-1.064986 -0.103942 0.465084
-1.031827 -0.228955 0.392939
-0.973360 -0.354559 0.369296
-0.890996 -0.465289 0.400658
-0.789254 -0.545989 0.482688
-0.675404 -0.584836 0.598436
-0.558512 -0.576041 0.722124
-0.448079 -0.521076 0.827310
-0.352641 -0.427850 0.895497
-0.278700 -0.308242 0.921060
-0.230247 -0.175015 0.910823
-0.208857 -0.039221 0.879650
-0.214198 0.091281 0.844847
-0.244721 0.212149 0.821727
-0.298323 0.322065 0.821239
-0.372869 0.421842 0.849436
-0.466515 0.513454 0.908027
-0.577859 0.599186 0.995310
-0.705928 0.680952 1.106998
-0.850046 0.759751 1.236701
-1.009611 0.835229 1.375996
-1.183780 0.905257 1.514104
-1.371068 0.965496 1.637315
-1.568865 1.008920 1.728427
-1.772848 1.025390 1.766762
-1.976336 1.001484 1.729739
-2.169675 0.921045 1.597464
-2.339854 0.767193 1.361915
-2.470753 0.526699 1.041004
-2.544557 0.197217 0.693432
-2.544812 -0.203772 0.422674
-2.461140 -0.632537 0.352935
-2.294394 -1.022106 0.570134
-2.059819 -1.299568 1.054664
-1.785596 -1.413068 1.663730
-1.506255 -1.353144 2.197190
-1.253684 -1.153882 2.504054
-1.050062 -0.874178 2.545978
-0.905387 -0.573267 2.382170
-0.819231 -0.294513 2.110828
-0.784503 -0.061406 1.818102
-0.791089 0.118302 1.556181
-0.828348 0.245980 1.344398
-0.886339 0.326515 1.179841
-0.956142 0.364809 1.048399
-1.029676 0.364236 0.933041
-1.099361 0.326510 0.819363
-1.157862 0.252540 0.699353
-1.198064 0.143948 0.574012
-1.213405 0.004952 0.454577
-1.198579 -0.155833 0.361305
-1.150543 -0.324363 0.318488
-1.069571 -0.481753 0.345628
-0.959989 -0.607007 0.447288
-0.830164 -0.681571 0.606891
-0.691515 -0.694181 0.789437
-0.556706 -0.643913 0.953513
-0.437544 -0.539946 1.066691
-0.343249 -0.398222 1.116047
-0.279573 -0.236652 1.109229
-0.248857 -0.070884 1.067726
-0.250758 0.088146 1.017525
-0.283277 0.234754 0.981694
-0.343743 0.367719 0.976653
-0.429576 0.488911 1.011641
-0.538759 0.601888 1.089942
-0.670058 0.710744 1.210637
-0.823037 0.819265 1.370110
-0.997938 0.930341 1.562964
-1.195453 1.045536 1.782267
-1.416421 1.164678 2.019093
-1.661435 1.285376 2.261385
-1.930330 1.402313 2.492184
-2.221508 1.506279 2.687451
-2.531035 1.582906 2.814085
-2.851477 1.611369 2.829647
-3.170521 1.563678 2.686815
-3.469621 1.406018 2.347456
-3.723314 1.104530 1.811351
-3.900373 0.638232 1.157618
-3.968310 0.019318 0.576079
-3.902159 -0.686720 0.337475
-3.695801 -1.359239 0.659028
-3.370226 -1.856739 1.519842
-2.971646 -2.079351 2.603688
-2.557678 -2.017087 3.481003
-2.178876 -1.745011 3.879125
-1.866211 -1.374239 3.791260
-1.629224 -1.001445 3.383298
-1.461749 -0.685684 2.846719
-1.349517 -0.450656 2.315025
-1.276016 -0.297345 1.852472
-1.225786 -0.215820 1.476194
-1.185811 -0.192431 1.181199
-1.145887 -0.212954 0.956914
-1.098635 -0.263390 0.794777
-1.039459 -0.329905 0.689557
-0.966509 -0.398900 0.637178
-0.880586 -0.457647 0.631448
-0.784852 -0.495488 0.661686
-0.684276 -0.505200 0.712679
-0.584844 -0.483973 0.767188
-0.492642 -0.433545 0.809909
-0.413014 -0.359364 0.831034
-0.349971 -0.269079 0.827873
-0.305910 -0.170854 0.804114
-0.281668 -0.071984 0.767451
-0.276780 0.021902 0.726760
-0.289843 0.107064 0.689792
-0.318883 0.181422 0.661815
-0.361631 0.244085 0.645166
-0.415721 0.294813 0.639428
-0.478756 0.333524 0.641925
-0.548310 0.359909 0.648328
-0.621846 0.373170 0.653277
-0.696612 0.371918 0.651031
-0.769518 0.354219 0.636211
-0.837054 0.317836 0.604729
-0.895266 0.260682 0.554952
-0.939856 0.181528 0.489003
-0.966441 0.080917 0.413872
-0.971005 -0.037840 0.341721
-0.950545 -0.167859 0.288578
-0.903813 -0.298499 0.270848
-0.832005 -0.416219 0.299991
-0.739148 -0.506665 0.377144
-0.631982 -0.557625 0.490494
-0.519222 -0.561956 0.617672
-0.410347 -0.519313 0.732922
-0.314221 -0.435960 0.815876
-0.237956 -0.322749 0.857739
-0.186275 -0.192189 0.862438
-0.161470 -0.055679 0.843280
-0.163826 0.078290 0.817625
-0.192281 0.204786 0.802131
-0.245127 0.322164 0.809866
-0.320594 0.431302 0.849370
-0.417262 0.534680 0.925025
-0.534298 0.635544 1.038000
-0.671536 0.737237 1.187254
-0.829447 0.842708 1.370274
-1.009020 0.954136 1.583412
-1.211576 1.072617 1.821749
-1.438519 1.197810 2.078440
-1.691003 1.327448 2.343466
-1.969477 1.456629 2.601785
-2.273064 1.576772 2.830950
-2.598690 1.674234 2.998631
-2.939912 1.728717 3.061282
-3.285449 1.711998 2.966731
-3.617588 1.588282 2.665738
-3.911016 1.318610 2.139040
-4.133213 0.872593 1.441968
-4.248112 0.249297 0.749553
-4.224509 -0.498017 0.350570
-4.048417 -1.251189 0.526819
-3.734112 -1.854102 1.339360
-3.325547 -2.178752 2.504745
-2.883813 -2.188992 3.543254
-2.466690 -1.949909 4.094164
-2.112575 -1.579550 4.093550
-1.836127 -1.188866 3.702499
-1.633518 -0.849414 3.137162
-1.490823 -0.592124 2.558300
-1.390924 -0.420555 2.048324
-1.317554 -0.324541 1.633225
-1.257079 -0.288938 1.310879
-1.199021 -0.297725 1.070310
-1.136067 -0.335365 0.900695
-1.063936 -0.387108 0.793323
-0.981198 -0.439290 0.739991
-0.888990 -0.480020 0.730573
-0.790568 -0.500196 0.751722
-0.690647 -0.494473 0.787637
-0.594590 -0.461724 0.822676
-0.507580 -0.404734 0.844549
-0.433937 -0.329164 0.846621
-0.376679 -0.242120 0.828389
-0.337375 -0.150750 0.794197
-0.316254 -0.061208 0.750979
-0.312457 0.021867 0.705948
-0.324362 0.095412 0.664904
-0.349868 0.157682 0.631354
-0.386626 0.207830 0.606339
-0.432167 0.245478 0.588725
-0.483966 0.270347 0.575743
-0.539426 0.282003 0.563611
-0.595839 0.279738 0.548198
-0.650330 0.262601 0.525736
-0.699821 0.229582 0.493572
-0.741054 0.179951 0.450979
-0.770694 0.113753 0.399909
-0.785540 0.032392 0.345463
-0.782857 -0.060797 0.295746
-0.760803 -0.160178 0.260736
-0.718894 -0.257869 0.250030
-0.658396 -0.344433 0.269818
-0.582510 -0.410220 0.320106
-0.496240 -0.447142 0.393538
-0.405909 -0.450368 0.476813
-0.318385 -0.419347 0.554508
-0.240213 -0.357784 0.613821
-0.176851 -0.272572 0.648216
-0.132200 -0.172103 0.658606
-0.108479 -0.064545 0.652063
-0.106407 0.043454 0.639070
-0.125586 0.147411 0.630641
-0.164947 0.245069 0.636200
-0.223165 0.336045 0.662498
-0.298981 0.421276 0.713401
-0.391404 0.502438 0.790192
-0.499810 0.581401 0.892034
-0.623928 0.659784 1.016377
-0.763753 0.738566 1.159142
-0.919384 0.817739 1.314637
-1.090789 0.895955 1.475153
-1.277501 0.970112 1.630288
-1.478214 1.034854 1.766085
-1.690278 1.082004 1.864293
-1.909081 1.100002 1.902350
-2.127331 1.073658 1.855247
-2.334375 0.984736 1.701027
-2.515782 0.814284 1.431806
-2.653659 0.547798 1.070573
-2.728344 0.183746 0.688397
-2.722035 -0.256089 0.407196
-2.624253 -0.719861 0.367253
-2.437601 -1.130832 0.654123
-2.180813 -1.409387 1.223355
-1.886200 -1.504401 1.894150
-1.591475 -1.414688 2.440695
-1.329674 -1.185453 2.714305
-1.122095 -0.883969 2.699006
-0.976692 -0.572670 2.477341
-0.890801 -0.294013 2.159895
-0.855484 -0.068873 1.834050
-0.859316 0.097495 1.547414
-0.890760 0.208114 1.313895
-0.939230 0.268742 1.126983
-0.995290 0.284821 0.971720
-1.050465 0.260468 0.833041
-1.096993 0.198853 0.701007
-1.127749 0.103429 0.573833
-1.136461 -0.020438 0.458976
-1.118255 -0.163929 0.371795
-1.070446 -0.313935 0.331094
-0.993367 -0.453594 0.351728
-0.890924 -0.564580 0.436454
-0.770532 -0.630819 0.571073
-0.642258 -0.642430 0.726579
-0.517300 -0.598232 0.868545
-0.406205 -0.505643 0.969329
-0.317379 -0.378066 1.016810
-0.256275 -0.230979 1.015900
-0.225349 -0.078331 0.983672
-0.224625 0.069704 0.941933
-0.252533 0.207407 0.910877
-0.306775 0.333015 0.905531
-0.385003 0.447635 0.934852
-0.485281 0.554048 1.002460
-0.606303 0.655658 1.107963
-0.747441 0.755693 1.248207
-0.908642 0.856607 1.418079
-1.090229 0.959633 1.610752
-1.292614 1.064363 1.817339
-1.515927 1.168272 2.025966
-1.759526 1.266089 2.220365
-2.021377 1.348968 2.378231
-2.297237 1.403499 2.469996
-2.579643 1.410810 2.459446
-2.856790 1.346394 2.308765
-3.111529 1.181918 1.991807
-3.321096 0.890936 1.518608
-3.458528 0.460320 0.967376
-3.496926 -0.093225 0.503580
-3.417019 -0.708494 0.347114
-3.216326 -1.281248 0.661207
-2.915269 -1.694038 1.413246
-2.554928 -1.866213 2.340190
-2.185424 -1.791244 3.093247
-1.850744 -1.532592 3.446898
-1.578299 -1.184815 3.387938
-1.377061 -0.832267 3.048381
-1.242063 -0.528601 2.588864
-1.160757 -0.297206 2.126144
-1.118130 -0.141252 1.718550
-1.099678 -0.053871 1.381879
-1.092696 -0.024760 1.110612
-1.086608 -0.043150 0.893606
-1.072978 -0.098399 0.722627
-1.045524 -0.179471 0.595213
-1.000270 -0.274285 0.513544
-0.935775 -0.369606 0.480753
-0.853302 -0.451850 0.496294
-0.756732 -0.508744 0.552371
-0.652099 -0.531382 0.633369
-0.546734 -0.515882 0.718974
-0.448186 -0.463943 0.789790
-0.363162 -0.382020 0.832810
-0.296755 -0.279453 0.844282
-0.252087 -0.166250 0.829135
-0.230370 -0.051244 0.797885
-0.231266 0.058993 0.762778
-0.253375 0.160419 0.734648
-0.294720 0.251201 0.721115
-0.353127 0.331077 0.726018
-0.426462 0.400620 0.749667
-0.512737 0.460576 0.789427
-0.610079 0.511305 0.840324
-0.716616 0.552351 0.895535
-0.830272 0.582132 0.946740
-0.948527 0.597732 0.984455
-1.068136 0.594837 0.998574
-1.184860 0.567873 0.979401
-1.293257 0.510483 0.919559
-1.386612 0.416526 0.817006
-1.457138 0.281766 0.678976
-1.496588 0.106284 0.525686
-1.497392 -0.102776 0.391291
-1.454305 -0.329095 0.318665
-1.366281 -0.547306 0.346014
-1.237971 -0.726747 0.488414
-1.080096 -0.838844 0.724138
-0.908156 -0.865664 0.997255
-0.739661 -0.805561 1.239089
-0.590792 -0.672893 1.396928
-0.473714 -0.492129 1.452603
-0.395372 -0.289712 1.422227
-0.357801 -0.087438 1.342052
-0.359437 0.100713 1.251709
-0.396719 0.268555 1.182855
-0.465480 0.415830 1.155015
-0.561897 0.545830 1.176437
-0.682977 0.663293 1.247007
-0.826690 0.772853 1.361228
-0.991830 0.878009 1.510290
-1.177718 0.980439 1.683048
-1.383786 1.079479 1.865969
-1.609057 1.171600 2.042285
-1.851507 1.249774 2.190687
-2.107297 1.302729 2.284178
-2.369849 1.314249 2.290305
-2.628823 1.263018 2.174852
-2.869205 1.124009 1.912118
-3.070938 0.872968 1.504517
-3.209919 0.495621 1.009577
-3.261319 0.001556 0.559995
-3.205813 -0.561995 0.346178
-3.037664 -1.107645 0.533710
-2.771125 -1.528481 1.140969
-2.440385 -1.739765 1.978369
-2.090953 -1.717428 2.737528
-1.766190 -1.504781 3.173805
-1.496227 -1.184268 3.222632
-1.294093 -0.838688 2.974444
-1.158452 -0.526585 2.575107
-1.079199 -0.277657 2.145888
-1.042608 -0.100057 1.755573
-1.034655 0.009871 1.428119
-1.042592 0.060346 1.161448
-1.055430 0.060360 0.943868
-1.063948 0.018547 0.764523
-1.060637 -0.056415 0.618462
-1.039815 -0.154814 0.507631
-0.997915 -0.265085 0.438712
-0.933886 -0.373745 0.418639
-0.849485 -0.466424 0.449176
-0.749270 -0.529913 0.522826
-0.640115 -0.554665 0.622334
-0.530260 -0.536791 0.724688
-0.428092 -0.478692 0.808057
-0.340960 -0.388041 0.858363
-0.274333 -0.275537 0.872502
-0.231454 -0.152328 0.857341
-0.213474 -0.027938 0.825828
-0.219900 0.090864 0.792430
-0.249187 0.200263 0.769615
-0.299287 0.298937 0.765995
-0.368071 0.387280 0.785912
-0.453595 0.466568 0.829867
-0.554191 0.538218 0.895247
-0.668439 0.603175 0.976974
-0.795018 0.661429 1.067914
-0.932477 0.711623 1.159021
-1.078932 0.750728 1.239310
-1.231703 0.773773 1.295885
-1.386906 0.773698 1.314397
-1.539043 0.741470 1.280513
-1.680660 0.666732 1.183140
-1.802221 0.539374 1.019994
-1.892421 0.352432 0.805207
-1.939227 0.106392 0.576435
-1.931859 -0.185897 0.395631
-1.863652 -0.495918 0.335890
-1.735132 -0.781140 0.451583
-1.556038 -0.994061 0.743068
-1.344897 -1.096949 1.141373
-1.125617 -1.075425 1.532532
-0.922174 -0.942892 1.811037
-0.753611 -0.733300 1.925655
-0.631263 -0.487344 1.889096
-0.558736 -0.240023 1.754944
-0.533782 -0.014358 1.585483
-0.550806 0.178805 1.429492
-0.603000 0.337556 1.314596
-0.683730 0.464884 1.249368
-0.787162 0.565308 1.229004
-0.908316 0.642590 1.240741
-1.042774 0.698407 1.267644
-1.186184 0.731698 1.290893
-1.333693 0.738489 1.291289
-1.479375 0.712130 1.250942
-1.615767 0.644080 1.156123
-1.733635 0.525519 1.002061
-1.822172 0.350124 0.799562
-1.869884 0.118098 0.581381
-1.866359 -0.159212 0.403308
-1.804868 -0.456022 0.333137
-1.685248 -0.733139 0.424402
-1.515934 -0.945673 0.683707
-1.313818 -1.056340 1.053713
-1.101356 -1.048532 1.431151
-0.901720 -0.931704 1.714002
-0.733955 -0.735939 1.846316
-0.610041 -0.499555 1.832239
-0.534519 -0.256988 1.718190
-0.506051 -0.031934 1.563201
-0.519760 0.163645 1.416344
-0.569342 0.326884 1.307478
-0.648518 0.460248 1.247945
-0.751749 0.568209 1.235471
-0.874387 0.654876 1.259308
-1.012439 0.722545 1.303969
-1.162124 0.770901 1.351425
-1.319301 0.796661 1.382334
-1.478870 0.793541 1.377131
-1.634203 0.752637 1.318003
-1.776707 0.663478 1.192772
-1.895709 0.516168 1.001374
-1.978898 0.305015 0.764196
-2.013662 0.033567 0.528624
-1.989466 -0.280181 0.366460
-1.901069 -0.601275 0.354178
-1.751661 -0.881723 0.536397
-1.554390 -1.072535 0.890563
-1.330919 -1.140244 1.322374
-1.106939 -1.079236 1.705552
-0.906325 -0.912294 1.942327
-0.746413 -0.679519 2.002047
-0.636073 -0.423065 1.917260
-0.576542 -0.175806 1.751900
-0.563814 0.042807 1.568642
-0.591233 0.225199 1.410868
-0.651486 0.371594 1.299287
-0.737729 0.485866 1.236473
-0.843988 0.572416 1.213294
-0.965051 0.634217 1.214230
-1.096067 0.671807 1.220897
-1.232016 0.682931 1.214289
-1.367154 0.662692 1.176677
-1.494547 0.604240 1.094129
-1.605805 0.500158 0.960433
-1.691183 0.344823 0.782492
-1.740268 0.137801 0.585734
-1.743412 -0.112168 0.415763
-1.693910 -0.384057 0.330794
-1.590523 -0.644680 0.381524
-1.439451 -0.854241 0.583647
-1.254646 -0.977058 0.899361
-1.055780 -0.993359 1.245557
-0.864267 -0.905877 1.529396
-0.698849 -0.737447 1.689267
-0.572461 -0.521381 1.714816
-0.491273 -0.290361 1.638522
-0.455656 -0.068882 1.511753
-0.462137 0.129147 1.382626
-0.505420 0.298954 1.284310
-0.579914 0.441794 1.233077
-0.680615 0.561809 1.231563
-0.803426 0.663594 1.273260
-0.945071 0.750575 1.346144
-1.102760 0.824015 1.434877
-1.273683 0.882420 1.521767
-1.454425 0.921157 1.587068
-1.640311 0.932265 1.609374
-1.824750 0.904563 1.567157
-1.998643 0.824423 1.442797
-2.150079 0.677789 1.230310
-2.264605 0.454158 0.946797
-2.326522 0.152798 0.643934
-2.321586 -0.209857 0.410025
-2.241024 -0.595142 0.349438
-2.085883 -0.944902 0.534671
-1.869692 -1.195805 0.952082
-1.617315 -1.301636 1.485845
-1.359518 -1.251568 1.967905
-1.125341 -1.072489 2.264086
-0.935784 -0.814537 2.331267
-0.801234 -0.530498 2.212046
-0.722586 -0.260843 1.989211
-0.694354 -0.028841 1.740985
-0.707939 0.156804 1.518483
-0.753999 0.296429 1.343495
-0.823722 0.394228 1.216103
-0.909206 0.454690 1.123898
-1.003307 0.480704 1.049290
-1.099240 0.472943 0.974532
-1.190153 0.430177 0.885327
-1.268838 0.350328 0.773956
-1.327723 0.232165 0.642308
-1.359260 0.077532 0.504263
-1.356774 -0.106280 0.385718
-1.315751 -0.304792 0.319922
-1.235306 -0.496418 0.336868
-1.119365 -0.655372 0.449082
-0.976972 -0.757389 0.640862
-0.821302 -0.786455 0.869283
-0.667483 -0.739567 1.079386
-0.529870 -0.627072 1.226055
-0.419731 -0.468518 1.289949
-0.344035 -0.286269 1.279804
-0.305490 -0.099808 1.223129
-0.303484 0.077470 1.153121
-0.335404 0.238836 1.098556
-0.397868 0.383056 1.079077
-0.487641 0.512537 1.104889
-0.602182 0.631518 1.178698
-0.739860 0.744652 1.298138
-0.899929 0.856019 1.457721
-1.082344 0.968460 1.649933
-1.287465 1.083101 1.865457
-1.515668 1.198897 2.092544
-1.766857 1.312064 2.315653
-2.039842 1.415295 2.513554
-2.331534 1.496709 2.657356
-2.635912 1.538679 2.709577
-2.942777 1.516977 2.626565
-3.236447 1.401316 2.368185
-3.494859 1.159196 1.919621
-3.689973 0.765571 1.326484
-3.790834 0.219649 0.730217
-3.770446 -0.435165 0.365453
-3.615903 -1.101640 0.470790
-3.337843 -1.647831 1.122230
-2.972637 -1.958586 2.118353
-2.573207 -1.990505 3.068129
-2.192196 -1.787853 3.637035
-1.867142 -1.449032 3.723117
-1.614820 -1.075515 3.434091
-1.434397 -0.738805 2.953696
-1.314426 -0.474275 2.434272
-1.239265 -0.290609 1.961650
-1.193167 -0.181993 1.566952
-1.162235 -0.136826 1.251043
-1.135073 -0.142117 1.004155
-1.102890 -0.184892 0.816835
-1.059482 -0.252175 0.683773
-1.001269 -0.330699 0.602970
-0.927346 -0.407079 0.572476
-0.839425 -0.468713 0.586711
-0.741542 -0.505260 0.634321
-0.639440 -0.510188 0.698830
-0.539701 -0.481755 0.762038
-0.448770 -0.422964 0.808652
-0.372100 -0.340460 0.829980
-0.313597 -0.242784 0.825178
-0.275420 -0.138559 0.799912
-0.258116 -0.035127 0.763465
-0.260954 0.062151 0.725669
-0.282342 0.149976 0.694598
-0.320206 0.226752 0.675378
-0.372275 0.292022 0.669910
-0.436253 0.345868 0.677185
-0.509868 0.388382 0.693837
-0.590831 0.419252 0.714745
-0.676728 0.437482 0.733601
-0.764862 0.441253 0.743493
-0.852092 0.427940 0.737614
-0.934686 0.394332 0.710249
-1.008249 0.337109 0.658174
-1.067776 0.253644 0.582431
-1.107898 0.143147 0.490176
-1.123385 0.008043 0.395806
-1.109927 -0.144712 0.320117
-1.065121 -0.302982 0.286309
-0.989470 -0.450128 0.312722
-0.887059 -0.567493 0.404436
-0.765584 -0.638402 0.548052
-0.635511 -0.652438 0.713828
-0.508512 -0.608228 0.865654
-0.395605 -0.513446 0.974250
-0.305577 -0.382085 1.026731
-0.244127 -0.230315 1.028367
-0.213834 -0.072653 0.997429
-0.214749 0.080427 0.957236
-0.245308 0.223201 0.929410
-0.303236 0.354163 0.930161
-0.386286 0.474878 0.969424
-0.492729 0.588740 1.051747
-0.621604 0.699913 1.177813
-0.772793 0.812542 1.345887
-0.946959 0.930214 1.552829
-1.145396 1.055593 1.794538
-1.369811 1.190114 2.065795
-1.622047 1.333633 2.359455
-1.903722 1.483913 2.664922
-2.215730 1.635806 2.965862
-2.557547 1.780026 3.237170
-2.926239 1.901433 3.441636
-3.315085 1.976963 3.527654
-3.711800 1.973767 3.431334
-4.096511 1.849121 3.089518
-4.440146 1.555157 2.472750
-4.704610 1.052843 1.642511
-4.846968 0.338066 0.811838
-4.829650 -0.526612 0.340038
-4.635745 -1.398225 0.573548
-4.282501 -2.089075 1.566459
-3.822278 -2.451679 2.938281
-3.326069 -2.454938 4.098057
-2.858538 -2.186389 4.648723
-2.460231 -1.786245 4.567182
-2.144548 -1.376659 4.073715
-1.905260 -1.030104 3.420902
-1.726453 -0.773400 2.780463
-1.589986 -0.604982 2.233102
-1.479544 -0.510189 1.800247
-1.382249 -0.470333 1.475677
-1.288989 -0.466859 1.244392
-1.194208 -0.482912 1.090401
-1.095495 -0.503990 0.998274
-0.993060 -0.518456 0.952505
-0.889110 -0.518085 0.937088
-0.787120 -0.498425 0.936285
-0.691080 -0.458765 0.936376
-0.604788 -0.401567 0.927499
-0.531315 -0.331477 0.904689
-0.472679 -0.254164 0.867672
-0.429753 -0.175269 0.819612
-0.402349 -0.099668 0.765370
-0.389413 -0.031107 0.709876
-0.389263 0.027842 0.656993
-0.399802 0.075600 0.608972
-0.418699 0.111319 0.566409
-0.443501 0.134606 0.528546
-0.471703 0.145316 0.493753
-0.500788 0.143441 0.460077
-0.528248 0.129098 0.425802
-0.551618 0.102627 0.389946
-0.568538 0.064762 0.352675
-0.576852 0.016861 0.315524
-0.574758 -0.038877 0.281365
-0.560989 -0.099263 0.254013
-0.535019 -0.160131 0.237442
-0.497231 -0.216575 0.234732
-0.449029 -0.263430 0.246991
-0.392817 -0.295955 0.272646
-0.331845 -0.310565 0.307462
-0.269911 -0.305435 0.345401
-0.210976 -0.280787 0.380126
-0.158757 -0.238778 0.406621
-0.116383 -0.183022 0.422369
-0.086172 -0.117894 0.427741
-0.069554 -0.047808 0.425577
-0.067119 0.023356 0.420239
-0.078767 0.092609 0.416513
-0.103900 0.157950 0.418675
-0.141612 0.218286 0.429873
-0.190852 0.273207 0.451829
-0.250534 0.322718 0.484793
-0.319588 0.366946 0.527625
-0.396961 0.405879 0.577931
-0.481561 0.439119 0.632194
-0.572166 0.465694 0.685871
-0.667283 0.483898 0.733509
-0.765000 0.491196 0.768921
-0.862811 0.484207 0.785563
-0.957459 0.458839 0.777258
-1.044824 0.410635 0.739438
-1.119911 0.335447 0.671006
-1.177014 0.230524 0.576645
-1.210137 0.095990 0.468949
-1.213735 -0.063475 0.369059
-1.183775 -0.237308 0.304099
-1.118950 -0.408915 0.300232
-1.021742 -0.557510 0.372424
-0.898887 -0.662163 0.515242
-0.760881 -0.707072 0.700769
-0.620482 -0.686001 0.887057
-0.490575 -0.603815 1.033892
-0.382115 -0.474383 1.117441
-0.302751 -0.315988 1.136293
-0.256458 -0.146368 1.107592
-0.244027 0.020791 1.057688
-0.264052 0.177289 1.012952
-0.314021 0.320096 0.994069
-0.391233 0.450108 1.014182
-0.493431 0.570645 1.079611
-0.619154 0.686129 1.191650
-0.767850 0.801099 1.348408
-0.939828 0.919537 1.546157
-1.136098 1.044423 1.780025
-1.358141 1.177400 2.043973
-1.607600 1.318412 2.330062
-1.885898 1.465194 2.626958
-2.193721 1.612471 2.917655
-2.530301 1.750750 3.176509
-2.892415 1.864655 3.366056
-3.273012 1.930955 3.435088
-3.659463 1.916899 3.321440
-4.031627 1.780480 2.965953
-4.360411 1.475676 2.346165
-4.608221 0.966894 1.532475
-4.733468 0.254867 0.743536
-4.700904 -0.593355 0.331510
-4.496522 -1.434126 0.617456
-4.139971 -2.085672 1.624224
-3.684257 -2.411312 2.961293
-3.198888 -2.389321 4.060093
-2.745782 -2.110037 4.557225
-2.362837 -1.710406 4.448103
-2.061735 -1.307266 3.951670
-1.835511 -0.968907 3.310185
-1.668150 -0.719983 2.685769
-1.541675 -0.558317 2.153448
-1.439963 -0.469450 1.732327
-1.350256 -0.435171 1.415870
-1.263466 -0.437365 1.189800
-1.173991 -0.459414 1.039327
-1.079351 -0.486781 0.950335
-0.979725 -0.507543 0.908416
-0.877362 -0.513006 0.898175
-0.775881 -0.498216 0.903869
-0.679508 -0.462049 0.911234
-0.592342 -0.406752 0.909595
-0.517774 -0.336984 0.893220
-0.458122 -0.258611 0.861369
-0.414504 -0.177587 0.817122
-0.386914 -0.099121 0.765582
-0.374413 -0.027254 0.712103
-0.375384 0.035219 0.661004
-0.387758 0.086571 0.614903
-0.409207 0.125863 0.574612
-0.437268 0.152634 0.539406
-0.469411 0.166668 0.507511
-0.503078 0.167843 0.476676
-0.535687 0.156103 0.444758
-0.564663 0.131541 0.410294
-0.587476 0.094574 0.372987
-0.601731 0.046205 0.334059
-0.605319 -0.011705 0.296346
-0.596607 -0.076205 0.264030
-0.574670 -0.143172 0.241902
-0.539515 -0.207462 0.234217
-0.492245 -0.263353 0.243363
-0.435108 -0.305262 0.268778
-0.371382 -0.328610 0.306602
-0.305093 -0.330605 0.350354
-0.240602 -0.310733 0.392536
-0.182142 -0.270781 0.426616
-0.133387 -0.214400 0.448688
-0.097161 -0.146340 0.458238
-0.075296 -0.071593 0.457893
-0.068667 0.005337 0.452409
-0.077338 0.080913 0.447372
-0.100780 0.152747 0.448018
-0.138099 0.219537 0.458421
-0.188228 0.280843 0.481087
-0.250077 0.336777 0.516856
-0.322604 0.387671 0.564996
-0.404827 0.433772 0.623355
-0.495786 0.474955 0.688495
-0.594435 0.510487 0.755772
-0.699503 0.538819 0.819384
-0.809316 0.557419 0.872428
-0.921584 0.562675 0.907107
-1.033187 0.549901 0.915274
-1.139975 0.513563 0.889553
-1.236651 0.447824 0.825317
-1.316801 0.347608 0.723574
-1.373208 0.210258 0.594376
-1.398545 0.037737 0.459414
-1.386529 -0.161113 0.351425
-1.333463 -0.369252 0.307781
-1.239821 -0.562383 0.357628
-1.111345 -0.713107 0.506669
-0.959009 -0.797739 0.728517
-0.797553 -0.803318 0.970792
-0.642875 -0.731452 1.175398
-0.509161 -0.597000 1.301795
-0.406748 -0.422448 1.339876
-0.341299 -0.230959 1.307421
-0.314242 -0.041066 1.237465
-0.323982 0.135697 1.164585
-0.367317 0.294580 1.116024
-0.440640 0.435949 1.108638
-0.540756 0.563247 1.149790
-0.665317 0.681207 1.239867
-0.812933 0.794527 1.374783
-0.983075 0.906988 1.547758
-1.175827 1.020858 1.750130
-1.391538 1.136435 1.971249
-1.630378 1.251553 2.197521
-1.891786 1.360932 2.410778
-2.173761 1.455274 2.586259
-2.471946 1.520142 2.690935
-2.778491 1.534857 2.683803
-3.080741 1.472149 2.521169
-3.360053 1.299990 2.171548
-3.591378 0.987903 1.644129
-3.744755 0.520053 1.026910
-3.790102 -0.085493 0.510083
-3.705871 -0.759565 0.346749
-3.489547 -1.384010 0.719040
-3.164429 -1.827589 1.574616
-2.776502 -2.004372 2.597633
-2.380656 -1.914207 3.393192
-2.023600 -1.633269 3.728479
-1.732992 -1.267003 3.614765
-1.516444 -0.904752 3.212915
-1.367171 -0.600169 2.700086
-1.271082 -0.374320 2.197225
-1.212144 -0.227640 1.761108
-1.175363 -0.150801 1.405450
-1.148003 -0.131264 1.124131
-1.119904 -0.156046 0.906658
-1.083489 -0.212263 0.745435
-1.033772 -0.286855 0.637091
-0.968413 -0.366449 0.580242
-0.887741 -0.437861 0.571759
-0.794607 -0.489307 0.603568
-0.693944 -0.512008 0.661688
-0.592024 -0.501561 0.728268
-0.495505 -0.458485 0.785822
-0.410486 -0.387665 0.821724
-0.341772 -0.296880 0.830896
-0.292476 -0.194943 0.815805
-0.263988 -0.090042 0.784223
-0.256219 0.011333 0.746086
-0.267989 0.104789 0.710681
-0.297440 0.187876 0.684846
-0.342380 0.259607 0.672230
-0.400517 0.319857 0.673343
-0.469569 0.368785 0.686014
-0.547275 0.406349 0.705985
-0.631313 0.431951 0.727495
-0.719169 0.444222 0.743839
-0.807968 0.440942 0.747992
-0.894312 0.419142 0.733419
-0.974164 0.375435 0.695242
-1.042811 0.306626 0.631837
-1.095000 0.210680 0.546741
-1.125293 0.088012 0.450345
-1.128698 -0.057090 0.360344
-1.101569 -0.215338 0.299613
-1.042641 -0.372279 0.290589
-0.953952 -0.509770 0.346943
-0.841275 -0.609262 0.465840
-0.713769 -0.656199 0.625542
-0.582765 -0.643909 0.791382
-0.459980 -0.575267 0.928208
-0.355685 -0.461370 1.012980
-0.277404 -0.317902 1.041162
-0.229421 -0.160873 1.024959
-0.213079 -0.003308 0.986191
-0.227563 0.146387 0.948372
-0.270853 0.284484 0.931158
-0.340581 0.411033 0.948013
-0.434665 0.528607 1.006296
-0.551685 0.641100 1.108589
-0.691052 0.752778 1.254276
-0.853009 0.867612 1.440829
-1.038525 0.988820 1.664590
-1.249108 1.118543 1.920937
-1.486565 1.257536 2.203838
-1.752677 1.404749 2.504707
-2.048789 1.556692 2.810527
-2.375219 1.706432 3.101183
-2.730442 1.842140 3.346194
-3.109918 1.945166 3.501604
-3.504518 1.987959 3.509204
-3.898591 1.932767 3.302810
-4.268015 1.733360 2.829640
-4.579205 1.343588 2.095225
-4.790893 0.737116 1.227506
-4.861026 -0.062033 0.517770
-4.759832 -0.952275 0.349968
-4.485512 -1.761142 0.965792
-4.073031 -2.308105 2.209180
-3.586572 -2.495190 3.550483
-3.097129 -2.352886 4.446657
-2.659217 -2.003964 4.678782
-2.299987 -1.586888 4.367307
-2.022233 -1.201426 3.770130
-1.813963 -0.896481 3.107845
-1.657491 -0.683110 2.506124
-1.535220 -0.551975 2.012903
-1.432373 -0.485720 1.633220
-1.337871 -0.465407 1.355103
-1.244342 -0.473179 1.162597
-1.147786 -0.493238 1.039989
-1.047114 -0.512382 0.971910
-0.943574 -0.520539 0.942597
-0.840069 -0.511260 0.935999
-0.740415 -0.481917 0.937094
-0.648586 -0.433414 0.933808
-0.568087 -0.369394 0.918562
-0.501511 -0.295136 0.888731
-0.450329 -0.216408 0.845884
-0.414887 -0.138555 0.794215
-0.394555 -0.065935 0.738794
-0.387950 -0.001721 0.684145
-0.393167 0.052018 0.633395
-0.407979 0.094090 0.587983
-0.429984 0.123892 0.547808
-0.456700 0.141173 0.511630
-0.485614 0.145861 0.477596
-0.514208 0.138002 0.443801
-0.539991 0.117804 0.408823
-0.560540 0.085770 0.372188
-0.573576 0.042905 0.334702
-0.577093 -0.009056 0.298564
-0.569522 -0.067452 0.267166
-0.549926 -0.128612 0.244514
-0.518196 -0.187974 0.234293
-0.475197 -0.240435 0.238756
-0.422820 -0.280946 0.257778
-0.363903 -0.305232 0.288459
-0.302000 -0.310493 0.325548
-0.241036 -0.295874 0.362663
-0.184900 -0.262560 0.393916
-0.137065 -0.213481 0.415387
-0.100288 -0.152704 0.425946
-0.076464 -0.084706 0.427238
-0.066605 -0.013701 0.422962
-0.070950 0.056831 0.417813
-0.089136 0.124374 0.416427
-0.120395 0.187382 0.422593
-0.163736 0.245120 0.438796
-0.218080 0.297413 0.466046
-0.282345 0.344357 0.503913
-0.355473 0.386043 0.550641
-0.436402 0.422301 0.603286
-0.523990 0.452481 0.657829
-0.616904 0.475276 0.709279
-0.713471 0.488593 0.751806
-0.811515 0.489488 0.778995
-0.908190 0.474218 0.784366
-0.999837 0.438460 0.762331
-1.081913 0.377803 0.709724
-1.149052 0.288617 0.627924
-1.195345 0.169326 0.525187
-1.214904 0.022039 0.418258
-1.202772 -0.145866 0.331689
-1.156072 -0.320864 0.293227
-1.075210 -0.484000 0.324984
-0.964697 -0.613833 0.432988
-0.833188 -0.691251 0.600689
-0.692490 -0.704636 0.791853
-0.555686 -0.653103 0.963315
-0.434951 -0.546272 1.081344
-0.339760 -0.400748 1.132759
-0.275987 -0.235088 1.125970
-0.245983 -0.065382 1.083758
-0.249351 0.097261 1.033414
-0.284032 0.247234 0.999019
-0.347329 0.383569 0.997673
-0.436696 0.508499 1.039064
-0.550233 0.626011 1.126873
-0.686912 0.740686 1.260672
-0.846609 0.856860 1.437578
-1.029996 0.978085 1.653286
-1.238343 1.106745 1.902429
-1.473254 1.243730 2.178221
-1.736329 1.388020 2.471361
-2.028720 1.536048 2.768176
-2.350536 1.680725 3.047982
-2.700001 1.810014 3.279915
-3.072281 1.905072 3.420058
-3.457932 1.938300 3.411137
-3.841007 1.872302 3.189573
-4.197235 1.662014 2.707745
-4.493239 1.263762 1.978958
-4.688607 0.655208 1.138845
-4.743040 -0.134919 0.479078
-4.629334 -1.002181 0.368119
-4.348352 -1.776480 1.018215
-3.936611 -2.285760 2.250722
-3.457853 -2.442444 3.542531
-2.980900 -2.283098 4.380873
-2.557553 -1.929891 4.573706
-2.212842 -1.516698 4.248866
-1.948423 -1.138528 3.657189
-1.751955 -0.841276 3.009006
-1.605821 -0.634773 2.422631
-1.492609 -0.509580 1.942345
-1.397697 -0.448725 1.572078
-1.310063 -0.433744 1.300142
-1.222312 -0.447123 1.111562
-1.130375 -0.473166 0.991884
-1.033099 -0.498506 0.926958
-0.931724 -0.512686 0.901892
-0.829240 -0.508755 0.900948
-0.729644 -0.483612 0.908821
-0.637177 -0.437834 0.912733
-0.555654 -0.374957 0.904283
-0.487977 -0.300360 0.880206
-0.435888 -0.220070 0.841784
-0.399948 -0.139755 0.793288
-0.379673 -0.064089 0.740129
-0.373771 0.003493 0.687278
-0.380379 0.060740 0.638277
-0.397289 0.106341 0.594865
-0.422094 0.139621 0.557071
-0.452294 0.160263 0.523606
-0.485346 0.168107 0.492401
-0.518678 0.163065 0.461197
-0.549713 0.145141 0.428121
-0.575890 0.114561 0.392224
-0.594737 0.071999 0.353913
-0.603981 0.018842 0.315191
-0.601722 -0.042544 0.279590
-0.586647 -0.108642 0.251686
-0.558259 -0.174812 0.236144
-0.517082 -0.235571 0.236456
-0.464775 -0.285184 0.253668
