1.412234 0.689108 7.690803
1.415155 0.770527 7.384199
1.412069 0.830952 7.106982
1.405660 0.873926 6.852425
1.398069 0.902617 6.615536
1.391005 0.919810 6.392720
1.385829 0.927927 6.181470
1.383618 0.929057 5.980103
1.385224 0.924980 5.787547
1.391316 0.917206 5.603167
1.402419 0.907002 5.426634
1.418947 0.895421 5.257822
1.441230 0.883335 5.096740
1.469541 0.871458 4.943474
1.504107 0.860370 4.798162
1.545136 0.850544 4.660966
1.592818 0.842362 4.532063
1.647345 0.836138 4.411646
1.708910 0.832132 4.299924
1.777716 0.830567 4.197125
1.853979 0.831644 4.103517
1.937924 0.835552 4.019414
2.029790 0.842484 3.945197
2.129823 0.852648 3.881343
2.238267 0.866278 3.828445
2.355363 0.883651 3.787257
2.481329 0.905100 3.758740
2.616347 0.931033 3.744124
2.760536 0.961953 3.744998
2.913921 0.998492 3.763419
3.076386 1.041444 3.802080
3.247607 1.091816 3.864533
3.426959 1.150894 3.955520
3.613382 1.220337 4.081447
3.805171 1.302305 4.251104
3.999679 1.399637 4.476749
4.192827 1.516100 4.775789
4.378351 1.656738 5.173428
4.546541 1.828312 5.706832
4.682140 2.039817 6.431633
4.760754 2.302780 7.431387
4.742794 2.630369 8.828373
4.564115 3.032206 10.782906
4.126118 3.496641 13.428956
3.305276 3.946657 16.609960
2.039346 4.183251 19.367364
0.500071 3.950834 20.111407
-0.927996 3.211195 18.503185
-1.990113 2.211199 15.977294
-2.688003 1.205481 13.807612
-3.118566 0.310524 12.383384
-3.360110 -0.453246 11.665943
-3.451972 -1.101667 11.535539
-3.403221 -1.655373 11.888438
-3.203931 -2.124943 12.626606
-2.837492 -2.501902 13.607835
-2.298362 -2.754457 14.591393
-1.614414 -2.835912 15.244719
-0.857994 -2.712802 15.283150
-0.124653 -2.397042 14.664318
0.509888 -1.948225 13.608562
1.014460 -1.442510 12.416578
1.394427 -0.941388 11.304724
1.671391 -0.481157 10.371367
1.868740 -0.077311 9.635495
2.005722 0.267411 9.079104
2.096449 0.556638 8.672486
2.150726 0.796472 8.385484
2.175228 0.993414 8.191274
2.174534 1.153386 8.066931
2.151923 1.281351 7.992901
2.109954 1.381256 7.952263
2.050887 1.456129 7.930168
1.976969 1.508272 7.913532
1.890613 1.539484 7.890999
1.794469 1.551301 7.853107
1.691416 1.545208 7.792550
1.584464 1.522812 7.704420
1.476618 1.485944 7.586305
1.370709 1.436691 7.438184
1.269245 1.377354 7.262102
1.174298 1.310356 7.061674
1.087439 1.238122 6.841509
1.009737 1.162957 6.606649
0.941797 1.086945 6.362095
0.883828 1.011871 6.112467
0.835733 0.939194 5.861790
0.797197 0.870036 5.613406
0.767762 0.805200 5.369968
0.746900 0.745210 5.133492
0.734063 0.690353 4.905439
0.728720 0.640723 4.686808
0.730388 0.596269 4.478225
0.738644 0.556832 4.280026
0.753136 0.522179 4.092323
0.773590 0.492033 3.915067
0.799803 0.466091 3.748089
0.831650 0.444047 3.591136
0.869074 0.425599 3.443903
0.912088 0.410460 3.306049
0.960764 0.398365 3.177219
1.015237 0.389075 3.057050
1.075698 0.382377 2.945188
1.142392 0.378088 2.841288
1.215618 0.376053 2.745026
1.295725 0.376148 2.656102
1.383113 0.378276 2.574243
1.478231 0.382370 2.499211
1.581581 0.388391 2.430801
1.693713 0.396331 2.368856
1.815231 0.406211 2.313263
1.946791 0.418083 2.263966
2.089103 0.432035 2.220974
2.242931 0.448193 2.184372
2.409094 0.466726 2.154336
2.588468 0.487855 2.131158
2.781980 0.511861 2.115269
2.990611 0.539104 2.107283
3.215385 0.570036 2.108048
3.457366 0.605235 2.118726
3.717634 0.645438 2.140905
3.997271 0.691603 2.176768
4.297314 0.744985 2.229345
4.618694 0.807262 2.302914
4.962137 0.880718 2.403641
5.327989 0.968547 2.540661
5.715924 1.075336 2.727966
6.124410 1.207905 2.987890
6.549689 1.376819 3.357940
6.983681 1.599259 3.905220
7.409227 1.904905 4.759729
7.787969 2.348881 6.200142
8.024173 3.042340 8.904890
7.834208 4.222629 14.772803
6.208708 6.270208 28.959458
0.727975 7.799621 46.608347
-4.943293 4.749452 32.476050
-6.975389 1.076668 21.638584
-7.377835 -1.879495 21.567698
-6.171670 -4.836823 31.864422
-1.384368 -6.988250 48.607798
4.290057 -4.447567 37.658337
6.340871 -0.573499 27.081944
6.244131 2.726252 29.142919
3.657258 5.553340 41.750096
-1.597944 5.451428 44.267862
-4.896277 2.155150 31.975336
-5.630630 -1.106824 28.435256
-4.467719 -3.850489 34.367293
-1.004161 -5.210792 41.889988
2.783433 -3.604314 35.911889
4.524711 -0.805084 28.532900
4.633451 1.704259 27.886579
3.307384 3.650314 32.435118
0.608072 4.301159 35.690345
-2.067399 3.081927 31.467325
-3.509868 1.064025 26.150495
-3.863450 -0.826187 24.267963
-3.353060 -2.348407 25.496506
-2.029312 -3.294711 27.834888
-0.203352 -3.321654 28.045739
1.430682 -2.448183 25.245163
2.457484 -1.184792 21.960335
2.911261 0.048679 19.919517
2.918636 1.092052 19.269937
2.553205 1.890305 19.567929
1.870865 2.387424 20.130165
0.979852 2.520878 20.193935
0.055075 2.287812 19.350236
-0.739810 1.786875 17.831560
-1.328738 1.164516 16.169845
-1.714977 0.538355 14.741343
-1.933561 -0.026841 13.672070
-2.020384 -0.505163 12.940003
-2.003229 -0.890556 12.467418
-1.902912 -1.184685 12.164507
-1.736791 -1.391408 11.945652
-1.521605 -1.515368 11.737060
-1.274690 -1.562610 11.483178
-1.013507 -1.541665 11.151882
-0.754045 -1.463980 10.735578
-0.509060 -1.343230 10.246710
-0.287017 -1.193799 9.709331
-0.092064 -1.029092 9.150337
0.075195 -0.860307 8.593238
0.216577 -0.695871 8.055302
0.335259 -0.541485 7.547322
0.434957 -0.400505 7.074771
0.519402 -0.274482 6.639339
0.592043 -0.163670 6.240332
0.655923 -0.067475 5.875729
0.713646 0.015210 5.542895
0.767400 0.085760 5.239023
0.819012 0.145649 4.961385
0.869998 0.196343 4.707455
0.921626 0.239232 4.474963
0.974963 0.275595 4.261899
1.030920 0.306588 4.066508
1.090288 0.333234 3.887259
1.153775 0.356434 3.722824
1.222021 0.376974 3.572056
1.295631 0.395541 3.433963
1.375182 0.412731 3.307696
1.461242 0.429068 3.192528
1.554379 0.445014 3.087852
1.655172 0.460982 2.993165
1.764217 0.477350 2.908073
1.882131 0.494470 2.832284
2.009559 0.512682 2.765617
2.147176 0.532325 2.708007
2.295687 0.553747 2.659519
2.455829 0.577323 2.620371
2.628368 0.603465 2.590959
2.814093 0.632645 2.571905
3.013809 0.665417 2.564114
3.228322 0.702450 2.568857
3.458417 0.744564 2.587906
3.704825 0.792797 2.623709
3.968171 0.848476 2.679677
4.248892 0.913349 2.760615
4.547109 0.989757 2.873414
4.862420 1.080923 3.028187
5.193546 1.191398 3.240229
5.537708 1.327813 3.533515
5.889487 1.500172 3.947338
6.238540 1.724200 4.549638
6.564739 2.025760 5.465751
6.826679 2.449499 6.945319
6.931382 3.075374 9.528505
6.645491 4.040682 14.447238
5.343885 5.466000 23.991678
1.902706 6.606895 35.614629
-2.493375 5.253423 31.998637
-4.934475 2.508983 22.328857
-5.892854 0.110131 18.216906
-6.034862 -1.923139 19.041595
-5.234568 -3.855771 24.724128
-2.774422 -5.417967 33.976049
1.052393 -5.053737 34.942492
3.761358 -2.785454 26.846905
4.883512 -0.394093 21.926275
5.003507 1.648270 21.876175
4.165119 3.388955 25.855841
2.102046 4.501093 31.203770
-0.682988 4.148223 31.063279
-2.778247 2.515416 25.759615
-3.800464 0.657156 21.699613
-4.045982 -0.973157 20.577773
-3.651892 -2.315513 21.877656
-2.590914 -3.270358 24.419745
-0.970111 -3.557859 25.841571
0.718625 -3.012778 24.331115
1.975381 -1.934206 21.241513
2.702538 -0.751559 18.647561
3.009047 0.314443 17.234596
2.988565 1.202189 16.884636
2.683767 1.893858 17.257544
2.122378 2.358433 17.892835
1.365105 2.548058 18.239758
0.528031 2.438838 17.883417
-0.253950 2.075242 16.823151
-0.890792 1.559093 15.407667
-1.358709 0.995603 14.008459
-1.675539 0.456692 12.830764
-1.871163 -0.021586 11.928512
-1.972516 -0.426851 11.277354
-1.999931 -0.758712 10.825578
-1.968161 -1.021523 10.517294
-1.888455 -1.220793 10.300572
-1.770359 -1.361811 10.129930
-1.622907 -1.449489 9.967537
-1.455133 -1.488741 9.784479
-1.276010 -1.484977 9.561864
-1.094002 -1.444403 9.291085
-0.916454 -1.374000 8.972741
-0.749102 -1.281180 8.614294
-0.595836 -1.173266 8.227129
-0.458753 -1.056977 7.823770
-0.338431 -0.938037 7.415825
-0.234315 -0.820979 7.012835
-0.145104 -0.709126 6.621894
-0.069091 -0.604701 6.247776
-0.004409 -0.508998 5.893327
0.050795 -0.422589 5.559923
0.098254 -0.345509 5.247898
0.139534 -0.277421 4.956892
0.176012 -0.217751 4.686115
0.208879 -0.165786 4.434536
0.239153 -0.120754 4.201006
0.267701 -0.081868 3.984344
0.295259 -0.048369 3.783385
0.322456 -0.019543 3.597011
0.349831 0.005270 3.424167
0.377853 0.026663 3.263866
0.406937 0.045169 3.115192
0.437453 0.061257 2.977297
0.469744 0.075342 2.849402
0.504129 0.087786 2.730787
0.540917 0.098904 2.620791
0.580408 0.108971 2.518807
0.622904 0.118226 2.424277
0.668712 0.126878 2.336689
0.718147 0.135110 2.255574
0.771538 0.143083 2.180503
0.829232 0.150939 2.111085
0.891595 0.158809 2.046963
0.959019 0.166808 1.987813
1.031919 0.175047 1.933346
1.110743 0.183627 1.883299
1.195971 0.192648 1.837444
1.288118 0.202207 1.795579
1.387739 0.212403 1.757536
1.495431 0.223337 1.723175
1.611836 0.235114 1.692389
1.737648 0.247849 1.665107
1.873610 0.261667 1.641294
2.020524 0.276704 1.620957
2.179251 0.293116 1.604154
2.350716 0.311080 1.590995
2.535912 0.330800 1.581660
2.735901 0.352516 1.576411
2.951820 0.376514 1.575612
3.184880 0.403134 1.579759
3.436369 0.432793 1.589514
3.707649 0.466005 1.605769
4.000150 0.503417 1.629721
4.315361 0.545850 1.662991
4.654812 0.594373 1.707808
5.020038 0.650400 1.767291
5.412520 0.715847 1.845902
5.833592 0.793381 1.950209
6.284263 0.886822 2.090215
6.764898 1.001845 2.281818
7.274608 1.147251 2.551628
7.809984 1.337422 2.947209
8.362220 1.597479 3.561033
8.909701 1.975198 4.593986
9.395246 2.572271 6.553949
9.636569 3.639228 11.028747
8.827911 5.876195 24.468510
2.632039 9.519729 60.736417
-6.741394 5.469572 38.837397
-9.095755 0.287223 23.647117
-8.838838 -4.048168 30.938069
-2.891520 -8.806380 66.352057
6.729938 -4.678965 44.794725
8.593301 1.352350 33.217712
5.534901 6.889204 56.628726
-4.434394 6.233803 58.256320
-7.839911 -0.209951 37.890513
-5.619758 -5.833907 54.042082
3.177942 -6.273628 61.015400
7.052083 -0.292090 40.501770
5.351691 5.028844 51.555903
-2.071470 6.060687 60.174342
-6.192831 0.926260 41.509604
-5.310622 -3.924387 46.638161
0.356423 -5.879736 57.712064
5.004676 -2.120972 42.610285
5.368990 2.225169 40.332321
2.091163 5.139783 50.753851
-2.833127 3.814422 45.594163
-4.839061 0.189614 36.461979
-4.115023 -2.991932 38.893258
-0.948826 -4.528454 44.600012
2.556879 -3.052313 38.947342
4.057457 -0.313364 32.511771
3.769891 2.113798 32.716789
1.943364 3.619841 36.260078
-0.687621 3.419308 35.447127
-2.604642 1.804478 30.270249
-3.342781 -0.078199 26.872294
-3.126170 -1.668526 26.618252
-2.110343 -2.721598 27.975580
-0.565911 -2.966059 28.248494
0.942806 -2.363250 26.094951
1.976970 -1.295576 23.084762
2.481108 -0.173178 20.879153
2.552802 0.800563 19.839077
2.277770 1.547050 19.642863
1.727697 2.018004 19.735953
1.001483 2.176790 19.544310
0.233684 2.031149 18.750367
-0.450387 1.654989 17.455043
-0.982322 1.157897 15.994374
-1.352188 0.636179 14.652938
-1.580741 0.150572 13.558648
-1.695851 -0.269556 12.722397
-1.722322 -0.614163 12.100112
-1.680074 -0.882902 11.631292
-1.585305 -1.079661 11.256753
-1.451988 -1.210122 10.926036
-1.292800 -1.280979 10.600695
-1.119329 -1.299838 10.255625
-0.941796 -1.275161 9.878710
-0.768584 -1.216002 9.468764
-0.605895 -1.131504 9.032245
-0.457684 -1.030299 8.579629
-0.325884 -0.919988 8.122308
-0.210813 -0.806817 7.670495
-0.111649 -0.695567 7.232199
-0.026872 -0.589625 6.812989
0.045390 -0.491173 6.416251
0.107105 -0.401417 6.043636
0.160183 -0.320825 5.695540
0.206381 -0.249337 5.371516
0.247265 -0.186538 5.070602
0.284199 -0.131796 4.791546
0.318358 -0.084360 4.532969
0.350740 -0.043435 4.293461
0.382197 -0.008228 4.071644
0.413455 0.022019 3.866207
0.445137 0.048011 3.675922
0.477787 0.070390 3.499651
0.511880 0.089735 3.336345
0.547849 0.106559 3.185040
0.586088 0.121312 3.044855
0.626969 0.134392 2.914983
0.670851 0.146143 2.794687
0.718086 0.156867 2.683293
0.769027 0.166826 2.580187
0.824034 0.176250 2.484808
0.883481 0.185342 2.396648
0.947757 0.194279 2.315242
1.017271 0.203223 2.240172
1.092460 0.212320 2.171063
1.173786 0.221704 2.107577
1.261746 0.231502 2.049417
1.356871 0.241837 1.996326
1.459732 0.252831 1.948082
1.570939 0.264607 1.904507
1.691152 0.277291 1.865461
1.821077 0.291020 1.830848
1.961474 0.305940 1.800623
2.113160 0.322214 1.774792
2.277008 0.340025 1.753425
2.453956 0.359583 1.736663
2.645008 0.381131 1.724736
2.851233 0.404957 1.717982
3.073769 0.431407 1.716876
3.313823 0.460896 1.722069
3.572668 0.493940 1.734445
3.851635 0.531181 1.755201
4.152103 0.573438 1.785968
4.475477 0.621766 1.828990
4.823151 0.677560 1.887407
5.196451 0.742702 1.965703
5.596529 0.819794 2.070448
6.024188 0.912542 2.211593
6.479559 1.026407 2.404825
6.961499 1.169778 2.676122
7.466350 1.356189 3.071258
7.985209 1.608886 3.677505
8.497078 1.971057 4.679296
8.948799 2.531528 6.524082
9.181534 3.497751 10.521291
8.568198 5.406022 21.455215
4.042446 8.719409 51.506825
-5.101031 6.496584 43.529817
-8.260686 1.425615 24.268674
-8.682051 -2.495391 25.050952
-6.050805 -6.830103 47.004200
3.120249 -7.254847 57.159164
7.614143 -1.535611 32.985948
7.603852 3.378376 35.792526
2.422075 7.525206 61.137195
-5.407748 4.332905 46.129004
-7.236042 -1.059799 35.488099
-4.794594 -5.682921 50.653606
2.553154 -5.884250 55.354474
6.249428 -0.963946 37.891944
5.687722 3.557801 41.737362
0.777818 6.078134 55.331305
-4.453424 3.121234 42.736965
-5.662741 -1.098074 36.246287
-3.718717 -4.480520 44.601164
1.057697 -4.911550 47.897232
4.322239 -1.839638 36.918652
4.815077 1.473723 34.072117
3.055140 3.965990 39.830414
-0.496435 4.286805 41.676617
-3.240367 2.170862 34.262996
-4.114144 -0.391725 30.022208
-3.511757 -2.505067 31.450532
-1.593277 -3.675749 34.624617
0.864324 -3.271992 33.174002
2.587055 -1.710879 28.348915
3.276538 0.032376 25.223618
3.141062 1.511596 24.807289
2.311188 2.544605 25.948895
0.968450 2.920609 26.565312
-0.466006 2.545563 25.150083
-1.570643 1.663462 22.485444
-2.217983 0.638855 20.111555
-2.470058 -0.304830 18.661618
-2.408762 -1.078933 18.058688
-2.093553 -1.646989 17.966170
-1.581903 -1.982260 17.968045
-0.952667 -2.069085 17.691558
-0.302985 -1.924558 16.963290
0.281542 -1.606660 15.868323
0.753157 -1.193804 14.629976
1.102482 -0.755984 13.447000
1.342475 -0.340256 12.424905
1.493259 0.028435 11.590150
1.574143 0.340359 10.925927
1.601104 0.594431 10.398791
1.586805 0.793811 9.972728
1.541363 0.943447 9.615240
1.473101 1.048868 9.299531
1.389076 1.115678 9.005019
1.295361 1.149382 8.717122
1.197151 1.155326 8.426658
1.098783 1.138660 8.128992
1.003718 1.104261 7.823011
0.914559 1.056645 7.510061
0.833101 0.999873 7.192951
0.760429 0.937471 6.875133
0.697042 0.872392 6.560103
0.642991 0.807014 6.251012
0.598003 0.743164 5.950473
0.561600 0.682181 5.660490
0.533191 0.624978 5.382489
0.512140 0.572122 5.117384
0.497818 0.523904 4.865665
0.489638 0.480403 4.627494
0.487074 0.441546 4.402780
0.489670 0.407152 4.191253
0.497049 0.376973 3.992515
0.508907 0.350720 3.806083
0.525014 0.328088 3.631428
0.545209 0.308769 3.467989
0.569392 0.292466 3.315200
0.597524 0.278897 3.172496
0.629617 0.267806 3.039326
0.665733 0.258958 2.915158
0.705982 0.252145 2.799480
0.750513 0.247184 2.691808
0.799520 0.243920 2.591686
0.853234 0.242217 2.498684
0.911925 0.241967 2.412403
0.975902 0.243080 2.332472
1.045513 0.245489 2.258551
1.121142 0.249145 2.190329
1.203216 0.254017 2.127528
1.292202 0.260092 2.069898
1.388612 0.267377 2.017223
1.492999 0.275893 1.969321
1.605968 0.285680 1.926045
1.728172 0.296798 1.887287
1.860315 0.309325 1.852982
2.003159 0.323364 1.823112
2.157523 0.339040 1.797713
2.324287 0.356511 1.776886
2.504396 0.375966 1.760810
2.698859 0.397639 1.749755
2.908754 0.421815 1.744109
3.135226 0.448843 1.744409
3.379487 0.479157 1.751386
3.642812 0.513300 1.766031
3.926528 0.551959 1.789684
4.232004 0.596018 1.824177
4.560619 0.646629 1.872040
4.913722 0.705328 1.936834
5.292559 0.774206 2.023684
5.698147 0.856182 2.140173
6.131053 0.955460 2.297921
6.591001 1.078312 2.515512
7.076095 1.234511 2.824285
7.581211 1.440113 3.280716
8.094313 1.723306 3.995652
8.586814 2.137950 5.212442
8.983551 2.798735 7.552282
9.043503 3.983068 12.953722
7.722981 6.369048 28.640750
0.906695 8.990924 57.250088
-6.512149 4.728551 34.398829
-8.470920 0.204391 22.682721
-8.309171 -3.609625 28.251915
-4.025055 -7.807373 55.634643
4.910100 -5.767055 48.204559
7.792382 -0.283693 31.017320
6.958251 4.427654 39.577050
0.460514 7.497263 61.765312
-6.022067 3.180262 41.206177
-7.030339 -1.888749 35.835436
-3.817673 -6.115639 53.074307
3.304982 -5.225582 51.295151
6.234389 -0.410940 36.549794
5.337175 3.845993 42.069260
0.362323 5.915176 53.756202
-4.443580 2.890391 41.150641
-5.523285 -1.120684 35.390206
-3.697288 -4.328654 43.040613
0.773905 -4.864530 46.648686
4.041045 -2.067121 36.496049
4.729431 1.095943 32.792490
3.375555 3.572643 37.308895
0.227681 4.311682 40.559439
-2.661055 2.668199 34.588176
-3.879893 0.267072 29.346092
-3.715610 -1.837255 29.188269
-2.353907 -3.268329 31.999018
-0.168736 -3.481750 32.645394
1.785855 -2.409118 28.996468
2.865079 -0.831144 25.098015
3.147739 0.653362 23.349798
2.795061 1.832547 23.529376
1.907577 2.573640 24.431543
0.682673 2.730691 24.475567
-0.532650 2.301666 22.941617
-1.456721 1.512084 20.622865
-2.019553 0.630616 18.569113
-2.271659 -0.180694 17.201408
-2.277644 -0.855302 16.479211
-2.086283 -1.369177 16.188813
-1.738943 -1.709907 16.068980
-1.283268 -1.870394 15.872275
-0.777277 -1.856397 15.431811
-0.280008 -1.694208 14.711750
0.163383 -1.427706 13.792170
0.529782 -1.105831 12.798716
0.815576 -0.770247 11.837439
1.028786 -0.449718 10.969586
1.181887 -0.160612 10.217031
1.287540 0.089907 9.577345
1.356796 0.300514 9.036653
1.398679 0.473161 8.577570
1.420354 0.611402 8.183234
1.427471 0.719405 7.838995
1.424493 0.801402 7.532881
1.414967 0.861410 7.255516
1.401731 0.903111 6.999801
1.387056 0.929797 6.760534
1.372763 0.944379 6.534032
1.360304 0.949395 6.317798
1.350827 0.947039 6.110225
1.345236 0.939193 5.910364
1.344231 0.927451 5.717724
1.348354 0.913156 5.532124
1.358021 0.897423 5.353586
1.373554 0.881171 5.182247
1.395207 0.865149 5.018305
1.423188 0.849960 4.861982
1.457674 0.836086 4.713505
1.498834 0.823912 4.573089
1.546831 0.813740 4.440940
1.601835 0.805813 4.317253
1.664033 0.800328 4.202225
1.733625 0.797452 4.096060
1.810834 0.797335 3.998982
1.895902 0.800120 3.911258
1.989090 0.805958 3.833207
2.090675 0.815019 3.765229
2.200946 0.827499 3.707832
2.320195 0.843637 3.661665
2.448705 0.863730 3.627561
2.586741 0.888144 3.606597
2.734521 0.917343 3.600171
2.892196 0.951908 3.610103
3.059803 0.992578 3.638785
3.237216 1.040292 3.689381
3.424061 1.096261 3.766124
3.619599 1.162049 3.874748
3.822554 1.239704 4.023145
4.030846 1.331940 4.222356
4.241174 1.442391 4.488146
4.448353 1.575987 4.843516
4.644197 1.739485 5.322808
4.815618 1.942187 5.978470
4.941266 2.196756 6.892000
4.985482 2.519592 8.190214
4.887706 2.928507 10.061721
4.546488 3.430159 12.736433
3.810127 3.977812 16.280182
2.537087 4.383162 19.932718
0.823341 4.302707 21.628905
-0.865888 3.570324 20.171250
-2.128126 2.455577 17.213970
-2.932814 1.308492 14.646115
-3.407326 0.289394 13.047658
-3.652526 -0.578312 12.359021
-3.711977 -1.318037 12.425560
-3.585892 -1.954838 13.124109
-3.248482 -2.492913 14.316952
-2.671736 -2.899436 15.735367
-1.865663 -3.101820 16.888461
-0.918999 -3.024620 17.215011
0.016529 -2.660591 16.518784
0.810512 -2.096200 15.147004
1.413404 -1.453516 13.625416
1.839860 -0.825714 12.296593
2.126589 -0.260672 11.279554
2.307466 0.226054 10.569844
2.406597 0.635336 10.119561
2.439214 0.974183 9.873471
2.414432 1.250406 9.779778
2.337933 1.470251 9.790809
2.214174 1.637643 9.861146
2.048121 1.754387 9.946557
1.846461 1.821024 10.005155
1.618107 1.838116 10.000952
1.373869 1.807603 9.908643
1.125333 1.733784 9.717388
0.883344 1.623541 9.431472
0.656619 1.485737 9.067266
0.450955 1.330066 8.647806
0.269155 1.165829 8.197199
0.111505 1.000991 7.736586
-0.023495 0.841709 7.282190
-0.138396 0.692255 6.845067
-0.236218 0.555216 6.431840
-0.320043 0.431824 6.045781
-0.392778 0.322304 5.687858
-0.457031 0.226189 5.357594
-0.515078 0.142580 5.053683
-0.568862 0.070332 4.774407
-0.620031 0.008198 4.517899
-0.669973 -0.045084 4.282302
-0.719864 -0.090726 4.065853
-0.770705 -0.129858 3.866922
-0.823360 -0.163513 3.684028
-0.878585 -0.192616 3.515841
-0.937061 -0.217987 3.361172
-0.999407 -0.240351 3.218963
-1.066209 -0.260341 3.088275
-1.138025 -0.278511 2.968280
-1.215408 -0.295347 2.858247
-1.298909 -0.311277 2.757534
-1.389089 -0.326678 2.665587
-1.486529 -0.341890 2.581927
-1.591831 -0.357221 2.506156
-1.705629 -0.372958 2.437948
-1.828591 -0.389375 2.377056
-1.961423 -0.406739 2.323309
-2.104877 -0.425320 2.276627
-2.259745 -0.445401 2.237022
-2.426870 -0.467286 2.204619
-2.607142 -0.491311 2.179671
-2.801498 -0.517860 2.162593
-3.010920 -0.547384 2.153999
-3.236430 -0.580420 2.154761
-3.479077 -0.617625 2.166094
-3.739923 -0.659821 2.189673
-4.020017 -0.708052 2.227823
-4.320344 -0.763674 2.283789
-4.641765 -0.828492 2.362179
-4.984895 -0.904958 2.469671
-5.349912 -0.996498 2.616217
-5.736228 -1.108052 2.817155
-6.141874 -1.246988 3.097150
-6.562334 -1.424785 3.497982
-6.988097 -1.660240 4.095182
-7.399037 -1.986081 5.036923
-7.749800 -2.463583 6.645557
-7.925281 -3.216774 9.717603
-7.577425 -4.504103 16.482352
-5.490829 -6.627269 32.216968
0.395008 -7.476721 45.214342
5.286431 -4.109606 29.636942
6.962765 -0.662874 20.884139
7.214022 2.165148 21.828459
5.816165 5.028474 32.744122
0.936021 6.839950 47.586463
-4.327885 4.187413 36.118428
-6.212024 0.485401 26.519598
-6.108428 -2.669164 28.502730
-3.703128 -5.366524 40.118482
1.240362 -5.443458 43.440203
4.585797 -2.402516 31.941466
5.482005 0.737339 27.583162
4.652741 3.391901 31.951525
1.754997 5.010054 39.687188
-1.995760 4.029781 36.588888
-4.092858 1.476765 28.802977
-4.577944 -0.970194 26.410549
-3.805953 -2.966307 29.230832
-1.730643 -4.104846 33.473574
0.928994 -3.644660 32.269966
2.801045 -1.981480 27.052225
3.602513 -0.151127 23.624812
3.588931 1.423659 23.155198
2.867515 2.617395 24.715673
1.516884 3.222754 26.323574
-0.101873 3.020888 25.716469
-1.456545 2.154168 23.044743
-2.307440 1.038702 20.269286
-2.704410 -0.028279 18.483106
-2.746794 -0.931948 17.754533
-2.497206 -1.634855 17.773115
-2.000001 -2.107007 18.093087
-1.321160 -2.313090 18.217327
-0.566433 -2.240977 17.784986
0.146576 -1.933587 16.774343
0.736906 -1.479875 15.451377
1.178453 -0.973212 14.121141
1.482493 -0.480755 12.967255
1.673718 -0.038962 12.047935
1.776475 0.337583 11.349513
1.810392 0.646422 10.829924
1.790460 0.890655 10.441162
1.728384 1.075415 10.138446
1.633902 1.206310 9.883466
1.515668 1.288950 9.645542
1.381669 1.328958 9.402102
1.239270 1.332117 9.138702
1.095021 1.304454 8.848455
0.954403 1.252156 8.530791
0.821634 1.181360 8.189721
0.699612 1.097876 7.831939
0.589995 1.006912 7.465125
0.493396 0.912893 7.096680
0.409627 0.819363 6.732960
0.337952 0.728993 6.378947
0.277298 0.643658 6.038227
0.226434 0.564547 5.713148
0.184095 0.492301 5.405048
0.149060 0.427134 5.114499
0.120205 0.368955 4.841517
0.096526 0.317461 4.585739
0.077146 0.272213 4.346558
0.061311 0.232698 4.123216
0.048383 0.198370 3.914881
0.037826 0.168681 3.720685
0.029196 0.143102 3.539765
0.022124 0.121138 3.371273
0.016309 0.102331 3.214397
0.011502 0.086265 3.068363
0.007501 0.072570 2.932437
0.004140 0.060917 2.805933
0.001286 0.051015 2.688203
-0.001172 0.042611 2.578643
-0.003324 0.035486 2.476691
-0.005242 0.029448 2.381819
-0.006986 0.024334 2.293536
-0.008607 0.020003 2.211386
-0.010145 0.016335 2.134944
-0.011636 0.013225 2.063813
-0.013108 0.010586 1.997624
-0.014587 0.008343 1.936033
-0.016095 0.006433 1.878722
-0.017652 0.004801 1.825394
-0.019275 0.003402 1.775770
-0.020983 0.002196 1.729595
-0.022790 0.001150 1.686628
-0.024712 0.000236 1.646647
-0.026764 -0.000570 1.609444
-0.028963 -0.001288 1.574826
-0.031323 -0.001936 1.542613
-0.033860 -0.002529 1.512639
-0.036593 -0.003079 1.484748
-0.039539 -0.003597 1.458796
-0.042716 -0.004094 1.434647
-0.046145 -0.004577 1.412176
-0.049848 -0.005055 1.391268
-0.053847 -0.005534 1.371813
-0.058168 -0.006020 1.353711
-0.062838 -0.006518 1.336867
-0.067884 -0.007035 1.321196
-0.073338 -0.007575 1.306614
-0.079234 -0.008143 1.293048
-0.085607 -0.008743 1.280426
-0.092496 -0.009381 1.268684
-0.099945 -0.010061 1.257760
-0.107997 -0.010789 1.247599
-0.116703 -0.011569 1.238147
-0.126115 -0.012406 1.229357
-0.136291 -0.013306 1.221182
-0.147293 -0.014275 1.213582
-0.159189 -0.015319 1.206516
-0.172049 -0.016445 1.199949
-0.185954 -0.017660 1.193848
-0.200988 -0.018970 1.188182
-0.217243 -0.020385 1.182922
-0.234817 -0.021914 1.178043
-0.253818 -0.023565 1.173519
-0.274362 -0.025348 1.169330
-0.296574 -0.027276 1.165454
-0.320589 -0.029359 1.161876
-0.346555 -0.031611 1.158577
-0.374628 -0.034044 1.155544
-0.404981 -0.036676 1.152764
-0.437798 -0.039521 1.150227
-0.473280 -0.042597 1.147925
-0.511642 -0.045924 1.145850
-0.553119 -0.049522 1.143998
-0.597962 -0.053415 1.142367
-0.646447 -0.057625 1.140957
-0.698866 -0.062181 1.139771
-0.755541 -0.067112 1.138814
-0.816816 -0.072449 1.138095
-0.883063 -0.078227 1.137627
-0.954686 -0.084484 1.137427
-1.032120 -0.091263 1.137515
-1.115836 -0.098608 1.137920
-1.206342 -0.106571 1.138675
-1.304187 -0.115207 1.139822
-1.409965 -0.124580 1.141410
-1.524316 -0.134757 1.143501
-1.647932 -0.145817 1.146168
-1.781559 -0.157846 1.149502
-1.926002 -0.170943 1.153610
-2.082132 -0.185221 1.158623
-2.250884 -0.200806 1.164700
-2.433268 -0.217848 1.172035
-2.630370 -0.236518 1.180865
-2.843360 -0.257019 1.191484
-3.073493 -0.279591 1.204256
-3.322117 -0.304522 1.219635
-3.590674 -0.332163 1.238199
-3.880704 -0.362942 1.260684
-4.193848 -0.397397 1.288049
-4.531841 -0.436210 1.321555
-4.896507 -0.480258 1.362899
-5.289744 -0.530697 1.414403
-5.713492 -0.589081 1.479338
-6.169679 -0.657553 1.562433
-6.660119 -0.739157 1.670776
-7.186331 -0.838363 1.815433
-7.749182 -0.962015 2.014574
-8.348171 -1.121135 2.299958
-8.979836 -1.334639 2.731704
-9.633790 -1.637789 3.436256
-10.281140 -2.104085 4.721008
-10.831500 -2.912832 7.508887
-10.902009 -4.610890 15.632995
-7.672714 -9.023047 51.543479
6.442240 -8.055314 56.909336
10.565030 -0.816062 26.105755
10.218822 4.886637 36.912476
-0.786249 10.453825 88.256136
-9.898547 1.831600 39.530799
-8.808724 -6.030710 54.792527
5.145921 -7.971730 76.798168
9.667299 1.444761 45.344274
2.419204 9.251947 89.438729
-8.563370 2.232383 52.847129
-6.545293 -6.550885 70.009984
6.092134 -5.429834 68.339758
7.854550 3.489449 57.051025
-2.066286 7.535933 82.362672
-7.741767 -0.463084 53.073692
-2.622581 -7.200756 78.363540
6.335912 -2.747986 57.731878
5.750393 4.470551 61.033007
-2.824921 5.745523 69.361465
-6.440191 -0.720502 50.934284
-2.590236 -5.851466 66.502925
4.461832 -3.397260 55.820064
5.523391 2.166163 49.398274
1.049225 5.464606 61.415149
-4.231026 2.580011 49.492421
-4.898583 -1.946075 45.176034
-1.565203 -4.747617 53.553011
2.972008 -3.132629 46.923247
4.468091 0.463626 39.675697
3.115023 3.367617 43.247643
-0.324984 3.980889 45.134751
-3.071095 1.904932 37.877755
-3.776834 -0.726312 34.022469
-2.783916 -2.756792 35.805114
-0.527131 -3.437227 37.236941
1.709525 -2.434229 33.493000
2.890744 -0.669424 29.084602
3.030949 0.998853 27.469691
2.333300 2.217999 28.036068
1.025642 2.732691 28.514989
-0.428639 2.421412 27.037454
-1.546873 1.537172 24.256948
-2.167715 0.485956 21.821083
-2.349819 -0.475547 20.396338
-2.182552 -1.237585 19.831612
-1.743098 -1.747471 19.668624
-1.121324 -1.973021 19.399866
-0.432592 -1.916600 18.692177
0.209378 -1.633269 17.540957
0.731646 -1.214240 16.181230
1.112075 -0.748658 14.864393
1.361414 -0.299293 13.732614
1.502375 0.099421 12.822103
1.557977 0.433014 12.109412
1.547794 0.698363 11.548405
1.487871 0.898001 11.090044
1.391623 1.037091 10.691208
1.270618 1.122057 10.318208
1.134944 1.160041 9.947801
0.993241 1.158632 9.566725
0.852563 1.125611 9.170156
0.718266 1.068628 8.759477
0.594008 0.994840 8.339841
0.481907 0.910601 7.918015
0.382806 0.821252 7.500775
0.296588 0.731035 7.093954
0.222487 0.643128 6.702015
0.159349 0.559747 6.328018
0.105839 0.482306 5.973780
0.060582 0.411574 5.640128
0.022254 0.347835 5.327159
-0.010362 0.291027 5.034464
-0.038350 0.240849 4.761302
-0.062662 0.196850 4.506743
-0.084114 0.158501 4.269753
-0.103404 0.125233 4.049263
-0.121124 0.096481 3.844210
-0.137773 0.071698 3.653562
-0.153776 0.050371 3.476333
-0.169493 0.032032 3.311591
-0.185234 0.016254 3.158462
-0.201267 0.002659 3.016129
-0.217832 -0.009090 2.883830
-0.235140 -0.019288 2.760858
-0.253387 -0.028194 2.646556
-0.272757 -0.036032 2.540314
-0.293424 -0.042999 2.441568
-0.315562 -0.049262 2.349792
-0.339342 -0.054970 2.264503
-0.364937 -0.060250 2.185249
-0.392526 -0.065214 2.111615
-0.422296 -0.069958 2.043215
-0.454443 -0.074569 1.979692
-0.489173 -0.079124 1.920717
-0.526708 -0.083689 1.865985
-0.567281 -0.088328 1.815215
-0.611146 -0.093099 1.768149
-0.658574 -0.098054 1.724550
-0.709855 -0.103246 1.684199
-0.765304 -0.108724 1.646899
-0.825259 -0.114537 1.612470
-0.890084 -0.120735 1.580749
-0.960175 -0.127369 1.551591
-1.035955 -0.134492 1.524870
-1.117883 -0.142159 1.500474
-1.206456 -0.150430 1.478312
-1.302206 -0.159367 1.458307
-1.405713 -0.169042 1.440406
-1.517597 -0.179531 1.424572
-1.638531 -0.190918 1.410792
-1.769239 -0.203299 1.399079
-1.910502 -0.216781 1.389472
-2.063163 -0.231485 1.382044
-2.228125 -0.247551 1.376904
-2.406366 -0.265141 1.374209
-2.598932 -0.284442 1.374170
-2.806949 -0.305677 1.377069
-3.031623 -0.329109 1.383274
-3.274244 -0.355057 1.393266
-3.536189 -0.383907 1.407671
-3.818921 -0.416140 1.427315
-4.123989 -0.452354 1.453287
-4.453019 -0.493314 1.487049
-4.807703 -0.540011 1.530590
-5.189772 -0.593757 1.586677
-5.600952 -0.656326 1.659240
-6.042889 -0.730180 1.754041
-6.517003 -0.818844 1.879812
-7.024237 -0.927543 2.050374
-7.564563 -1.064366 2.288765
-8.135956 -1.242508 2.635991
-8.732091 -1.484986 3.171440
-9.336404 -1.835581 4.066950
-9.903956 -2.387886 5.756451
-10.289885 -3.376789 9.609456
-9.834581 -5.517807 21.565586
-4.058363 -9.966850 64.074679
7.359925 -5.922819 42.308522
9.927484 -0.032599 24.557926
9.262386 5.054648 36.832681
-0.269596 9.695542 78.698270
-8.778122 2.547407 39.172737
-8.856751 -4.149849 42.734750
0.421001 -9.015060 80.264007
8.385643 -1.792116 43.758570
7.285281 5.394962 54.936245
-3.447334 7.227446 71.820419
-8.075656 -0.363075 44.965254
-4.307185 -6.943277 68.542415
5.528904 -4.537637 58.330071
7.146103 2.456686 48.477844
0.998847 7.049394 71.379124
-6.047025 2.389921 50.337482
-5.865688 -3.641441 51.392044
0.704360 -6.161553 65.095054
5.686753 -1.427149 46.550521
5.018386 3.635138 49.563446
-0.518500 5.495080 58.795380
-4.847015 1.720413 44.430665
-4.845811 -2.565606 43.587207
-1.157028 -4.955379 52.216497
3.239113 -3.018324 44.408554
4.603818 0.528093 37.654330
3.314031 3.393525 41.440786
-0.070208 4.155380 44.180905
-2.965300 2.217196 37.194400
-3.887768 -0.398886 32.667757
-3.167814 -2.530639 33.986682
-1.105318 -3.527702 36.348388
1.264567 -2.856176 33.724746
2.732172 -1.188744 28.985319
3.152190 0.528572 26.578083
2.729735 1.895270 26.716789
1.628881 2.682694 27.641184
0.183217 2.691836 27.127273
-1.106382 2.009495 24.767143
-1.946714 1.006906 22.081674
-2.332967 0.003128 20.198314
-2.351145 -0.849569 19.269069
-2.076375 -1.489226 18.983109
-1.577470 -1.879927 18.884261
-0.942706 -2.001974 18.545379
-0.279697 -1.872316 17.753697
0.316313 -1.553700 16.587345
0.792072 -1.131969 15.283311
1.136983 -0.683532 14.052284
1.364960 -0.259285 13.001688
1.497574 0.114059 12.153095
1.555474 0.426119 11.482557
1.555866 0.675644 10.949730
1.512653 0.865855 10.512930
1.437265 1.001949 10.135647
1.339388 1.089937 9.788952
1.227377 1.136170 9.452067
1.108392 1.147139 9.111946
0.988391 1.129330 8.762222
0.872070 1.089053 8.401710
0.762864 1.032238 8.032749
0.663026 0.964234 7.659625
0.573777 0.889663 7.287303
0.495517 0.812339 6.920538
0.428037 0.735256 6.563370
0.370717 0.660645 6.218913
0.322699 0.590059 5.889349
0.283014 0.524491 5.576030
0.250672 0.464483 5.279637
0.224725 0.410234 5.000333
0.204300 0.361696 4.737907
0.188624 0.318646 4.491888
0.177019 0.280750 4.261641
0.168913 0.247612 4.046426
0.163822 0.218805 3.845456
0.161348 0.193898 3.657924
0.161171 0.172473 3.483027
0.163031 0.154135 3.319984
0.166728 0.138519 3.168040
0.172111 0.125292 3.026478
0.179068 0.114156 2.894617
0.187525 0.104846 2.771812
0.197437 0.097130 2.657460
0.208788 0.090803 2.550993
0.221583 0.085691 2.451880
0.235849 0.081640 2.359624
0.251632 0.078521 2.273762
0.268993 0.076225 2.193860
0.288010 0.074657 2.119515
0.308779 0.073742 2.050351
0.331406 0.073415 1.986019
0.356015 0.073624 1.926193
0.382744 0.074328 1.870570
0.411746 0.075495 1.818869
0.443190 0.077100 1.770830
0.477260 0.079127 1.726212
0.514158 0.081566 1.684792
0.554105 0.084413 1.646362
0.597339 0.087669 1.610735
0.644121 0.091341 1.577735
0.694732 0.095441 1.547203
0.749478 0.099984 1.518995
0.808688 0.104992 1.492980
0.872722 0.110491 1.469040
0.941966 0.116509 1.447072
1.016838 0.123084 1.426986
1.097791 0.130254 1.408707
1.185314 0.138067 1.392172
1.279936 0.146575 1.377334
1.382227 0.155837 1.364164
1.492803 0.165921 1.352647
1.612329 0.176902 1.342789
1.741522 0.188868 1.334618
1.881158 0.201916 1.328185
2.032070 0.216159 1.323571
2.195157 0.231728 1.320891
2.371386 0.248774 1.320299
2.561801 0.267471 1.322001
2.767518 0.288027 1.326265
2.989738 0.310689 1.333437
3.229749 0.335753 1.343963
3.488923 0.363577 1.358420
3.768725 0.394606 1.377562
4.070708 0.429391 1.402375
4.396512 0.468635 1.434174
4.747850 0.513240 1.474737
5.126490 0.564396 1.526513
5.534222 0.623701 1.592954
5.972792 0.693355 1.679068
6.443792 0.776479 1.792361
6.948452 0.877651 1.944548
7.487258 1.003863 2.154840
8.059160 1.166339 2.456728
8.659842 1.384261 2.913360
9.277459 1.693159 3.656691
9.880291 2.166330 5.004095
10.371854 2.979259 7.889672
10.359662 4.645400 16.022509
7.252057 8.678082 48.498493
-5.424884 8.169796 56.809052
-9.830203 1.385024 26.199944
-9.993363 -3.729939 31.013177
-3.124858 -9.802481 77.559059
8.315912 -4.118842 45.151564
9.450907 3.039466 39.416771
1.727395 9.330851 82.532314
-8.302228 2.762463 47.103935
-7.922892 -4.878071 53.106783
2.957009 -7.770519 76.742591
8.316088 0.200408 46.183663
4.321530 7.216468 71.793770
-6.034114 4.295866 58.707256
-7.200149 -3.123551 51.662961
0.370958 -7.209929 74.705908
6.720791 -1.293683 49.622363
5.147064 4.962404 58.800013
-2.913218 5.499574 63.714100
-6.285617 -0.365100 46.707160
-3.515220 -5.294587 59.083928
3.265532 -4.394625 55.935813
5.603881 0.598147 44.110149
3.282249 4.635499 52.994989
-2.188193 4.351106 52.335159
-4.830603 0.433747 41.072674
-3.987920 -3.157742 43.648247
-0.251664 -4.538241 48.773906
3.245430 -2.395242 40.670901
4.211712 0.684389 35.691780
3.047900 3.105784 38.518824
0.244876 3.824096 40.615351
-2.343367 2.379308 35.370209
-3.442256 0.185463 30.654910
-3.225962 -1.735132 30.230190
-1.930009 -2.948312 31.988487
-0.019252 -3.029467 31.718296
1.627502 -2.052314 28.377580
2.534872 -0.670514 25.028038
2.756049 0.626528 23.373192
2.428258 1.639002 23.188502
1.667950 2.252099 23.493893
0.657664 2.377976 23.179199
-0.343956 2.042281 21.799830
-1.133583 1.413810 19.846619
-1.647137 0.691614 18.013312
-1.911275 0.008895 16.638030
-1.974749 -0.571098 15.738375
-1.880524 -1.024479 15.189141
-1.664623 -1.343785 14.826067
-1.361789 -1.528877 14.493773
-1.008596 -1.586532 14.076798
-0.641443 -1.532465 13.520643
-0.291294 -1.390997 12.832584
0.020851 -1.191095 12.060352
0.285017 -0.960868 11.262770
0.500120 -0.723373 10.488422
0.670572 -0.494949 9.767733
0.803276 -0.285584 9.114497
0.905640 -0.100267 8.530986
0.984540 0.059489 8.012962
1.045902 0.194367 7.553287
1.094631 0.306295 7.144111
1.134695 0.397807 6.778005
1.169268 0.471641 6.448463
1.200869 0.530492 6.150027
1.231496 0.576882 5.878245
1.262736 0.613093 5.629542
1.295852 0.641142 5.401081
1.331861 0.662785 5.190619
1.371588 0.679531 4.996389
1.415715 0.692668 4.817002
1.464817 0.703284 4.651365
1.519392 0.712303 4.498625
1.579885 0.720501 4.358119
1.646704 0.728538 4.229348
1.720234 0.736981 4.111950
1.800848 0.746319 4.005691
1.888911 0.756990 3.910460
1.984788 0.769392 3.826271
2.088842 0.783907 3.753271
2.201434 0.800913 3.691760
2.322917 0.820801 3.642216
2.453629 0.843996 3.605330
2.593879 0.870978 3.582064
2.743931 0.902303 3.573718
2.903973 0.938633 3.582037
3.074080 0.980779 3.609349
3.254162 1.029744 3.658775
3.443879 1.086796 3.734523
3.642526 1.153560 3.842330
3.848862 1.232148 3.990122
4.060835 1.325350 4.189044
4.275164 1.436901 4.455070
4.486660 1.571878 4.811612
4.687087 1.737264 5.293810
4.863192 1.942727 5.955672
4.993204 2.201541 6.881810
5.040452 2.531113 8.205280
4.941987 2.950777 10.126778
4.590987 3.468697 12.895791
3.825635 4.036130 16.589107
2.495339 4.449890 20.373698
0.713796 4.341009 21.999443
-1.011097 3.551238 20.306141
-2.271678 2.388377 17.203559
-3.060467 1.214138 14.627755
-3.516327 0.180068 13.095248
-3.739665 -0.698976 12.511483
-3.768855 -1.450415 12.715209
-3.596979 -2.098752 13.581027
-3.191442 -2.641562 14.946967
-2.524156 -3.031596 16.468767
-1.622307 -3.179919 17.543914
-0.608161 -3.012383 17.589787
0.344215 -2.550900 16.567828
1.113865 -1.913585 14.997536
1.674904 -1.231436 13.434261
2.057732 -0.589376 12.163908
2.303852 -0.024145 11.250653
2.446159 0.456436 10.659930
2.506029 0.857144 10.330392
2.496006 1.186119 10.199983
2.423296 1.450485 10.210714
2.292872 1.654655 10.306681
2.110032 1.800198 10.431991
1.882317 1.886787 10.531736
1.620506 1.913937 10.557008
1.338323 1.883043 10.472559
1.050858 1.798943 10.263397
0.772247 1.670316 9.936333
0.513577 1.508731 9.515213
0.281763 1.326845 9.032274
0.079592 1.136546 8.519653
-0.093414 0.947669 8.003862
-0.239868 0.767445 7.503738
-0.363473 0.600563 7.030857
-0.468271 0.449560 6.591094
-0.558173 0.315346 6.186390
-0.636719 0.197691 5.816244
-0.706988 0.095639 5.478806
-0.771594 0.007821 5.171598
-0.832726 -0.067329 4.891958
-0.892209 -0.131421 4.637286
-0.951565 -0.186022 4.405173
-1.012072 -0.232594 4.193450
-1.074817 -0.272474 4.000204
-1.140737 -0.306859 3.823761
-1.210661 -0.336813 3.662673
-1.285336 -0.363268 3.515691
-1.365453 -0.387045 3.381747
-1.451668 -0.408861 3.259931
-1.544616 -0.429346 3.149479
-1.644928 -0.449062 3.049763
-1.753236 -0.468509 2.960277
-1.870187 -0.488148 2.880639
-1.996444 -0.508409 2.810592
-2.132695 -0.529706 2.750004
-2.279650 -0.552451 2.698886
-2.438050 -0.577070 2.657408
-2.608657 -0.604020 2.625924
-2.792255 -0.633808 2.605017
-2.989642 -0.667013 2.595555
-3.201611 -0.704325 2.598777
-3.428936 -0.746576 2.616413
-3.672333 -0.794806 2.650868
-3.932412 -0.850340 2.705493
-4.209596 -0.914906 2.785010
-4.503995 -0.990814 2.896184
-4.815203 -1.081222 3.048923
-5.141952 -1.190577 3.258170
-5.481512 -1.325333 3.547265
-5.828582 -1.495179 3.954271
-6.173115 -1.715262 4.544607
-6.495690 -2.010330 5.438011
-6.756753 -2.422758 6.870533
-6.868647 -3.027705 9.346330
-6.615199 -3.953420 13.999618
-5.426139 -5.321050 22.964698
-2.228828 -6.516164 34.557298
2.125182 -5.411781 32.469662
4.704722 -2.747866 22.840744
5.753864 -0.349199 18.255326
5.982803 1.664744 18.506223
5.357501 3.551581 23.312482
3.251043 5.183056 32.095683
-0.385941 5.224114 35.154081
-3.321309 3.212692 27.878017
-4.661816 0.843483 22.190180
-4.967826 -1.201807 21.171987
-4.401877 -2.950259 24.112656
-2.732539 -4.236099 29.320807
-0.128911 -4.336507 31.127194
2.177044 -3.030254 26.869090
3.465926 -1.239769 22.242152
3.938109 0.407514 20.194170
3.797234 1.788884 20.590562
3.058106 2.860010 22.626547
1.730960 3.436578 24.662125
0.104661 3.278454 24.532588
-1.314261 2.460699 22.112841
-2.259096 1.364401 19.290158
-2.764488 0.292129 17.308916
-2.933443 -0.637036 16.361976
-2.830992 -1.394819 16.241995
-2.487773 -1.968005 16.628071
-1.933651 -2.329078 17.116146
-1.230705 -2.443894 17.272976
-0.479808 -2.305695 16.825975
0.213482 -1.961161 15.824722
0.782446 -1.495241 14.550159
1.210115 -0.991939 13.285163
1.510722 -0.509421 12.191094
1.708517 -0.078146 11.317226
1.826309 0.290625 10.650978
1.882048 0.596123 10.155893
1.889063 0.842290 9.790760
1.857337 1.034618 9.517128
1.794760 1.178696 9.301626
1.708063 1.279703 9.116463
1.603372 1.342390 8.939497
1.486465 1.371255 8.754272
1.362778 1.370744 8.549935
1.237275 1.345378 8.320889
1.114258 1.299760 8.066072
0.997210 1.238486 7.787925
0.888709 1.165980 7.491186
0.790440 1.086316 7.181740
0.703287 1.003074 6.865664
0.627476 0.919244 6.548561
0.562738 0.837196 6.235180
0.508468 0.758700 5.929278
0.463862 0.684985 5.633629
0.428023 0.616822 5.350140
0.400043 0.554607 5.080000
0.379055 0.498448 4.823831
0.364265 0.448242 4.581832
0.354968 0.403738 4.353894
0.350561 0.364589 4.139694
0.350533 0.330395 3.938768
0.354468 0.300731 3.750562
0.362034 0.275169 3.574472
0.372977 0.253299 3.409870
0.387110 0.234729 3.256126
0.404310 0.219101 3.112617
0.424506 0.206088 2.978740
0.447676 0.195397 2.853913
0.473843 0.186769 2.737582
0.503066 0.179977 2.629221
0.535444 0.174823 2.528335
0.571106 0.171140 2.434457
0.610214 0.168783 2.347150
0.652963 0.167632 2.266005
0.699574 0.167590 2.190644
0.750299 0.168577 2.120713
0.805421 0.170531 2.055886
0.865252 0.173407 1.995864
0.930138 0.177174 1.940373
1.000454 0.181814 1.889162
1.076615 0.187322 1.842008
1.159067 0.193708 1.798710
1.248298 0.200989 1.759093
1.344836 0.209199 1.723009
1.449252 0.218381 1.690333
1.562165 0.228592 1.660973
1.684243 0.239902 1.634862
1.816206 0.252399 1.611971
1.958831 0.266183 1.592305
2.112955 0.281379 1.575913
2.279478 0.298133 1.562893
2.459368 0.316618 1.553405
2.653662 0.337042 1.547678
2.863472 0.359655 1.546032
3.089985 0.384758 1.548904
3.334467 0.412721 1.556872
3.598259 0.444001 1.570714
3.882778 0.479167 1.591464
4.189506 0.518945 1.620517
4.519980 0.564268 1.659775
4.875764 0.616363 1.711868
5.258406 0.676879 1.780520
5.669363 0.748079 1.871132
6.109873 0.833163 1.991795
6.580716 0.936805 2.155099
7.081780 1.066108 2.381599
7.611180 1.232392 2.706877
8.163353 1.454808 3.197340
8.724445 1.768321 3.989636
9.259306 2.243454 5.404511
9.666215 3.042612 8.346550
9.562821 4.605043 16.107084
6.843558 8.005857 42.599950
-3.627691 8.358906 56.476850
-8.600382 2.362479 27.145703
-9.373226 -2.133981 25.246625
-6.749812 -7.113238 49.899507
4.044110 -7.501295 61.038774
8.517420 -0.834727 33.845680
7.651417 4.875915 44.091081
-1.062555 8.101848 70.350002
-7.538076 1.895993 41.036592
-7.165053 -4.145424 45.805717
0.451182 -7.499107 68.853050
6.763753 -1.998282 43.888071
6.470952 3.803600 46.821948
-0.180037 6.806649 65.045922
-5.954405 2.120390 44.734946
-5.955513 -3.154505 44.964436
-0.751649 -6.162467 59.995986
4.813363 -2.797346 45.566536
5.633873 1.864560 40.849102
2.482808 5.189537 52.031605
-2.818579 4.036559 47.676535
-5.000303 0.184452 37.672459
-4.151998 -3.202039 40.737096
-0.603675 -4.681315 46.664623
3.008676 -2.814735 39.484500
4.292866 0.158393 33.485023
3.616304 2.665623 35.159513
1.239085 3.928075 38.882235
-1.581193 3.109812 35.805003
-3.203183 1.091302 30.165155
-3.523992 -0.908755 28.052538
-2.797579 -2.441899 29.224161
-1.223888 -3.160916 30.659861
0.603685 -2.792676 29.162529
1.960052 -1.658408 25.682673
2.636946 -0.344809 22.911919
2.743793 0.821003 21.704609
2.392685 1.713689 21.672418
1.677087 2.250437 21.979301
0.746824 2.364639 21.732930
-0.186765 2.076744 20.558503
-0.950380 1.521045 18.816759
-1.479712 0.864640 17.086329
-1.790382 0.227574 15.699435
-1.923007 -0.329206 14.720217
-1.915471 -0.782312 14.077511
-1.798026 -1.125702 13.656412
-1.596562 -1.360137 13.339166
-1.336229 -1.489955 13.024956
-1.042620 -1.523500 12.643651
-0.740267 -1.474081 12.163658
-0.449797 -1.359525 11.589609
-0.185625 -1.199977 10.950231
0.044640 -1.014976 10.282734
0.239163 -0.821094 9.620654
0.400055 -0.630774 8.988027
0.531574 -0.452305 8.398764
0.638779 -0.290444 7.858703
0.726695 -0.147287 7.368295
0.799882 -0.023095 6.924920
0.862277 0.083029 6.524511
0.917173 0.172642 6.162570
0.967281 0.247614 5.834731
1.014809 0.309906 5.537025
1.061550 0.361428 5.265981
1.108965 0.403964 5.018630
1.158253 0.439130 4.792463
1.210408 0.468362 4.585377
1.266273 0.492918 4.395614
1.326571 0.513891 4.221707
1.391948 0.532224 4.062437
1.462986 0.548729 3.916793
1.540233 0.564107 3.783942
1.624214 0.578966 3.663213
1.715443 0.593841 3.554076
1.814435 0.609208 3.456138
1.921708 0.625504 3.369140
2.037790 0.643141 3.292958
2.163223 0.662522 3.227616
2.298557 0.684055 3.173304
2.444351 0.708173 3.130403
2.601165 0.735353 3.099526
2.769549 0.766135 3.081574
2.950025 0.801158 3.077820
3.143066 0.841186 3.090019
3.349053 0.887167 3.120579
3.568224 0.940292 3.172811
3.800589 1.002093 3.251296
4.045805 1.074579 3.362459
4.302972 1.160434 3.515479
4.570323 1.263332 3.723766
4.844686 1.388409 4.007462
5.120563 1.543034 4.397831
5.388456 1.738063 4.945276
5.631633 1.989906 5.734619
5.819521 2.323855 6.915187
5.893323 2.778690 8.760055
5.733619 3.408377 11.767703
5.093310 4.252533 16.698487
3.541788 5.156341 23.606748
0.887571 5.375500 28.129211
-1.820770 4.221836 25.063664
-3.537949 2.408935 19.574001
-4.413679 0.712793 16.203454
-4.779285 -0.720362 15.201928
-4.739673 -1.966266 16.190587
-4.210146 -3.086606 19.021575
-3.000725 -3.978158 23.036600
-1.107668 -4.247898 25.609835
0.896072 -3.576178 24.115723
2.360980 -2.300107 20.445172
3.202908 -0.948079 17.470530
3.590936 0.249437 15.978361
3.639237 1.261037 15.807249
3.373148 2.097626 16.655658
2.774549 2.734429 18.098555
1.856429 3.083017 19.394305
0.745105 3.038962 19.651223
-0.334920 2.602304 18.580312
-1.204705 1.915853 16.771334
-1.816405 1.155803 14.976176
-2.205285 0.437195 13.578813
-2.422321 -0.191469 12.648372
-2.506121 -0.719302 12.122040
-2.480412 -1.149660 11.903454
-2.359354 -1.487903 11.892169
-2.153749 -1.736534 11.986835
-1.876298 -1.894806 12.086072
-1.544900 -1.961290 12.097400
-1.182895 -1.937937 11.954240
-0.815965 -1.833464 11.631516
-0.467168 -1.663920 11.147894
-0.152802 -1.450060 10.551832
0.119031 -1.213169 9.900475
0.347274 -0.971535 9.243005
0.535506 -0.738680 8.613372
0.689605 -0.523234 8.030539
0.816072 -0.329742 7.502179
0.921074 -0.159763 7.028826
1.010021 -0.012887 6.607154
1.087453 0.112471 6.232157
1.157088 0.218501 5.898422
1.221931 0.307633 5.600799
1.284398 0.382302 5.334697
1.346437 0.444820 5.096177
1.409626 0.497305 4.881936
1.475255 0.541654 4.689251
1.544395 0.579546 4.515903
1.617949 0.612448 4.360108
1.696695 0.641640 4.220450
1.781314 0.668237 4.095833
1.872420 0.693218 3.985439
1.970569 0.717448 3.888705
2.076280 0.741703 3.805307
2.190034 0.766700 3.735155
2.312280 0.793118 3.678407
2.443434 0.821621 3.635490
2.583865 0.852889 3.607141
2.733885 0.887647 3.594473
2.893722 0.926696 3.599065
3.063484 0.970957 3.623103
3.243109 1.021524 3.669570
3.432284 1.079735 3.742540
3.630337 1.147264 3.847605
3.836056 1.226253 3.992522
4.047437 1.319500 4.188213
4.261265 1.430722 4.450345
4.472452 1.564946 4.801868
4.672929 1.729062 5.277191
4.849728 1.932580 5.929119
4.981583 2.188542 6.840255
5.032755 2.514069 8.140365
4.942008 2.928336 10.025466
4.605448 3.440304 12.742124
3.864638 4.005409 16.382420
2.566319 4.430809 20.180310
0.804987 4.353587 21.947589
-0.927600 3.596219 20.400672
-2.209538 2.447347 17.328918
-3.017188 1.273251 14.715389
-3.486904 0.234860 13.131044
-3.721784 -0.648359 12.496543
-3.763231 -1.402645 12.650432
-3.606885 -2.053244 13.466862
-3.221757 -2.600254 14.791754
-2.578662 -3.000673 16.302930
-1.698689 -3.169027 17.423149
-0.695207 -3.028367 17.559921
0.260866 -2.591227 16.621150
1.043074 -1.968622 15.087873
1.618533 -1.291619 13.520625
2.014211 -0.648742 12.225941
2.271148 -0.079991 11.282349
2.422937 0.404920 10.661609
2.491819 0.809972 10.304540
2.491028 1.143170 10.149930
2.428190 1.411882 10.140680
2.308375 1.620965 10.222276
2.136622 1.772474 10.340600
1.919869 1.866442 10.442305
1.668047 1.902443 10.478963
1.394007 1.881516 10.414023
1.112209 1.807770 10.229411
0.836598 1.688981 9.927947
0.578526 1.535904 9.529859
0.345488 1.360674 9.065072
0.140957 1.175018 8.564930
-0.034924 0.988896 8.056317
-0.184289 0.809847 7.559052
-0.310529 0.642925 7.085846
-0.417508 0.491031 6.643601
-0.509056 0.355378 6.235071
-0.588696 0.235983 5.860341
-0.659522 0.132071 5.517963
-0.724180 0.042402 5.205716
-0.784898 -0.034503 4.921095
-0.843538 -0.100199 4.661588
-0.901654 -0.156220 4.424829
-0.960551 -0.204011 4.208663
-1.021338 -0.244903 4.011170
-1.084968 -0.280094 3.830660
-1.152279 -0.310649 3.665661
-1.224023 -0.337508 3.514895
-1.300894 -0.361495 3.377258
-1.383545 -0.383333 3.251807
-1.472609 -0.403654 3.137737
-1.568708 -0.423019 3.034374
-1.672469 -0.441927 2.941165
-1.784527 -0.460830 2.857673
-1.905539 -0.480147 2.783574
-2.036184 -0.500276 2.718662
-2.177166 -0.521606 2.662856
-2.329223 -0.544531 2.616214
-2.493118 -0.569468 2.578952
-2.669646 -0.596867 2.551474
-2.859622 -0.627239 2.534420
-3.063877 -0.661175 2.528722
-3.283241 -0.699383 2.535703
-3.518521 -0.742731 2.557202
-3.770468 -0.792311 2.595774
-4.039717 -0.849521 2.654992
-4.326706 -0.916204 2.739908
-4.631538 -0.994837 2.857802
-4.953754 -1.088843 3.019429
-5.291955 -1.203083 3.241165
-5.643116 -1.344690 3.548917
-6.001318 -1.524522 3.985607
-6.355172 -1.759825 4.626470
-6.682212 -2.079334 5.612695
-6.935298 -2.533411 7.231530
-7.005622 -3.213508 10.119972
-6.610769 -4.275210 15.754676
-4.984867 -5.806777 26.624885
-1.010417 -6.674832 37.177867
3.251981 -4.769869 30.223387
5.334874 -1.957618 21.160012
6.094412 0.397747 18.200635
6.037818 2.449958 20.280548
4.835039 4.433061 27.693159
1.696607 5.691199 36.685806
-2.188637 4.523181 33.316857
-4.390336 1.973329 25.054393
-5.140256 -0.389840 21.796974
-4.908891 -2.407829 23.521237
-3.528685 -4.063569 29.059798
-0.857101 -4.673536 33.183552
1.904924 -3.549725 29.596782
3.528957 -1.597228 23.999069
4.137975 0.263727 21.352753
4.008916 1.833805 21.787219
3.156605 3.057107 24.336883
1.582009 3.677076 26.782244
-0.299265 3.371396 26.195781
-1.817725 2.313504 23.004005
-2.724143 1.025876 19.922648
-3.121457 -0.168082 18.179927
-3.129052 -1.171739 17.745904
-2.799415 -1.959011 18.228514
-2.161072 -2.487200 19.053911
-1.287814 -2.687803 19.494584
-0.332707 -2.527033 19.014611
0.530527 -2.070348 17.690162
1.200119 -1.455621 16.041498
1.663047 -0.811141 14.529044
1.950807 -0.214174 13.353038
2.101137 0.302253 12.530436
2.143768 0.729736 12.001448
2.099630 1.070013 11.685751
1.984151 1.327476 11.502720
1.810721 1.506363 11.377756
1.593090 1.610628 11.246343
1.346269 1.645088 11.059264
1.085965 1.616740 10.787645
0.826992 1.535386 10.424705
0.581507 1.413167 9.982423
0.357851 1.263223 9.484241
0.160347 1.098106 8.956970
-0.010093 0.928533 8.424684
-0.154972 0.762744 7.905668
-0.277208 0.606436 7.411892
-0.380338 0.463065 6.949955
-0.467976 0.334314 6.522505
-0.543510 0.220577 6.129603
-0.609956 0.121379 5.769793
-0.669914 0.035709 5.440848
-0.725584 -0.037735 5.140247
-0.778809 -0.100375 4.865452
-0.831126 -0.153641 4.614067
-0.883826 -0.198901 4.383902
-0.937994 -0.237424 4.172997
-0.994562 -0.270361 3.979623
-1.054340 -0.298735 3.802261
-1.118050 -0.323454 3.639588
-1.186350 -0.345309 3.490451
-1.259855 -0.364994 3.353849
-1.339156 -0.383114 3.228919
-1.424831 -0.400199 3.114920
-1.517459 -0.416719 3.011226
-1.617630 -0.433090 2.917313
-1.725947 -0.449693 2.832761
-1.843041 -0.466883 2.757251
-1.969566 -0.484996 2.690565
-2.106210 -0.504365 2.632597
-2.253694 -0.525332 2.583362
-2.412774 -0.548255 2.543011
-2.584238 -0.573527 2.511861
-2.768906 -0.601594 2.490429
-2.967619 -0.632971 2.479481
-3.181234 -0.668276 2.480111
-3.410602 -0.708263 2.493842
-3.656544 -0.753873 2.522785
-3.919807 -0.806309 2.569876
-4.201001 -0.867135 2.639233
-4.500494 -0.938440 2.736725
-4.818247 -1.023070 2.870907
-5.153534 -1.125017 3.054593
-5.504459 -1.250047 3.307648
-5.867071 -1.406776 3.662201
-6.233651 -1.608616 4.172954
-6.589115 -1.877429 4.939104
-6.902744 -2.250755 6.154773
-7.106855 -2.796484 8.235244
-7.034422 -3.639797 12.148860
-6.221697 -4.968768 20.110435
-3.502292 -6.571017 33.614038
1.342045 -6.179159 36.524318
4.655224 -3.378693 25.341707
5.976982 -0.680937 19.200278
6.301831 1.554124 19.024355
5.665704 3.658091 24.351158
3.271348 5.516771 34.790063
-0.916220 5.389233 37.339962
-3.967860 2.942859 28.211186
-5.166869 0.325998 22.781844
-5.218765 -1.906278 23.197409
-4.109653 -3.811575 28.450654
-1.508737 -4.841162 34.283899
1.594597 -3.970701 31.860319
3.534507 -1.922034 25.508312
4.280363 0.111105 22.254089
4.179148 1.836037 22.641435
3.251973 3.189151 25.594161
1.485814 3.852900 28.393530
-0.591502 3.430145 27.411251
-2.173486 2.188478 23.644690
-3.038994 0.761677 20.461932
-3.340802 -0.521646 19.004120
-3.199823 -1.579764 19.056475
-2.654890 -2.373041 20.030739
-1.751151 -2.815369 21.023439
-0.641550 -2.810858 21.033044
0.427531 -2.379024 19.760760
1.269293 -1.685670 17.837232
1.837946 -0.920479 16.017848
2.171041 -0.202897 14.656739
2.319733 0.416859 13.789906
2.322570 0.925377 13.324339
2.205180 1.322065 13.132325
1.987255 1.607924 13.080323
1.689391 1.782913 13.039902
1.336948 1.848352 12.903238
0.959532 1.811167 12.603849
0.586534 1.686551 12.129358
0.241538 1.496853 11.514642
-0.061115 1.267308 10.818847
-0.316309 1.021243 10.100999
-0.525744 0.776975 9.405535
-0.694961 0.546920 8.758966
-0.830957 0.338221 8.173025
-0.940724 0.154016 7.649668
-1.030535 -0.005272 7.185419
-1.105700 -0.140887 6.774363
-1.170572 -0.254981 6.409939
-1.228658 -0.350108 6.085866
-1.282760 -0.428914 5.796566
-1.335113 -0.493945 5.537284
-1.387505 -0.547557 5.304076
-1.441373 -0.591867 5.093722
-1.497884 -0.628746 4.903625
-1.558000 -0.659827 4.731713
-1.622525 -0.686526 4.576347
-1.692145 -0.710066 4.436253
-1.767454 -0.731502 4.310462
-1.848980 -0.751752 4.198271
-1.937200 -0.771624 4.099212
-2.032549 -0.791835 4.013036
-2.135430 -0.813042 3.939710
-2.246210 -0.835860 3.879423
-2.365222 -0.860892 3.832607
-2.492755 -0.888745 3.799973
-2.629041 -0.920063 3.782563
-2.774229 -0.955553 3.781830
-2.928358 -0.996020 3.799754
-3.091309 -1.042412 3.838999
-3.262734 -1.095874 3.903150
-3.441963 -1.157820 3.997048
-3.627859 -1.230034 4.127288
-3.818607 -1.314799 4.302968
-4.011386 -1.415089 4.536818
-4.201867 -1.534819 4.846965
-4.383405 -1.679199 5.259683
-4.545711 -1.855174 5.813719
-4.672629 -2.071894 6.566945
-4.738362 -2.340888 7.605750
-4.701200 -2.674774 9.054640
-4.494181 -3.081032 11.070341
-4.016710 -3.542046 13.761304
-3.150408 -3.968981 16.896113
-1.856185 -4.153529 19.425249
-0.335537 -3.859598 19.854489
1.036431 -3.088928 18.101880
2.042725 -2.095296 15.623008
2.702149 -1.113265 13.554954
3.109239 -0.244265 12.213450
3.336687 0.496487 11.546765
3.420347 1.125315 11.438987
3.368087 1.661949 11.790543
3.170431 2.116174 12.505907
2.812183 2.479739 13.447360
2.288933 2.722815 14.386700
1.627366 2.802086 15.013506
0.895107 2.686433 15.061721
0.181668 2.386192 14.484939
-0.440566 1.956081 13.480071
-0.939952 1.467663 12.327117
-1.319640 0.980244 11.235432
-1.599246 0.529960 10.305634
-1.801018 0.133026 9.561515
-1.943758 -0.206975 8.989260
-2.041533 -0.493013 8.562124
-2.104285 -0.730782 8.252001
-2.138879 -0.926597 8.033623
-2.150056 -1.086376 7.885447
-2.141176 -1.215211 7.789301
-2.114765 -1.317264 7.729728
-2.072906 -1.395819 7.693390
-2.017519 -1.453418 7.668667
-1.950539 -1.492040 7.645450
-1.874025 -1.513282 7.615121
-1.790195 -1.518545 7.570643
-1.701403 -1.509180 7.506707
-1.610068 -1.486612 7.419835
-1.518575 -1.452405 7.308398
-1.429161 -1.408279 7.172500
-1.343820 -1.356084 7.013736
-1.264221 -1.297739 6.834841
-1.191675 -1.235153 6.639305
-1.127120 -1.170142 6.430989
-1.071152 -1.104361 6.213791
-1.024069 -1.039251 5.991397
-0.985926 -0.976013 5.767113
-0.956601 -0.915600 5.543777
-0.935850 -0.858723 5.323731
-0.923360 -0.805879 5.108838
-0.918788 -0.757373 4.900530
-0.921796 -0.713354 4.699860
-0.932072 -0.673848 4.507568
-0.949350 -0.638788 4.324137
-0.973419 -0.608035 4.149848
-1.004128 -0.581411 3.984825
-1.041389 -0.558707 3.829074
-1.085180 -0.539705 3.682515
-1.135543 -0.524189 3.545008
-1.192582 -0.511951 3.416374
-1.256461 -0.502799 3.296414
-1.327403 -0.496563 3.184921
-1.405687 -0.493099 3.081692
-1.491650 -0.492289 2.986540
-1.585681 -0.494046 2.899304
-1.688220 -0.498314 2.819857
-1.799763 -0.505073 2.748115
-1.920853 -0.514338 2.684052
-2.052086 -0.526164 2.627708
-2.194105 -0.540652 2.579208
-2.347603 -0.557951 2.538781
-2.513314 -0.578272 2.506785
-2.692015 -0.601893 2.483742
-2.884514 -0.629179 2.470389
-3.091645 -0.660601 2.467736
-3.314251 -0.696766 2.477168
-3.553156 -0.738460 2.500572
-3.809140 -0.786706 2.540539
-4.082873 -0.842852 2.600667
-4.374840 -0.908701 2.686024
-4.685197 -0.986711 2.803909
-5.013554 -1.080304 2.965103
-5.358589 -1.194377 3.186055
-5.717370 -1.336157 3.492860
-6.084069 -1.516706 3.928941
-6.447356 -1.753716 4.570870
-6.784648 -2.076911 5.563558
-7.048003 -2.538983 7.205410
-7.124942 -3.237252 10.170116
-6.716382 -4.341655 16.061372
-4.985380 -5.952866 27.653952
-0.733917 -6.779165 38.308624
3.595732 -4.639922 29.991341
5.591248 -1.737163 20.944574
6.273919 0.661001 18.480138
6.088694 2.789759 21.437022
4.546615 4.855426 30.301687
0.854910 5.827377 38.560685
-2.995186 4.067310 32.125377
-4.853982 1.345697 24.265327
-5.329730 -1.042998 22.425577
-4.732199 -3.099345 25.908229
-2.720849 -4.623509 32.598451
0.441337 -4.556207 34.001718
2.944431 -2.779382 27.903871
4.110953 -0.655794 23.114267
4.322332 1.203673 22.163562
3.724078 2.728145 24.334480
2.249619 3.722483 27.705223
0.173778 3.731317 28.404199
-1.672608 2.716754 25.229279
-2.802737 1.290850 21.534401
-3.296837 -0.072338 19.412300
-3.310021 -1.225541 18.968210
-2.904998 -2.129577 19.710129
-2.111419 -2.716109 20.839613
-1.037943 -2.877743 21.296043
0.084146 -2.578981 20.427344
1.024897 -1.945805 18.609682
1.689847 -1.179443 16.673685
2.098360 -0.429713 15.131937
2.302999 0.232077 14.105040
2.347964 0.783250 13.525195
2.262831 1.220586 13.267348
2.068676 1.544889 13.194282
1.785712 1.755968 13.170054
1.438514 1.853960 13.074050
1.056874 1.843670 12.822675
0.672036 1.738239 12.387348
0.310674 1.559151 11.793558
-0.009659 1.332353 11.099618
-0.281430 1.082998 10.369416
-0.505017 0.831563 9.653810
-0.685531 0.592363 8.984591
-0.830082 0.373943 8.376833
-0.946020 0.180343 7.834143
-1.040033 0.012487 7.353580
-1.117825 -0.130636 6.929151
-1.184078 -0.251119 6.553930
-1.242565 -0.351555 6.221191
-1.296296 -0.434678 5.924919
-1.347664 -0.503150 5.659981
-1.398576 -0.559440 5.422116
-1.450557 -0.605781 5.207854
-1.504841 -0.644146 5.014406
-1.562435 -0.676259 4.839550
-1.624174 -0.703615 4.681538
-1.690760 -0.727502 4.539015
-1.762797 -0.749034 4.410951
-1.840815 -0.769174 4.296599
-1.925283 -0.788764 4.195455
-2.016626 -0.808552 4.107245
-2.115229 -0.829213 4.031911
-2.221441 -0.851376 3.969618
-2.335571 -0.875649 3.920770
-2.457883 -0.902637 3.886042
-2.588582 -0.932975 3.866430
-2.727791 -0.967351 3.863323
-2.875523 -1.006539 3.878607
-3.031637 -1.051445 3.914812
-3.195773 -1.103147 3.975327
-3.367261 -1.162971 4.064700
-3.544990 -1.232571 4.189085
-3.727212 -1.314045 4.356900
-3.911252 -1.410100 4.579807
-4.093052 -1.524258 4.874220
-4.266467 -1.661143 5.263604
-4.422128 -1.826829 5.782007
-4.545576 -2.029182 6.479328
-4.614191 -2.277925 7.428505
-4.592228 -2.583533 8.732490
-4.423618 -2.952415 10.519697
-4.025275 -3.372255 12.887861
-3.296072 -3.778407 15.703389
-2.180855 -4.012197 18.232148
-0.798851 -3.861459 19.203850
0.544983 -3.258655 18.113489
1.602073 -2.377063 15.935131
2.331246 -1.444784 13.832990
2.802853 -0.591531 12.301419
3.091142 0.144690 11.384049
3.241899 0.769118 10.991532
3.274674 1.299164 11.028650
3.191075 1.749704 11.414150
2.982793 2.125683 12.061230
2.640720 2.417788 12.845130
2.166990 2.602152 13.579420
1.587488 2.648443 14.037038
0.955394 2.537807 14.039274
0.336926 2.280454 13.558320
-0.213472 1.916621 12.726775
-0.668787 1.499493 11.742223
-1.027422 1.075939 10.767566
-1.302025 0.677359 9.894851
-1.509497 0.320090 9.157625
-1.665587 0.009752 8.555650
-1.783032 -0.254357 8.073857
-1.871466 -0.476111 7.692977
-1.937945 -0.660629 7.394397
-1.987571 -0.813216 7.161916
-2.024024 -0.938832 6.982076
-2.049968 -1.041873 6.843922
-2.067353 -1.126101 6.738596
-2.077626 -1.194674 6.658927
-2.081882 -1.250192 6.599075
-2.080975 -1.294779 6.554241
-2.075595 -1.330152 6.520447
-2.066324 -1.357687 6.494361
-2.053679 -1.378491 6.473176
-2.038141 -1.393447 6.454511
-2.020175 -1.403272 6.436353
-2.000246 -1.408549 6.417006
-1.978826 -1.409768 6.395064
-1.956399 -1.407354 6.369390
-1.933457 -1.401685 6.339105
-1.910503 -1.393118 6.303571
-1.888041 -1.381996 6.262386
-1.866571 -1.368659 6.215371
-1.846584 -1.353451 6.162550
-1.828549 -1.336720 6.104136
-1.812915 -1.318818 6.040509
-1.800095 -1.300101 5.972189
-1.790473 -1.280919 5.899812
-1.784392 -1.261622 5.824108
-1.782159 -1.242545 5.745870
-1.784040 -1.224013 5.665937
-1.790269 -1.206330 5.585171
-1.801041 -1.189784 5.504444
-1.816522 -1.174642 5.424627
-1.836845 -1.161150 5.346576
-1.862122 -1.149534 5.271136
-1.892435 -1.140005 5.199136
-1.927847 -1.132757 5.131393
-1.968395 -1.127974 5.068720
-2.014096 -1.125834 5.011935
-2.064938 -1.126513 4.961875
-2.120883 -1.130189 4.919412
-2.181853 -1.137049 4.885473
-2.247730 -1.147297 4.861065
-2.318338 -1.161156 4.847304
-2.393430 -1.178878 4.845449
-2.472669 -1.200752 4.856947
-2.555604 -1.227111 4.883479
-2.641635 -1.258340 4.927030
-2.729972 -1.294885 4.989957
-2.819583 -1.337264 5.075086
-2.909130 -1.386066 5.185816
-2.996874 -1.441965 5.326244
-3.080576 -1.505701 5.501304
-3.157350 -1.578069 5.716889
-3.223499 -1.659862 5.979944
-3.274313 -1.751772 6.298424
-3.303841 -1.854206 6.680988
-3.304686 -1.966962 7.136142
-3.267882 -2.088703 7.670391
-3.183045 -2.216149 8.284756
-3.039057 -2.342982 8.969043
-2.825727 -2.458636 9.693948
-2.536750 -2.547574 10.403368
-2.173774 -2.590199 11.013236
-1.750055 -2.566638 11.425708
-1.290875 -2.463253 11.561286
-0.828582 -2.278960 11.394113
-0.393775 -2.027005 10.964419
-0.007601 -1.730591 10.357625
0.320902 -1.415371 9.667813
0.592648 -1.103234 8.970352
0.814416 -0.809504 8.312822
0.995244 -0.542970 7.718639
1.144173 -0.307297 7.194947
1.269189 -0.102697 6.739755
1.376902 0.072685 6.346847
1.472599 0.221775 6.008649
1.560434 0.347923 5.717720
1.643644 0.454520 5.467412
1.724754 0.544787 5.252089
1.805733 0.621671 5.067134
1.888122 0.687808 4.908867
1.973135 0.745529 4.774429
2.061725 0.796880 4.661677
2.154637 0.843658 4.569093
2.252441 0.887451 4.495719
2.355553 0.929678 4.441111
2.464243 0.971631 4.405326
2.578632 1.014514 4.388935
2.698674 1.059487 4.393062
2.824128 1.107706 4.419464
2.954508 1.160370 4.470657
3.089018 1.218768 4.550095
3.226446 1.284336 4.662436
3.365024 1.358721 4.813903
3.502225 1.443849 5.012805
3.634465 1.542002 5.270235
3.756685 1.655886 5.601018
3.861743 1.788660 6.024908
3.939535 1.943846 6.567918
3.975789 2.124950 7.263256
3.950509 2.334407 8.150262
3.836391 2.571140 9.267277
3.598470 2.825587 10.629888
3.198333 3.071357 12.182383
2.608817 3.256156 13.724711
1.841857 3.304086 14.882592
0.971972 3.146976 15.260132
0.117392 2.774175 14.748540
-0.621379 2.246856 13.627695
-1.203482 1.656399 12.313415
-1.638039 1.077025 11.099573
-1.954381 0.550019 10.110508
-2.182037 0.090488 9.364612
-2.343647 -0.301385 8.836411
-2.454502 -0.632115 8.489676
-2.524083 -0.910240 8.290202
-2.557773 -1.143999 8.208932
-2.558237 -1.340276 8.221330
-2.526493 -1.504171 8.305615
-2.462783 -1.638900 8.440866
-2.367337 -1.745883 8.605490
-2.241078 -1.825014 8.776410
-2.086237 -1.875113 8.929296
-1.906765 -1.894603 9.040077
-1.708432 -1.882311 9.087582
-1.498490 -1.838276 9.056666
-1.284942 -1.764321 8.940694
-1.075569 -1.664211 8.742358
-0.877015 -1.543332 8.472424
-0.694154 -1.408019 8.146910
-0.529875 -1.264765 7.783761
-0.385226 -1.119517 7.400019
-0.259799 -0.977218 7.010053
-0.152188 -0.841607 6.624844
-0.060408 -0.715228 6.252061
0.017770 -0.599573 5.896564
0.084585 -0.495285 5.561041
0.142149 -0.402371 5.246629
0.192371 -0.320396 4.953422
0.236932 -0.248638 4.680857
0.277281 -0.186213 4.427990
0.314659 -0.132166 4.193681
0.350120 -0.085532 3.976714
0.384559 -0.045379 3.775869
0.418739 -0.010833 3.589969
0.453316 0.018906 3.417902
0.488863 0.044564 3.258630
0.525885 0.066787 3.111192
0.564839 0.086145 2.974707
0.606145 0.103140 2.848366
0.650200 0.118212 2.731429
0.697388 0.131742 2.623222
0.748084 0.144064 2.523129
0.802669 0.155470 2.430590
0.861527 0.166213 2.345095
0.925058 0.176518 2.266182
0.993678 0.186583 2.193434
1.067826 0.196587 2.126476
1.147969 0.206692 2.064972
1.234600 0.217047 2.008626
1.328249 0.227795 1.957179
1.429482 0.239071 1.910412
1.538907 0.251010 1.868141
1.657176 0.263749 1.830224
1.784989 0.277429 1.796560
1.923097 0.292200 1.767096
2.072310 0.308226 1.741826
2.233491 0.325687 1.720804
2.407571 0.344787 1.704153
2.595543 0.365762 1.692073
2.798468 0.388886 1.684868
3.017479 0.414484 1.682963
3.253776 0.442948 1.686943
3.508629 0.474757 1.697601
3.783374 0.510507 1.716013
4.079400 0.550949 1.743634
4.398133 0.597050 1.782461
4.741010 0.650074 1.835269
5.109425 0.711718 1.905990
5.504649 0.784304 2.000336
5.927684 0.871111 2.126862
6.379004 0.976918 2.298870
6.858077 1.108964 2.538034
7.362408 1.278744 2.881757
7.885485 1.505605 3.399510
8.411840 1.824593 4.233158
8.903312 2.305505 5.711513
9.252307 3.105440 8.740597
9.071045 4.628721 16.454539
6.432094 7.726870 40.456452
-2.864549 8.200658 54.234883
-7.877805 2.778281 27.575132
-8.876633 -1.425648 23.408304
-7.430984 -5.675985 38.928538
0.786493 -8.317353 64.103673
7.267109 -2.835483 36.572368
8.027152 2.383773 33.522328
4.106247 7.164243 57.889924
-4.653232 5.402036 51.777897
-7.370514 -0.313977 35.941377
-5.531330 -5.268936 48.789257
1.912009 -6.384955 58.914724
6.300827 -1.365393 39.357208
5.943099 3.431220 42.161603
0.900034 6.242274 57.211747
-4.640191 3.142148 43.798499
-5.807236 -1.306609 37.421992
-3.498425 -4.813765 47.270820
1.697098 -4.809275 48.678088
4.729568 -1.326531 37.007879
4.809042 2.128366 36.130554
2.343377 4.480630 43.368938
-1.598170 3.986106 41.873501
-3.909547 1.320232 33.618714
-4.218761 -1.358172 31.555972
-2.891081 -3.350904 35.076365
-0.265098 -3.861976 36.931566
2.153816 -2.561460 32.334196
3.339279 -0.589754 27.674775
3.439342 1.206858 26.450261
2.647850 2.539733 27.775751
1.143822 3.119922 28.969816
-0.548168 2.744410 27.528399
-1.825209 1.703037 24.355619
-2.510474 0.493308 21.694941
-2.695574 -0.598058 20.345210
-2.481552 -1.463693 20.077862
-1.941631 -2.045140 20.300893
-1.173101 -2.289072 20.313840
-0.325707 -2.182763 19.635746
0.444255 -1.796105 18.305717
1.043664 -1.255485 16.727017
1.454998 -0.678507 15.271655
1.701781 -0.139747 14.109182
1.816731 0.325346 13.254019
1.828410 0.704741 12.649445
1.759378 0.997475 12.218031
1.628181 1.207063 11.883794
1.451519 1.338947 11.581762
1.245354 1.400085 11.263268
1.024834 1.399224 10.898922
0.803422 1.346951 10.478514
0.591866 1.255155 10.007446
0.397572 1.136003 9.500811
0.224589 1.000818 8.977215
0.074130 0.859219 8.454099
-0.054650 0.718691 7.945211
-0.163867 0.584552 7.459916
-0.256265 0.460202 7.003632
-0.334762 0.347485 6.578736
-0.402169 0.247086 6.185513
-0.461046 0.158882 5.822944
-0.513638 0.082222 5.489293
-0.561873 0.016148 5.182499
-0.607384 -0.040451 4.900421
-0.651545 -0.088732 4.640979
-0.695512 -0.129829 4.402229
-0.740266 -0.164809 4.182394
-0.786642 -0.194652 3.979868
-0.835368 -0.220241 3.793216
-0.887087 -0.242360 3.621158
-0.942384 -0.261698 3.462552
-1.001799 -0.278858 3.316389
-1.065849 -0.294366 3.181769
-1.135038 -0.308680 3.057896
-1.209867 -0.322199 2.944067
-1.290845 -0.335276 2.839663
-1.378497 -0.348221 2.744147
-1.473368 -0.361317 2.657053
-1.576031 -0.374823 2.577992
-1.687089 -0.388980 2.506644
-1.807184 -0.404025 2.442765
-1.936995 -0.420191 2.386187
-2.077246 -0.437720 2.336826
-2.228704 -0.456867 2.294695
-2.392184 -0.477914 2.259910
-2.568548 -0.501176 2.232720
-2.758703 -0.527016 2.213529
-2.963602 -0.555865 2.202938
-3.184234 -0.588240 2.201802
-3.421615 -0.624776 2.211309
-3.676772 -0.666267 2.233100
-3.950717 -0.713725 2.269444
-4.244399 -0.768463 2.323507
-4.558645 -0.832222 2.399767
-4.894039 -0.907367 2.504692
-5.250743 -0.997185 2.647871
-5.628181 -1.106391 2.844001
-6.024456 -1.241980 3.116538
-6.435264 -1.414758 3.504845
-6.851632 -1.642253 4.079230
-7.254840 -1.954590 4.975447
-7.603521 -2.407237 6.482601
-7.795670 -3.110135 9.294815
-7.535420 -4.288366 15.290754
-5.826698 -6.244039 29.062705
-0.613118 -7.518215 44.365536
4.639676 -4.674212 31.651824
6.636553 -1.212022 21.372724
7.108515 1.580156 20.627234
6.232091 4.285119 28.571958
2.477176 6.586993 44.222625
-3.108441 5.121331 39.581413
-5.727764 1.519559 27.520513
-6.174392 -1.619732 26.038522
-4.811730 -4.385651 34.086046
-0.815920 -5.760289 43.393397
3.368772 -3.742074 35.504952
5.108640 -0.646016 27.569556
5.125232 2.055308 27.813709
3.492394 4.207013 34.330239
0.161365 4.762944 38.193110
-2.840132 3.027540 31.928284
-4.198560 0.622219 26.236523
-4.306777 -1.505741 25.529964
-3.327627 -3.172794 28.643335
-1.282098 -3.950011 31.726713
1.059416 -3.333344 29.856022
2.663100 -1.806483 25.285418
3.380616 -0.178441 22.265433
3.420511 1.224427 21.596235
2.883824 2.307839 22.604082
1.828342 2.941621 23.957487
0.470351 2.960045 23.980757
-0.805998 2.387352 22.189795
-1.732876 1.493487 19.725881
-2.279037 0.552706 17.700675
-2.515030 -0.291731 16.458717
-2.506974 -0.990209 15.909026
-2.297392 -1.526946 15.820070
-1.920228 -1.889687 15.914148
-1.419275 -2.065423 15.910457
-0.855616 -2.052242 15.601036
-0.297276 -1.872800 14.930138
0.201088 -1.574010 13.993525
0.611052 -1.211894 12.951685
0.928381 -0.834935 11.940775
1.163014 -0.476222 11.037860
1.329870 -0.153980 10.269122
1.443613 0.124332 9.630528
1.516654 0.357819 9.104564
1.558856 0.549080 8.670001
1.577891 0.702285 8.306563
1.579730 0.822101 7.996736
1.569078 0.913129 7.726199
1.549710 0.979660 7.483671
1.524699 1.025577 7.260553
1.496577 1.054346 7.050507
1.467438 1.069038 6.849063
1.439012 1.072361 6.653242
1.412718 1.066693 6.461231
1.389702 1.054113 6.272101
1.370879 1.036424 6.085556
1.356962 1.015180 5.901741
1.348497 0.991701 5.721078
1.345894 0.967099 5.544147
1.349456 0.942297 5.371594
1.359405 0.918047 5.204069
1.375906 0.894957 5.042191
1.399087 0.873507 4.886523
1.429058 0.854070 4.737561
1.465923 0.836934 4.595738
1.509791 0.822316 4.461427
1.560785 0.810381 4.334952
1.619050 0.801253 4.216604
1.684751 0.795036 4.106651
1.758081 0.791816 4.005360
1.839261 0.791682 3.913008
1.928535 0.794727 3.829909
2.026171 0.801067 3.756433
2.132455 0.810844 3.693032
2.247686 0.824241 3.640270
2.372167 0.841493 3.598865
2.506191 0.862901 3.569736
2.650028 0.888851 3.554066
2.803898 0.919834 3.553393
2.967941 0.956480 3.569725
3.142173 0.999593 3.605707
3.326423 1.050207 3.664857
3.520238 1.109659 3.751911
3.722752 1.179698 3.873330
3.932480 1.262626 4.038085
4.147003 1.361522 4.258860
4.362471 1.480547 4.553981
4.572783 1.625405 4.950555
