0.165830 0.155585 -1.039251
0.190806 0.096024 -0.842429
0.204852 0.045687 -0.643457
0.209485 0.001440 -0.443596
0.205679 -0.039038 -0.243696
0.193998 -0.077580 -0.044402
0.174670 -0.115759 0.153706
0.147619 -0.155066 0.350022
0.112465 -0.197069 0.543814
0.068492 -0.243579 0.734110
0.014585 -0.296826 0.919534
-0.050877 -0.359675 1.098042
-0.130172 -0.435866 1.266507
-0.226432 -0.530209 1.420030
-0.343854 -0.648529 1.550858
-0.487847 -0.796824 1.646822
-0.664828 -0.978490 1.689661
-0.881133 -1.187842 1.654988
-1.140180 -1.399380 1.518711
-1.437496 -1.559369 1.276293
-1.755785 -1.598077 0.969721
-2.065536 -1.471092 0.689716
-2.333933 -1.191043 0.528214
-2.534992 -0.806036 0.523610
-2.651868 -0.352521 0.651882
-2.671567 0.168538 0.845424
-2.578140 0.784021 0.995472
-2.350742 1.503504 0.928252
-1.977537 2.201351 0.423565
-1.495109 2.528586 -0.542042
-1.006990 2.264892 -1.534631
-0.610050 1.688168 -2.128105
-0.328646 1.147737 -2.328945
-0.140813 0.755440 -2.307914
-0.017792 0.492878 -2.184731
0.062229 0.319063 -2.017249
0.113583 0.201874 -1.830663
0.145342 0.120388 -1.635816
0.163243 0.061629 -1.437475
0.170968 0.017582 -1.237806
0.170918 -0.016778 -1.037825
0.164685 -0.044678 -0.838032
0.153333 -0.068256 -0.638685
0.137571 -0.088984 -0.439934
0.117857 -0.107934 -0.241882
0.094461 -0.125934 -0.044624
0.067499 -0.143694 0.151736
0.036955 -0.161880 0.347066
0.002672 -0.181199 0.541184
-0.035655 -0.202479 0.733832
-0.078520 -0.226771 0.924636
-0.126658 -0.255495 1.113036
-0.181145 -0.290647 1.298172
-0.243535 -0.335114 1.478676
-0.316090 -0.393147 1.652300
-0.402111 -0.471032 1.815201
-0.506429 -0.577928 1.960600
-0.636055 -0.726515 2.076219
-0.800836 -0.932014 2.139754
-1.013441 -1.205467 2.112500
-1.286778 -1.533140 1.937132
-1.625474 -1.839479 1.561966
-2.011213 -1.975971 1.017656
-2.395940 -1.819843 0.477146
-2.721511 -1.402785 0.144221
-2.948505 -0.855430 0.081568
-3.061101 -0.266504 0.212396
-3.053245 0.351440 0.405732
-2.917327 1.015870 0.505998
-2.645606 1.694295 0.329098
-2.250267 2.208288 -0.256880
-1.791091 2.300520 -1.111304
-1.359059 1.969177 -1.846478
-1.013021 1.489760 -2.249074
-0.758552 1.073449 -2.375747
-0.575794 0.772733 -2.344256
-0.442980 0.568986 -2.233143
-0.343734 0.432473 -2.082701
-0.267086 0.339793 -1.912217
-0.205951 0.275284 -1.730974
-0.155767 0.228973 -1.543601
-0.113573 0.194572 -1.352522
-0.077414 0.168084 -1.159071
-0.045986 0.146919 -0.964016
-0.018407 0.129359 -0.767824
0.005919 0.114225 -0.570786
0.027388 0.100671 -0.373093
0.046250 0.088055 -0.174875
0.062637 0.075847 0.023781
0.076583 0.063562 0.222806
0.088024 0.050705 0.422149
0.096790 0.036706 0.621762
0.102583 0.020843 0.821591
0.104938 0.002137 1.021557
0.103156 -0.020824 1.221533
0.096186 -0.050164 1.421276
0.082449 -0.089178 1.620308
0.059525 -0.143142 1.817632
0.023632 -0.220694 2.011091
-0.031262 -0.336194 2.195803
-0.114932 -0.513460 2.360279
-0.243243 -0.790178 2.476689
-0.440966 -1.215827 2.478198
-0.741272 -1.811724 2.221315
-1.167933 -2.429228 1.504589
-1.685121 -2.633733 0.366314
-2.174972 -2.168931 -0.637265
-2.531160 -1.378464 -1.082199
-2.729847 -0.629250 -1.088968
-2.791796 -0.010745 -0.914522
-2.741021 0.504257 -0.731826
-2.595195 0.941429 -0.641341
-2.370196 1.291260 -0.696515
-2.087150 1.514319 -0.897927
-1.775289 1.576799 -1.184285
-1.466420 1.491119 -1.461415
-1.184893 1.314769 -1.658225
-0.942263 1.111257 -1.753268
-0.739432 0.921251 -1.759571
-0.571757 0.760835 -1.700574
-0.433015 0.631479 -1.597099
-0.317388 0.528742 -1.464122
-0.220126 0.446901 -1.311533
-0.137582 0.380780 -1.145673
-0.067045 0.326219 -0.970599
-0.006538 0.280023 -0.788940
0.045358 0.239760 -0.602432
0.089635 0.203550 -0.412256
0.126948 0.169882 -0.219236
0.157672 0.137466 -0.023973
0.181937 0.105096 0.173066
0.199631 0.071533 0.371483
0.210377 0.035354 0.570884
0.213481 -0.005220 0.770809
0.207838 -0.052581 0.970613
0.191774 -0.110114 1.169268
0.162789 -0.182787 1.364979
0.117162 -0.278034 1.554420
0.049338 -0.407012 1.731143
-0.048963 -0.585986 1.882296
-0.189814 -0.836338 1.982058
-0.389619 -1.177677 1.980504
-0.666494 -1.600157 1.794209
-1.028805 -2.004675 1.335081
-1.452868 -2.178101 0.635382
-1.873499 -1.963973 -0.050087
-2.218882 -1.459848 -0.450844
-2.452142 -0.871931 -0.528690
-2.569656 -0.310645 -0.402990
-2.579130 0.210582 -0.207960
-2.486919 0.708734 -0.054610
-2.297120 1.182874 -0.038487
-2.018612 1.582443 -0.229008
-1.675640 1.810366 -0.618044
-1.310754 1.798293 -1.083773
-0.969711 1.588075 -1.466080
-0.681012 1.294386 -1.684265
-0.451209 1.009889 -1.749667
-0.273777 0.773439 -1.708011
-0.138334 0.589097 -1.600300
-0.035253 0.447984 -1.453759
0.043015 0.339265 -1.284585
0.101997 0.253785 -1.102100
0.145614 0.184635 -0.911691
0.176602 0.126795 -0.716548
0.196841 0.076616 -0.518638
0.207576 0.031374 -0.319248
0.209577 -0.011062 -0.119297
0.203218 -0.052495 0.080473
0.188534 -0.094593 0.279365
0.165222 -0.139079 0.476616
0.132614 -0.187907 0.671260
0.089611 -0.243475 0.861963
0.034571 -0.308873 1.046745
-0.034863 -0.388186 1.222535
-0.121986 -0.486784 1.384421
-0.231310 -0.611410 1.524405
-0.368785 -0.769493 1.629493
-0.541711 -0.966338 1.679330
-0.757682 -1.197848 1.645217
-1.021462 -1.437270 1.496353
-1.329082 -1.623139 1.222618
-1.661561 -1.672725 0.869856
-1.985502 -1.535039 0.544841
-2.264417 -1.231451 0.354322
-2.471296 -0.825301 0.337566
-2.590914 -0.363316 0.462465
-2.613404 0.147949 0.655586
-2.527025 0.729615 0.812644
-2.316157 1.388988 0.783042
-1.972221 2.029216 0.384640
-1.523906 2.378556 -0.422434
-1.055478 2.224490 -1.320035
-0.656447 1.739478 -1.920184
-0.360772 1.230633 -2.161652
-0.156339 0.835234 -2.173226
-0.018705 0.558509 -2.069215
0.072893 0.369375 -1.911760
0.132915 0.238592 -1.730056
0.170836 0.145635 -1.537390
0.192794 0.077223 -1.339878
0.202792 0.024917 -1.140423
0.203471 -0.016692 -0.940453
0.196590 -0.051144 -0.740709
0.183329 -0.080832 -0.541603
0.164462 -0.107440 -0.343394
0.140474 -0.132227 -0.146281
0.111625 -0.156203 0.049548
0.077987 -0.180262 0.243882
0.039456 -0.205283 0.436448
-0.004254 -0.232226 0.626884
-0.053638 -0.262238 0.814675
-0.109451 -0.296783 0.999081
-0.172783 -0.337818 1.178998
-0.245188 -0.388032 1.352744
-0.328854 -0.451164 1.517678
-0.426855 -0.532374 1.669548
-0.543464 -0.638540 1.801373
-0.684492 -0.778015 1.901605
-0.857428 -0.958650 1.951528
-1.070813 -1.181548 1.923031
-1.331677 -1.427567 1.781766
-1.639695 -1.639983 1.506627
-1.979293 -1.727192 1.129856
-2.317062 -1.614776 0.759193
-2.612002 -1.306617 0.522643
-2.831011 -0.867394 0.479588
-2.953947 -0.351167 0.599578
-2.966846 0.235816 0.793013
-2.853053 0.920556 0.920455
-2.592227 1.695095 0.770231
-2.181068 2.368867 0.117209
-1.678209 2.551001 -0.947808
-1.200848 2.151221 -1.889995
-0.830556 1.552594 -2.381651
-0.572501 1.054518 -2.518763
-0.398124 0.713243 -2.472738
-0.279157 0.492710 -2.344311
-0.195834 0.350722 -2.179358
-0.135641 0.257509 -1.997618
-0.090834 0.194475 -1.807722
-0.056599 0.150356 -1.613614
-0.029892 0.118318 -1.417197
-0.008751 0.094149 -1.219441
0.008113 0.075196 -1.020869
0.021560 0.059737 -0.821776
0.032164 0.046621 -0.622341
0.040310 0.035040 -0.422675
0.046242 0.024399 -0.222852
0.050100 0.014223 -0.022928
0.051934 0.004093 0.177054
0.051713 -0.006403 0.377052
0.049318 -0.017724 0.577022
0.044531 -0.030434 0.776905
0.037002 -0.045288 0.976618
0.026203 -0.063352 1.176030
0.011344 -0.086212 1.374918
-0.008761 -0.116304 1.572882
-0.035912 -0.157483 1.769168
-0.072902 -0.216010 1.962271
-0.124148 -0.302241 2.149017
-0.196772 -0.433444 2.322360
-0.302376 -0.637906 2.465906
-0.459633 -0.958145 2.540552
-0.696509 -1.439794 2.456127
-1.045373 -2.060544 2.041089
-1.513465 -2.562064 1.141159
-2.031516 -2.501182 -0.000921
-2.474130 -1.861391 -0.787504
-2.766074 -1.061895 -1.024420
-2.905437 -0.352732 -0.929916
-2.914944 0.241152 -0.736236
-2.814494 0.751238 -0.591022
-2.619478 1.184275 -0.584315
-2.348301 1.503715 -0.753714
-2.029356 1.654080 -1.062731
-1.699234 1.618601 -1.407665
-1.390946 1.448664 -1.683361
-1.123265 1.225356 -1.842464
-0.900260 1.008973 -1.891904
-0.717399 0.826002 -1.859652
-0.567329 0.680687 -1.772609
-0.442948 0.567954 -1.650173
-0.338457 0.480596 -1.504891
-0.249456 0.412083 -1.344575
-0.172713 0.357265 -1.174071
-0.105895 0.312295 -0.996428
-0.047328 0.274350 -0.813602
0.004173 0.241345 -0.626882
0.049433 0.211703 -0.437138
0.088995 0.184180 -0.244976
0.123177 0.157729 -0.050829
0.152094 0.131385 0.144979
0.175673 0.104169 0.342187
0.193630 0.074970 0.540561
0.205438 0.042404 0.739846
0.210246 0.004622 0.939707
0.206766 -0.041000 1.139613
0.193069 -0.098339 1.338620
0.166264 -0.173289 1.534935
0.121981 -0.274984 1.724958
0.053558 -0.417600 1.901212
-0.049190 -0.622451 2.047730
-0.201473 -0.918048 2.130324
-0.424175 -1.328692 2.079527
-0.739166 -1.827573 1.779238
-1.150210 -2.245577 1.131451
-1.612178 -2.292918 0.264272
-2.035964 -1.882692 -0.436608
-2.350544 -1.249822 -0.738173
-2.536494 -0.619767 -0.717695
-2.603282 -0.059702 -0.545221
-2.564211 0.442812 -0.357057
-2.428795 0.904622 -0.252302
-2.205979 1.310580 -0.303298
-1.912091 1.603024 -0.536593
-1.577046 1.713363 -0.898080
-1.239936 1.628845 -1.266425
-0.934182 1.414932 -1.534629
-0.676583 1.160464 -1.667501
-0.468698 0.924146 -1.684514
-0.304209 0.727871 -1.620440
-0.174817 0.572347 -1.504553
-0.073018 0.450581 -1.356615
0.007123 0.354480 -1.188881
0.070020 0.277113 -1.008761
0.118857 0.213112 -0.820754
0.155886 0.158451 -0.627658
0.182657 0.110098 -0.431280
0.200187 0.065695 -0.232849
0.209068 0.023305 -0.033273
0.209528 -0.018805 0.166697
0.201451 -0.062345 0.366339
0.184370 -0.109194 0.564844
0.157405 -0.161602 0.761163
0.119168 -0.222459 0.953792
0.067603 -0.295633 1.140408
-0.000254 -0.386391 1.317249
-0.088594 -0.501817 1.478008
-0.203222 -0.650888 1.611941
-0.351840 -0.843190 1.700889
-0.543757 -1.083832 1.715762
-0.787869 -1.360622 1.616524
-1.087192 -1.623422 1.367387
-1.429935 -1.776456 0.979620
-1.783963 -1.725476 0.552882
-2.105544 -1.459072 0.234607
-2.358197 -1.051688 0.112652
-2.522257 -0.583028 0.174406
-2.589610 -0.085941 0.347609
-2.554222 0.447675 0.536608
-2.406922 1.034094 0.622383
-2.138921 1.640995 0.457068
-1.759215 2.113589 -0.067624
-1.318167 2.223573 -0.840497
-0.896760 1.939481 -1.529829
-0.553617 1.484744 -1.922065
-0.300339 1.062574 -2.045797
-0.121793 0.739981 -2.006925
0.001832 0.509632 -1.884222
0.086558 0.346903 -1.720555
0.143640 0.230099 -1.537073
0.180621 0.143815 -1.344034
0.202510 0.077803 -1.146502
0.212640 0.025334 -0.947060
0.213245 -0.018056 -0.747093
0.205818 -0.055405 -0.547392
0.191342 -0.088860 -0.348458
0.170426 -0.120026 -0.150661
0.143398 -0.150192 0.045672
0.110340 -0.180496 0.240193
0.071116 -0.212048 0.432484
0.025358 -0.246054 0.621996
-0.027563 -0.283932 0.807970
-0.088591 -0.327462 0.989316
-0.159078 -0.378965 1.164431
-0.240912 -0.441518 1.330882
-0.336690 -0.519180 1.484915
-0.449934 -0.617116 1.620635
-0.585287 -0.741288 1.728776
-0.748559 -0.896961 1.795084
-0.946230 -1.084581 1.799127
-1.183728 -1.291405 1.716384
-1.461675 -1.480445 1.529512
-1.770511 -1.588395 1.252410
-2.087238 -1.550974 0.950802
-2.379606 -1.346106 0.722699
-2.616507 -1.004049 0.640125
-2.775046 -0.568217 0.711281
-2.838668 -0.054103 0.886643
-2.790026 0.560498 1.068528
-2.605547 1.306117 1.089076
-2.262906 2.111180 0.691099
-1.779932 2.628302 -0.279901
-1.257885 2.477843 -1.443101
-0.819701 1.871517 -2.209437
-0.508580 1.262801 -2.499649
-0.302875 0.823762 -2.514434
-0.168765 0.538685 -2.405711
-0.080534 0.357113 -2.245182
-0.021673 0.239737 -2.062733
0.017958 0.161636 -1.870687
0.044588 0.107820 -1.674281
0.062099 0.069313 -1.475838
0.072965 0.040662 -1.276442
0.078793 0.018482 -1.076619
0.080644 0.000612 -0.876641
0.079229 -0.014376 -0.676655
0.075020 -0.027461 -0.476746
0.068324 -0.039351 -0.276972
0.059322 -0.050596 -0.077379
0.048097 -0.061662 0.121990
0.034640 -0.072993 0.321082
0.018851 -0.085061 0.519834
0.000529 -0.098429 0.718153
-0.020656 -0.113828 0.915905
-0.045204 -0.132268 1.112887
-0.073862 -0.155215 1.308772
-0.107736 -0.184879 1.503021
-0.148485 -0.224679 1.694692
-0.198638 -0.280038 1.882066
-0.262108 -0.359679 2.061818
-0.345049 -0.477683 2.227191
-0.457196 -0.656265 2.363777
-0.613719 -0.927487 2.440056
-0.836692 -1.325102 2.388833
-1.151883 -1.839433 2.087654
-1.569981 -2.308428 1.409852
-2.049455 -2.397137 0.460152
-2.492796 -1.962648 -0.325879
-2.816841 -1.261273 -0.659216
-2.997593 -0.556661 -0.630870
-3.044412 0.077107 -0.448516
-2.970401 0.655660 -0.281480
-2.785201 1.186326 -0.257682
-2.502250 1.619141 -0.461144
-2.150897 1.852928 -0.879322
-1.778752 1.826519 -1.371812
-1.433640 1.602187 -1.768183
-1.142423 1.307979 -1.993676
-0.908842 1.035715 -2.067716
-0.724408 0.818303 -2.038583
-0.577880 0.655199 -1.946379
-0.459457 0.535174 -1.816738
-0.361725 0.446511 -1.664626
-0.279387 0.379915 -1.498597
-0.208739 0.328675 -1.323596
-0.147208 0.288114 -1.142553
-0.093000 0.254992 -0.957264
-0.044867 0.227046 -0.768860
-0.001945 0.202654 -0.578081
0.036351 0.180615 -0.385421
0.070395 0.159985 -0.191223
0.100386 0.139969 0.004273
0.126374 0.119823 0.200890
0.148256 0.098777 0.398489
0.165766 0.075937 0.596948
0.178437 0.050170 0.796134
0.185537 0.019934 0.995868
0.185967 -0.016992 1.195844
0.178077 -0.063932 1.395497
0.159390 -0.126022 1.593687
0.126126 -0.211394 1.788034
0.072429 -0.333077 1.973371
-0.010883 -0.511790 2.138137
-0.138141 -0.778617 2.255980
-0.330755 -1.171239 2.267910
-0.616017 -1.700468 2.056337
-1.012686 -2.246774 1.464520
-1.493498 -2.476292 0.507630
-1.964568 -2.146617 -0.403844
-2.329004 -1.472142 -0.875635
-2.552454 -0.774348 -0.933438
-2.645271 -0.170510 -0.782586
-2.626421 0.347174 -0.588822
-2.510419 0.803586 -0.459577
-2.309131 1.196451 -0.464742
-2.038643 1.486605 -0.631978
-1.724968 1.620884 -0.924249
-1.401959 1.582480 -1.245954
-1.100550 1.416428 -1.500658
-0.838940 1.196351 -1.643672
-0.621745 0.979136 -1.680328
-0.445271 0.791420 -1.636631
-0.302817 0.638800 -1.538484
-0.187663 0.517427 -1.405031
-0.094193 0.420869 -1.248869
-0.018073 0.342981 -1.077941
0.043907 0.278739 -0.897217
0.094071 0.224258 -0.709848
0.134062 0.176572 -0.517882
0.164998 0.133372 -0.322698
0.187585 0.092783 -0.125275
0.202176 0.053165 0.073634
0.208811 0.012950 0.273388
0.207205 -0.029535 0.473345
0.196716 -0.076249 0.672759
0.176259 -0.129691 0.870620
0.144170 -0.193226 1.065404
0.097987 -0.271549 1.254638
0.034126 -0.371310 1.434082
-0.052578 -0.501786 1.596211
-0.169443 -0.675143 1.727425
-0.326390 -0.904635 1.803385
-0.535513 -1.196487 1.783300
-0.807805 -1.528516 1.610734
-1.144252 -1.818117 1.243328
-1.522866 -1.926318 0.726369
-1.896079 -1.759741 0.229441
-2.211585 -1.368127 -0.070872
-2.436728 -0.875509 -0.128386
-2.560633 -0.363178 -0.009525
-2.581835 0.152655 0.183798
-2.498339 0.686561 0.344192
-2.305788 1.239541 0.353698
-2.005396 1.745714 0.098200
-1.621106 2.048094 -0.441766
-1.209075 2.014691 -1.090668
-0.833694 1.708886 -1.596824
-0.531063 1.317072 -1.857335
-0.303807 0.967784 -1.917602
-0.138565 0.697883 -1.855341
-0.019863 0.499590 -1.726446
0.064829 0.354763 -1.562658
0.124520 0.247237 -1.380664
0.165412 0.165144 -1.189137
0.191721 0.100294 -0.992667
0.206303 0.047111 -0.793777
0.211085 0.001753 -0.593925
0.207343 -0.038510 -0.394022
0.195884 -0.075708 -0.194701
0.177155 -0.111461 0.003524
0.151302 -0.147180 0.200162
0.118195 -0.184226 0.394659
0.077426 -0.224056 0.586322
0.028275 -0.268366 0.774211
-0.030358 -0.319264 0.956979
-0.100049 -0.379462 1.132635
-0.182997 -0.452499 1.298145
-0.282206 -0.542916 1.448798
-0.401687 -0.656190 1.577206
-0.546586 -0.797952 1.671893
-0.722999 -0.971415 1.715784
-0.936966 -1.171476 1.686205
-1.191876 -1.374880 1.560615
-1.483885 -1.532085 1.333849
-1.797179 -1.576988 1.043044
-2.104004 -1.463698 0.772118
-2.372429 -1.198282 0.610673
-2.576018 -0.822997 0.601074
-2.696677 -0.372189 0.724892
-2.719951 0.153863 0.917580
-2.628151 0.784460 1.068822
-2.398016 1.532774 0.994631
-2.015384 2.264991 0.453475
-1.519015 2.595947 -0.580424
-1.020952 2.292986 -1.622443
-0.622486 1.678952 -2.222740
-0.344681 1.124369 -2.413771
-0.161650 0.732239 -2.383835
-0.042781 0.474929 -2.255583
0.034272 0.307328 -2.085735
0.083871 0.195950 -1.898241
0.114966 0.119559 -1.703172
0.133153 0.065211 -1.504875
0.141988 0.025016 -1.305291
0.143773 -0.005918 -1.105323
0.140029 -0.030698 -0.905403
0.131767 -0.051360 -0.705751
0.119666 -0.069289 -0.506488
0.104167 -0.085471 -0.307693
0.085543 -0.100659 -0.109431
0.063928 -0.115477 0.088230
0.039339 -0.130495 0.285204
0.011677 -0.146306 0.481374
-0.019281 -0.163586 0.676577
-0.053911 -0.183189 0.870575
-0.092787 -0.206260 1.063010
-0.136753 -0.234418 1.253332
-0.187049 -0.270031 1.440663
-0.245495 -0.316646 1.623548
-0.314795 -0.379668 1.799470
-0.398998 -0.467368 1.963891
-0.504206 -0.592205 2.108289
-0.639528 -0.771900 2.216193
-0.818053 -1.027703 2.255747
-1.056601 -1.371956 2.169240
-1.370674 -1.770015 1.873359
-1.759159 -2.082814 1.317075
-2.183695 -2.099216 0.615880
-2.573674 -1.747157 0.053333
-2.867943 -1.175679 -0.185142
-3.040687 -0.550972 -0.140866
-3.088829 0.068590 0.041155
-3.012940 0.692559 0.205874
-2.811256 1.321790 0.195866
-2.489245 1.871221 -0.127690
-2.080809 2.152075 -0.763163
-1.654798 2.047471 -1.470814
-1.279116 1.686195 -1.978727
-0.982721 1.284395 -2.220692
-0.760266 0.955664 -2.269927
-0.594351 0.717473 -2.208510
-0.468432 0.551909 -2.088244
-0.370207 0.437242 -1.936703
-0.291278 0.356611 -1.767959
-0.226071 0.298480 -1.589275
-0.170895 0.255287 -1.404527
-0.123292 0.222108 -1.215876
-0.081602 0.195716 -1.024577
-0.044698 0.173952 -0.831394
-0.011812 0.155336 -0.636807
0.017575 0.138810 -0.441129
0.043798 0.123579 -0.244571
0.067050 0.109004 -0.047277
0.087405 0.094513 0.150648
0.104824 0.079543 0.349128
0.119149 0.063464 0.548098
0.130085 0.045505 0.747495
0.137158 0.024636 0.947238
0.139649 -0.000604 1.147197
0.136483 -0.032378 1.347130
0.126045 -0.074011 1.546557
0.105878 -0.130768 1.744470
0.072172 -0.211186 1.938683
0.018909 -0.329310 2.124267
-0.063572 -0.508168 2.289721
-0.190772 -0.783685 2.407560
-0.386606 -1.202074 2.412888
-0.682668 -1.781522 2.168988
-1.101332 -2.381161 1.486440
-1.609112 -2.594212 0.396338
-2.094604 -2.166664 -0.585406
-2.453699 -1.406769 -1.039942
-2.659664 -0.671598 -1.061089
-2.730734 -0.058826 -0.892594
-2.689843 0.454025 -0.705331
-2.553953 0.893241 -0.600880
-2.337800 1.252455 -0.636650
-2.060836 1.493582 -0.821175
-1.750916 1.578046 -1.101551
-1.439943 1.509461 -1.385158
-1.153861 1.340287 -1.594854
-0.906148 1.135485 -1.702367
-0.699000 0.939778 -1.717558
-0.528311 0.772415 -1.663698
-0.387926 0.636451 -1.562546
-0.271895 0.527971 -1.430057
-0.175285 0.441288 -1.276849
-0.094283 0.371080 -1.109737
-0.026046 0.313006 -0.933074
0.031502 0.263699 -0.749673
0.079845 0.220578 -0.561389
0.120011 0.181633 -0.369480
0.152667 0.145232 -0.174834
0.178179 0.109959 0.021891
0.196637 0.074474 0.220167
0.207861 0.037366 0.419515
0.211367 -0.003004 0.619427
0.206305 -0.048718 0.819264
0.191339 -0.102591 1.018096
0.164462 -0.168615 1.214412
0.122700 -0.252610 1.405575
0.061657 -0.363146 1.586741
-0.025146 -0.512649 1.748696
-0.147117 -0.717952 1.873611
-0.317297 -0.997484 1.927503
-0.551563 -1.357228 1.850935
-0.862836 -1.753110 1.563837
-1.246001 -2.044377 1.028302
-1.660726 -2.043298 0.368283
-2.040488 -1.707439 -0.154744
-2.331304 -1.185020 -0.382211
-2.512506 -0.628949 -0.351551
-2.584578 -0.096247 -0.182249
-2.552245 0.418071 0.008120
-2.417606 0.927365 0.113155
-2.182909 1.410091 0.033832
-1.861018 1.779466 -0.286545
-1.486858 1.915941 -0.786857
-1.112787 1.785646 -1.286808
-0.783637 1.490605 -1.629981
-0.518474 1.164175 -1.783326
-0.314962 0.880863 -1.791753
-0.161991 0.658845 -1.709575
-0.047803 0.490983 -1.575237
0.037142 0.364271 -1.411582
0.099862 0.267007 -1.231408
0.145310 0.190308 -1.041833
0.176928 0.127805 -0.846896
0.197075 0.074982 -0.648972
0.207347 0.028588 -0.449535
0.208776 -0.013806 -0.249574
0.201962 -0.054129 -0.049833
0.187152 -0.094041 0.149044
0.164268 -0.135128 0.346398
0.132911 -0.179062 0.541450
0.092325 -0.227783 0.733175
0.041320 -0.283695 0.920116
-0.021838 -0.349902 1.100099
-0.099596 -0.430474 1.269759
-0.195333 -0.530659 1.423765
-0.313590 -0.656800 1.553577
-0.460217 -0.815307 1.645661
-0.642103 -1.009315 1.679622
-0.865841 -1.231005 1.628505
-1.134361 -1.449391 1.467188
-1.441300 -1.602740 1.195729
-1.766128 -1.617436 0.868156
-2.076404 -1.456471 0.586356
-2.338670 -1.145811 0.440818
-2.528474 -0.740482 0.457942
-2.630968 -0.275358 0.601812
-2.634515 0.252200 0.797119
-2.524159 0.868060 0.929907
-2.281236 1.570056 0.826584
-1.899469 2.213541 0.290805
-1.422219 2.466688 -0.649210
-0.950438 2.174522 -1.563639
-0.569805 1.620133 -2.093266
-0.298857 1.110073 -2.264694
-0.116374 0.737661 -2.233504
0.004226 0.485141 -2.107285
0.083182 0.315447 -1.938933
0.133948 0.199248 -1.752043
0.165141 0.117177 -1.557020
0.182273 0.057060 -1.358547
0.188915 0.011276 -1.158802
0.187413 -0.025008 -0.958835
0.179333 -0.054941 -0.759176
0.165718 -0.080637 -0.560113
0.147260 -0.103580 -0.361825
0.124396 -0.124872 -0.164446
0.097363 -0.145394 0.031894
0.066237 -0.165922 0.227043
0.030943 -0.187217 0.420807
-0.008756 -0.210110 0.612919
-0.053274 -0.235598 0.803000
-0.103253 -0.264966 0.990496
-0.159634 -0.299953 1.174582
-0.223770 -0.343001 1.353985
-0.297600 -0.397592 1.526681
-0.383906 -0.468740 1.689354
-0.486669 -0.563556 1.836403
-0.611544 -0.691677 1.958162
-0.766333 -0.864658 2.037865
-0.961054 -1.091897 2.047425
-1.206453 -1.368258 1.945041
-1.508851 -1.649850 1.686481
-1.860039 -1.835129 1.269226
-2.228340 -1.805151 0.790966
-2.565176 -1.525639 0.422345
-2.826987 -1.072260 0.276167
-2.988696 -0.535841 0.340612
-3.038183 0.049472 0.522664
-2.964633 0.698877 0.688593
-2.753588 1.420158 0.657183
-2.398606 2.102648 0.219226
-1.935459 2.443432 -0.655357
-1.458675 2.241680 -1.592747
-1.059708 1.727992 -2.193125
-0.766168 1.225330 -2.428195
-0.560575 0.853594 -2.441841
-0.416524 0.604322 -2.346628
-0.313136 0.440998 -2.200515
-0.236460 0.332993 -2.030105
-0.177632 0.259839 -1.847497
-0.131065 0.208731 -1.658382
-0.093203 0.171768 -1.465572
-0.061746 0.144041 -1.270532
-0.035180 0.122445 -1.074068
-0.012495 0.104969 -0.876646
0.006992 0.090269 -0.678548
0.023735 0.077411 -0.479952
0.038033 0.065716 -0.280976
0.050064 0.054651 -0.081701
0.059906 0.043759 0.117813
0.067550 0.032603 0.317519
0.072898 0.020712 0.517374
0.075748 0.007519 0.717331
0.075770 -0.007717 0.917327
0.072457 -0.026031 1.117267
0.065052 -0.048948 1.316985
0.052419 -0.078790 1.516172
0.032836 -0.119217 1.714228
0.003640 -0.176151 1.909913
-0.039364 -0.259378 2.100551
-0.102931 -0.385260 2.280084
-0.198083 -0.580891 2.434180
-0.342705 -0.888213 2.528033
-0.564221 -1.357135 2.479018
-0.896680 -1.985505 2.119720
-1.354948 -2.549446 1.264174
-1.880033 -2.581274 0.085436
-2.343674 -1.979428 -0.795650
-2.658445 -1.168443 -1.102148
-2.817467 -0.444430 -1.037335
-2.844876 0.151603 -0.847001
-2.763057 0.653336 -0.684665
-2.588658 1.076902 -0.639738
-2.338961 1.399577 -0.753227
-2.038638 1.575857 -1.004724
-1.720052 1.582750 -1.312215
-1.414730 1.453027 -1.578610
-1.143366 1.255003 -1.747463
-0.913214 1.048644 -1.813024
-0.722282 0.865894 -1.795856
-0.564635 0.716105 -1.720493
-0.433767 0.597296 -1.606359
-0.324032 0.503747 -1.466713
-0.230983 0.429511 -1.310095
-0.151276 0.369585 -1.141921
-0.082455 0.320087 -0.965642
-0.022742 0.278091 -0.783499
0.029133 0.241393 -0.596977
0.074054 0.208296 -0.407084
0.112601 0.177441 -0.214529
0.145102 0.147661 -0.019825
0.171665 0.117867 0.176633
0.192173 0.086927 0.374515
0.206273 0.053543 0.573502
0.213320 0.016079 0.773231
0.212287 -0.027675 0.973194
0.201624 -0.080861 1.172579
0.179010 -0.148124 1.369947
0.140976 -0.236489 1.562585
0.082304 -0.356686 1.745133
-0.004881 -0.524843 1.906658
-0.132327 -0.763539 2.024498
-0.316693 -1.097657 2.052683
-0.578205 -1.531371 1.907587
-0.931014 -1.986123 1.481712
-1.359574 -2.243601 0.762222
-1.800276 -2.090011 -0.009323
-2.171936 -1.588214 -0.504265
-2.428381 -0.974088 -0.639419
-2.563884 -0.390405 -0.536906
-2.588239 0.139071 -0.344538
-2.510647 0.632174 -0.178690
-2.337337 1.094235 -0.132440
-2.077399 1.487867 -0.272882
-1.752162 1.732207 -0.602791
-1.399158 1.760346 -1.025877
-1.061168 1.594124 -1.397540
-0.768014 1.329839 -1.628412
-0.529612 1.058099 -1.713826
-0.342184 0.824009 -1.690386
-0.196810 0.637413 -1.596634
-0.084423 0.492650 -1.460136
0.002408 0.380285 -1.298044
0.069268 0.291641 -1.120526
0.120188 0.219905 -0.933575
0.158016 0.160009 -0.740789
0.184730 0.108220 -0.544402
0.201657 0.061736 -0.345870
0.209630 0.018356 -0.146219
0.209083 -0.023771 0.053751
0.200092 -0.066352 0.253317
0.182395 -0.111139 0.451718
0.155358 -0.160111 0.648023
0.117911 -0.215693 0.840961
0.068433 -0.281029 1.028650
0.004574 -0.360305 1.208156
-0.076987 -0.459107 1.374733
-0.180848 -0.584624 1.520536
-0.313173 -0.745143 1.632558
-0.481709 -0.947455 1.689853
-0.694857 -1.189522 1.661715
-0.958570 -1.445977 1.512886
-1.270023 -1.652880 1.227147
-1.610268 -1.719012 0.848228
-1.944068 -1.584926 0.490804
-2.232280 -1.273246 0.273836
-2.446399 -0.856204 0.241690
-2.571481 -0.388323 0.359811
-2.599133 0.119530 0.551696
-2.519767 0.685725 0.714862
-2.320243 1.318077 0.709124
-1.993136 1.935151 0.367691
-1.562936 2.300503 -0.359990
-1.104603 2.204995 -1.210553
-0.703906 1.770602 -1.816573
-0.399654 1.280591 -2.083461
-0.185114 0.884407 -2.116217
-0.038332 0.600402 -2.025285
0.060836 0.403281 -1.875102
0.126919 0.265504 -1.697251
0.169625 0.166767 -1.506532
0.195320 0.093598 -1.309922
0.208183 0.037303 -1.110801
0.210986 -0.007748 -0.910874
0.205583 -0.045273 -0.711043
0.193209 -0.077803 -0.511826
0.174674 -0.107138 -0.313558
0.150475 -0.134635 -0.116498
0.120868 -0.161396 0.079108
0.085900 -0.188411 0.272982
0.045421 -0.216667 0.464777
-0.000922 -0.247251 0.654023
-0.053721 -0.281465 0.840066
-0.113860 -0.320973 1.021956
-0.182608 -0.367976 1.198289
-0.261747 -0.425457 1.366919
-0.353756 -0.497456 1.524505
-0.462051 -0.589319 1.665726
-0.591248 -0.707663 1.782034
-0.747346 -0.859365 1.859818
-0.937488 -1.048110 1.878455
-1.168605 -1.266229 1.810585
-1.443869 -1.481453 1.630952
-1.756680 -1.628473 1.341329
-2.085418 -1.629288 1.000981
-2.395912 -1.445380 0.718371
-2.653011 -1.104002 0.585915
-2.830681 -0.659064 0.624774
-2.911686 -0.138297 0.787449
-2.880025 0.472880 0.976222
-2.714322 1.205045 1.029985
-2.392760 2.006479 0.702134
-1.926973 2.572177 -0.188208
-1.407489 2.507322 -1.337737
-0.957940 1.945788 -2.153643
-0.631531 1.336947 -2.492602
-0.412245 0.885102 -2.536439
-0.267037 0.588991 -2.443323
-0.169511 0.400360 -2.291470
-0.102443 0.278965 -2.114204
-0.055201 0.198760 -1.925470
-0.021258 0.143976 -1.731280
0.003446 0.105160 -1.534356
0.021484 0.076588 -1.335996
0.034525 0.054717 -1.136854
0.043667 0.037301 -0.937276
0.049643 0.022870 -0.737458
0.052946 0.010422 -0.537515
0.053897 -0.000752 -0.337521
0.052694 -0.011195 -0.137529
0.049437 -0.021354 0.062416
0.044144 -0.031640 0.262275
0.036745 -0.042481 0.461999
0.027082 -0.054371 0.661531
0.014885 -0.067942 0.860784
-0.000264 -0.084057 1.059633
-0.018990 -0.103964 1.257873
-0.042225 -0.129532 1.455163
-0.071370 -0.163666 1.650897
-0.108564 -0.210986 1.843943
-0.157134 -0.279011 2.032072
-0.222358 -0.380132 2.210632
-0.312724 -0.534695 2.369406
-0.441903 -0.774707 2.485012
-0.631179 -1.143066 2.503626
-0.909697 -1.666369 2.311175
-1.302489 -2.251077 1.733932
-1.791463 -2.553884 0.736784
-2.282273 -2.253174 -0.269341
-2.664793 -1.538616 -0.809636
-2.895381 -0.778803 -0.885162
-2.983053 -0.115312 -0.730926
-2.947468 0.458932 -0.542745
-2.803794 0.966961 -0.450263
-2.566123 1.391601 -0.535726
-2.256953 1.669171 -0.814960
-1.912507 1.738814 -1.208267
-1.574550 1.614397 -1.579612
-1.273874 1.382961 -1.832546
-1.022421 1.134081 -1.949726
-0.818072 0.916516 -1.959310
-0.652811 0.743462 -1.896363
-0.517966 0.611078 -1.787571
-0.406248 0.510698 -1.650143
-0.312115 0.433958 -1.494546
-0.231535 0.374211 -1.327070
-0.161627 0.326553 -1.151543
-0.100345 0.287460 -0.970345
-0.046242 0.254406 -0.784999
0.001697 0.225549 -0.596503
0.044165 0.199508 -0.405531
0.081615 0.175192 -0.212553
0.114295 0.151676 -0.017902
0.142282 0.128103 0.178173
0.165474 0.103583 0.375474
0.183584 0.077096 0.573823
0.196096 0.047355 0.773026
0.202195 0.012618 0.972820
0.200647 -0.029608 1.172779
0.189609 -0.083034 1.372122
0.166314 -0.153360 1.569327
0.126555 -0.249508 1.761270
0.063867 -0.385553 1.941314
-0.031752 -0.583201 2.094950
-0.175548 -0.872990 2.190167
-0.389205 -1.285460 2.159080
-0.697312 -1.806642 1.879861
-1.108878 -2.275618 1.229157
-1.582337 -2.372919 0.308099
-2.023461 -1.967844 -0.467704
-2.352623 -1.308481 -0.816793
-2.547594 -0.653056 -0.814044
-2.619513 -0.079825 -0.645377
-2.584123 0.424442 -0.455872
-2.452958 0.879272 -0.345342
-2.236354 1.273535 -0.382533
-1.950891 1.557073 -0.591334
-1.625032 1.669767 -0.922474
-1.295331 1.599908 -1.266079
-0.993448 1.405099 -1.522387
-0.736144 1.166447 -1.654370
-0.525956 0.940298 -1.676121
-0.357614 0.749630 -1.618420
-0.223558 0.596898 -1.508664
-0.116702 0.476420 -1.365996
-0.031329 0.380885 -1.202590
0.036878 0.303785 -1.025950
0.091068 0.239973 -0.840700
0.133490 0.185533 -0.649747
0.165707 0.137493 -0.454974
0.188759 0.093538 -0.257663
0.203267 0.051761 -0.058744
0.209495 0.010466 0.141034
0.207375 -0.032015 0.340982
0.196490 -0.077502 0.540355
0.176030 -0.128173 0.738220
0.144690 -0.186832 0.933252
0.100515 -0.257259 1.123413
0.040658 -0.344675 1.305372
-0.038962 -0.456272 1.473469
-0.144093 -0.601565 1.617855
-0.282580 -0.791686 1.721360
-0.464361 -1.035270 1.755149
-0.699936 -1.326308 1.676253
-0.995260 -1.620870 1.438711
-1.341960 -1.819656 1.037028
-1.708888 -1.808074 0.563829
-2.048836 -1.555450 0.184919
-2.320200 -1.140198 0.013825
-2.500665 -0.659112 0.047119
-2.582602 -0.157691 0.209362
-2.562256 0.366509 0.402719
-2.433326 0.929695 0.514314
-2.188888 1.511636 0.409883
-1.835229 1.991304 -0.019398
-1.413036 2.165658 -0.711191
-0.994749 1.963329 -1.386743
-0.641482 1.554659 -1.813565
-0.372857 1.141696 -1.977220
-0.179101 0.811573 -1.966747
-0.042287 0.569861 -1.861308
0.053411 0.396695 -1.707597
0.119572 0.271426 -1.529744
0.164127 0.178496 -1.339813
0.192407 0.107243 -1.143896
0.207989 0.050549 -0.945163
0.213276 0.003641 -0.745339
0.209878 -0.036751 -0.545423
0.198854 -0.072951 -0.346052
0.180860 -0.106706 -0.147690
0.156240 -0.139425 0.049262
0.125076 -0.172354 0.244389
0.087203 -0.206722 0.437197
0.042203 -0.243862 0.627050
-0.010631 -0.285348 0.813065
-0.072357 -0.333153 0.993977
-0.144483 -0.389835 1.167913
-0.229105 -0.458752 1.332030
-0.329087 -0.544245 1.481927
-0.448262 -0.651637 1.610722
-0.591582 -0.786581 1.707716
-0.764999 -0.952859 1.756888
-0.974624 -1.147062 1.736544
-1.224419 -1.349270 1.623872
-1.511887 -1.513986 1.410224
-1.823145 -1.576078 1.125747
-2.131924 -1.484094 0.848877
-2.406248 -1.235613 0.671567
-2.618297 -0.868882 0.644492
-2.748390 -0.419734 0.756508
-2.780966 0.109004 0.946551
-2.697502 0.747050 1.104942
-2.473305 1.513283 1.043789
-2.091378 2.279852 0.504458
-1.588415 2.643272 -0.562788
-1.080474 2.338340 -1.654528
-0.675063 1.702671 -2.283204
-0.394229 1.132787 -2.482987
-0.210199 0.735094 -2.454956
-0.090823 0.477738 -2.327308
-0.013003 0.312413 -2.158042
0.037911 0.204062 -1.971197
0.070941 0.130785 -1.776741
0.091673 0.079396 -1.578933
0.103622 0.041940 -1.379670
0.109048 0.013539 -1.179831
0.109434 -0.008875 -0.979839
0.105764 -0.027288 -0.779912
0.098696 -0.043032 -0.580165
0.088666 -0.057043 -0.380671
0.075948 -0.070017 -0.181482
0.060691 -0.082512 0.017352
0.042941 -0.095028 0.215774
0.022645 -0.108062 0.413712
-0.000355 -0.122170 0.611064
-0.026340 -0.138041 0.807684
-0.055749 -0.156587 1.003355
-0.089238 -0.179096 1.197739
-0.127775 -0.207456 1.390300
-0.172797 -0.244518 1.580143
-0.226452 -0.294700 1.765707
-0.292006 -0.364944 1.944139
-0.374485 -0.466214 2.109955
-0.481677 -0.615524 2.252135
-0.625527 -0.837518 2.347851
-0.823469 -1.160799 2.350204
-1.097336 -1.593570 2.172049
-1.463153 -2.053881 1.699343
-1.904815 -2.301905 0.922917
-2.353337 -2.104536 0.116335
-2.721765 -1.540565 -0.367769
-2.962442 -0.864176 -0.465069
-3.069447 -0.213564 -0.329375
-3.050521 0.398071 -0.137393
-2.911640 0.986835 -0.039617
-2.658974 1.524645 -0.163675
-2.312425 1.901536 -0.566568
-1.918014 1.988845 -1.144521
-1.536181 1.792399 -1.674178
-1.209974 1.461255 -2.008087
-0.951089 1.135783 -2.144968
-0.751250 0.874675 -2.145784
-0.596612 0.682148 -2.065965
-0.474759 0.544094 -1.940523
-0.376384 0.445020 -1.789074
-0.294971 0.372769 -1.622301
-0.226065 0.318777 -1.446089
-0.166634 0.277233 -1.263777
-0.114605 0.244227 -1.077330
-0.068552 0.217105 -0.887946
-0.027494 0.194028 -0.696383
0.009240 0.173683 -0.503137
0.042096 0.155090 -0.308539
0.071341 0.137466 -0.112821
0.097102 0.120133 0.083857
0.119370 0.102433 0.281373
0.138004 0.083660 0.479631
0.152707 0.062965 0.678543
0.162989 0.039240 0.878006
0.168099 0.010940 1.077862
0.166912 -0.024193 1.277835
0.157742 -0.069594 1.477381
0.138038 -0.130640 1.675378
0.103879 -0.215951 1.869423
0.049126 -0.339518 2.054181
-0.035955 -0.523887 2.217423
-0.166740 -0.803282 2.330601
-0.366421 -1.219272 2.328353
-0.664488 -1.780923 2.078837
-1.079492 -2.342830 1.412291
-1.576138 -2.526997 0.378322
-2.049053 -2.115109 -0.542908
-2.401411 -1.390735 -0.972581
-2.606938 -0.680789 -0.992218
-2.681243 -0.080179 -0.825829
-2.645072 0.429429 -0.636693
-2.513824 0.872586 -0.526097
-2.300819 1.242744 -0.555247
-2.024258 1.499660 -0.738789
-1.711594 1.598538 -1.027754
-1.395710 1.536455 -1.326738
-1.104354 1.364770 -1.551677
-0.852471 1.152205 -1.669659
-0.642879 0.947544 -1.690004
-0.471460 0.772187 -1.637438
-0.331792 0.629765 -1.535311
-0.217625 0.516229 -1.400696
-0.123777 0.425559 -1.244870
-0.046255 0.352115 -1.075007
0.017909 0.291301 -0.895653
0.070869 0.239557 -0.709721
0.114153 0.194150 -0.519123
0.148808 0.152946 -0.325156
0.175495 0.114199 -0.128741
0.194549 0.076376 0.069420
0.206009 0.038001 0.268739
0.209609 -0.002503 0.468648
0.204743 -0.047001 0.668497
0.190384 -0.097880 0.867423
0.164952 -0.158382 1.064129
0.126089 -0.233086 1.256485
0.070338 -0.328577 1.440793
-0.007349 -0.454292 1.610354
-0.114251 -0.623178 1.752740
-0.260539 -0.850766 1.844876
-0.459284 -1.148511 1.845900
-0.723864 -1.502902 1.693778
-1.059300 -1.836996 1.329303
-1.447079 -1.997860 0.776978
-1.838091 -1.860058 0.212179
-2.173522 -1.462425 -0.153071
-2.415472 -0.948820 -0.250195
-2.552256 -0.420461 -0.148402
-2.584372 0.098391 0.041960
-2.512639 0.620873 0.211685
-2.335355 1.151492 0.249831
-2.054687 1.639299 0.051954
-1.691134 1.954264 -0.410596
-1.293213 1.971919 -1.002331
-0.920481 1.722725 -1.498047
-0.611304 1.364171 -1.778168
-0.373289 1.025400 -1.863343
-0.196531 0.754268 -1.820786
-0.067050 0.550706 -1.705302
0.027276 0.400032 -1.550166
0.095481 0.287252 -1.373637
0.143920 0.200738 -1.185493
0.176971 0.132219 -0.991032
0.197622 0.075960 -0.793217
0.207903 0.027958 -0.593783
0.209163 -0.014655 -0.393821
0.202256 -0.054029 -0.194085
0.187651 -0.091891 0.004825
0.165499 -0.129754 0.202348
0.135651 -0.169092 0.397869
0.097659 -0.211488 0.590622
0.050729 -0.258802 0.779573
-0.006343 -0.313352 0.963238
-0.075292 -0.378133 1.139399
-0.158536 -0.457048 1.304647
-0.259383 -0.555073 1.453638
-0.382233 -0.678099 1.577926
-0.532676 -0.831813 1.664367
-0.717171 -1.018365 1.693595
-0.941683 -1.229084 1.640823
-1.208453 -1.433497 1.484290
-1.510817 -1.573454 1.226837
-1.828943 -1.581215 0.920810
-2.132067 -1.422581 0.660959
-2.388291 -1.119596 0.531164
-2.573544 -0.720404 0.556908
-2.672097 -0.254546 0.704729
-2.670541 0.284531 0.899882
-2.551392 0.926224 1.022036
-2.293192 1.665185 0.879534
-1.889852 2.326424 0.258652
-1.393567 2.532576 -0.773673
-0.916727 2.161127 -1.713003
-0.543853 1.564051 -2.214224
-0.285001 1.049417 -2.353679
-0.113729 0.687255 -2.302533
-0.001950 0.447235 -2.165962
0.070555 0.288490 -1.992666
0.116848 0.181146 -1.803572
0.145155 0.106162 -1.607671
0.160679 0.051802 -1.408925
0.166762 0.010821 -1.209137
0.165592 -0.021331 -1.009161
0.158621 -0.047588 -0.809415
0.146818 -0.069904 -0.610119
0.130831 -0.089635 -0.411403
0.111070 -0.107773 -0.213361
0.087775 -0.125102 -0.016079
0.061038 -0.142295 0.180342
0.030823 -0.160002 0.375773
-0.003043 -0.178923 0.570033
-0.040882 -0.199890 0.762867
-0.083206 -0.223976 0.953901
-0.130777 -0.252639 1.142573
-0.184703 -0.287949 1.328012
-0.246598 -0.332925 1.508824
-0.318811 -0.392038 1.682693
-0.404793 -0.471943 1.845623
-0.509617 -0.582396 1.990480
-0.640685 -0.736956 2.104189
-0.808429 -0.951856 2.162729
-1.026256 -1.238327 2.124117
-1.307545 -1.579186 1.926547
-1.656015 -1.888167 1.517768
-2.049873 -2.004262 0.941894
-2.436574 -1.810117 0.393547
-2.756610 -1.359406 0.077997
-2.972808 -0.793144 0.038918
-3.071947 -0.195269 0.183817
-3.049324 0.427313 0.374806
-2.898205 1.090279 0.453285
-2.613127 1.749015 0.239634
-2.211284 2.214341 -0.371468
-1.756547 2.253484 -1.205481
-1.336358 1.904835 -1.890380
-1.002129 1.438854 -2.252592
-0.755843 1.042172 -2.358506
-0.577746 0.756395 -2.318459
-0.447180 0.562057 -2.204325
-0.348716 0.431070 -2.053085
-0.272004 0.341544 -1.882641
-0.210325 0.278799 -1.701728
-0.159332 0.233445 -1.514763
-0.116189 0.199527 -1.324088
-0.079015 0.173238 -1.131008
-0.046552 0.152096 -0.936285
-0.017945 0.134445 -0.740381
0.007382 0.119139 -0.543592
0.029811 0.105350 -0.346110
0.049580 0.092439 -0.148067
0.066810 0.079875 0.050447
0.081520 0.067163 0.249362
0.093631 0.053785 0.448627
0.102950 0.039140 0.648189
0.109151 0.022457 0.847993
0.111728 0.002680 1.047953
0.109917 -0.021726 1.247927
0.102577 -0.053076 1.447642
0.087987 -0.094985 1.646549
0.063501 -0.153253 1.843495
0.024974 -0.237402 2.035956
-0.034218 -0.363255 2.218175
-0.124815 -0.556902 2.376514
-0.264162 -0.858725 2.477912
-0.478840 -1.317556 2.443967
-0.802288 -1.936195 2.114431
-1.251217 -2.511089 1.301049
-1.772679 -2.587023 0.141196
-2.241898 -2.025088 -0.765123
-2.567468 -1.227229 -1.105849
-2.738464 -0.504858 -1.060760
-2.778117 0.089173 -0.874493
-2.709163 0.587025 -0.702393
-2.548283 1.008916 -0.634776
-2.311666 1.338770 -0.716539
-2.021713 1.534984 -0.937554
-1.708578 1.569487 -1.227846
-1.403361 1.463794 -1.493825
-1.128317 1.279099 -1.672644
-0.892887 1.075968 -1.750473
-0.696707 0.890372 -1.743480
-0.534682 0.735187 -1.675141
-0.400593 0.610442 -1.565299
-0.288797 0.511301 -1.427954
-0.194745 0.432088 -1.272287
-0.114969 0.367804 -1.104177
-0.046896 0.314467 -0.927393
0.011343 0.269026 -0.744386
0.061084 0.229148 -0.556783
0.103252 0.193019 -0.365695
0.138443 0.159161 -0.171906
0.166982 0.126287 0.024005
0.188942 0.093169 0.221575
0.204147 0.058509 0.420400
0.212142 0.020788 0.620057
0.212130 -0.021933 0.820027
0.202862 -0.072292 1.019556
0.182457 -0.134061 1.217411
0.148113 -0.212792 1.411411
0.095664 -0.316791 1.597477
0.018900 -0.458422 1.767680
-0.091374 -0.655251 1.906234
-0.248324 -0.928780 1.981822
-0.469040 -1.293324 1.936023
-0.770021 -1.719678 1.680018
-1.152419 -2.074638 1.146720
-1.580288 -2.140417 0.431247
-1.982730 -1.828320 -0.180239
-2.296455 -1.289248 -0.477261
-2.495955 -0.708551 -0.481904
-2.582320 -0.161956 -0.324175
-2.562967 0.351589 -0.130437
-2.442774 0.847804 -0.006775
-2.225720 1.313855 -0.045975
-1.923710 1.681146 -0.304302
-1.566865 1.846470 -0.741470
-1.201814 1.766081 -1.207906
-0.871969 1.514144 -1.552971
-0.599473 1.210650 -1.725790
-0.385773 0.934312 -1.755404
-0.222139 0.711216 -1.690114
-0.097852 0.539389 -1.567841
-0.003672 0.408229 -1.412476
0.067425 0.306919 -1.237920
0.120503 0.226799 -1.052113
0.159127 0.161473 -0.859643
0.185768 0.106327 -0.663242
0.202110 0.058000 -0.464615
0.209253 0.013965 -0.264902
0.207848 -0.027792 -0.064941
0.198172 -0.069006 0.134563
0.180171 -0.111331 0.332914
0.153450 -0.156516 0.529310
0.117240 -0.206593 0.722713
0.070320 -0.264084 0.911651
0.010895 -0.332270 1.093917
-0.063587 -0.415481 1.266065
-0.156672 -0.519358 1.422561
-0.273167 -0.650799 1.554419
-0.419309 -0.816898 1.647172
-0.602505 -1.021292 1.678672
-0.829876 -1.255558 1.619264
-1.104517 -1.485375 1.441239
-1.419212 -1.642399 1.145655
-1.751243 -1.647527 0.794423
-2.065639 -1.466568 0.499641
-2.327773 -1.135034 0.354222
-2.513824 -0.715007 0.378197
-2.610395 -0.242839 0.527853
-2.607346 0.284331 0.723182
-2.491371 0.890105 0.849814
-2.246274 1.566796 0.741771
-1.868947 2.171687 0.223668
-1.402940 2.402196 -0.663125
-0.942894 2.127243 -1.522694
-0.568529 1.604090 -2.028092
-0.298531 1.114211 -2.196609
-0.114260 0.749843 -2.168599
0.008985 0.498692 -2.045595
0.090528 0.327482 -1.879328
0.143454 0.208718 -1.693567
0.176258 0.123809 -1.499067
0.194433 0.060875 -1.300784
0.201565 0.012387 -1.101077
0.200025 -0.026489 -0.901114
0.191396 -0.058933 -0.701503
0.176735 -0.087108 -0.502591
0.156734 -0.112553 -0.304602
0.131818 -0.136432 -0.107715
0.102202 -0.159697 0.087891
0.067923 -0.183208 0.282007
0.028845 -0.207831 0.474362
-0.015348 -0.234529 0.664586
-0.065183 -0.264475 0.852153
-0.121455 -0.299185 1.036301
-0.185310 -0.340706 1.215886
-0.258378 -0.391873 1.389148
-0.342963 -0.456653 1.553305
-0.442309 -0.540545 1.703840
-0.560941 -0.650891 1.833270
-0.705022 -0.796560 1.929122
-0.882474 -0.985618 1.971080
-1.102215 -1.218113 1.928746
-1.371167 -1.470848 1.765997
-1.687700 -1.679356 1.464294
-2.033382 -1.745834 1.066728
-2.371710 -1.600838 0.694035
-2.660651 -1.261831 0.474665
-2.868373 -0.800806 0.455364
-2.976372 -0.268872 0.592330
-2.971308 0.333364 0.786166
-2.836469 1.032631 0.887104
-2.553023 1.803296 0.675405
-2.124919 2.419033 -0.047470
-1.621812 2.504045 -1.113291
-1.159948 2.056053 -1.983379
-0.808041 1.470108 -2.408375
-0.563617 1.000620 -2.510776
-0.397600 0.682082 -2.450272
-0.283288 0.476138 -2.316312
-0.202323 0.342961 -2.149382
-0.143110 0.255021 -1.967041
-0.098456 0.195175 -1.777070
-0.063870 0.153015 -1.583080
-0.036499 0.122201 -1.386841
-0.014498 0.098805 -1.189270
0.003350 0.080341 -0.990868
0.017858 0.065187 -0.791924
0.029572 0.052248 -0.592613
0.038853 0.040755 -0.393045
0.045932 0.030130 -0.193297
0.050932 0.019909 0.006576
0.053894 0.009674 0.206531
0.054773 -0.000995 0.406526
0.053436 -0.012570 0.606515
0.049646 -0.025643 0.806441
0.043027 -0.041012 1.006218
0.033013 -0.059816 1.205711
0.018760 -0.083756 1.404686
-0.001004 -0.115462 1.602717
-0.028216 -0.159118 1.798983
-0.065893 -0.221541 1.991821
-0.118822 -0.314050 2.177672
-0.194752 -0.455536 2.348514
-0.306319 -0.676786 2.485465
-0.473782 -1.022949 2.543253
-0.726847 -1.536902 2.418626
-1.097169 -2.170503 1.926136
-1.582707 -2.610993 0.943979
-2.098779 -2.432687 -0.188350
-2.519970 -1.729918 -0.883818
-2.785258 -0.933418 -1.046360
-2.901020 -0.245593 -0.921248
-2.891077 0.329223 -0.727239
-2.774691 0.822441 -0.599023
-2.567385 1.234845 -0.616748
-2.288797 1.526072 -0.806232
-1.968536 1.645274 -1.119314
-1.642691 1.586838 -1.450254
-1.341845 1.408369 -1.703335
-1.082093 1.187652 -1.841508
-0.865938 0.978481 -1.875854
-0.688411 0.802991 -1.833945
-0.542309 0.663735 -1.740996
-0.420853 0.555396 -1.614949
-0.318554 0.471041 -1.467393
-0.231252 0.404494 -1.305574
-0.155895 0.350906 -1.134015
-0.090270 0.306647 -0.955580
-0.032793 0.269042 -0.772121
0.017657 0.236099 -0.584865
0.061855 0.206298 -0.394647
0.100304 0.178421 -0.202051
0.133282 0.151425 -0.007500
0.160867 0.124327 0.188683
0.182938 0.096102 0.386235
0.199155 0.065562 0.584905
0.208910 0.031206 0.784410
0.211248 -0.009010 0.984356
0.204723 -0.058008 1.184103
0.187175 -0.120133 1.382500
0.155360 -0.202021 1.577328
0.104376 -0.313944 1.764123
0.026743 -0.471716 1.933575
-0.088897 -0.698508 2.065858
-0.259190 -1.022981 2.119105
-0.505806 -1.461003 2.011796
-0.847732 -1.955227 1.623102
-1.277630 -2.291887 0.897063
-1.735473 -2.205014 0.048773
-2.131844 -1.710958 -0.540953
-2.410404 -1.070500 -0.735831
-2.562523 -0.462012 -0.657711
-2.599821 0.078886 -0.469536
-2.534219 0.570643 -0.295081
-2.374056 1.023655 -0.226769
-2.129073 1.410354 -0.329362
-1.818858 1.662905 -0.611608
-1.477197 1.718907 -0.995334
-1.143938 1.587963 -1.350937
-0.849086 1.350886 -1.586576
-0.604832 1.093609 -1.685984
-0.409676 0.864625 -1.677288
-0.256104 0.678267 -1.595789
-0.135699 0.531810 -1.468632
-0.041252 0.417277 -1.313451
0.032799 0.326600 -1.141005
0.090535 0.253170 -0.957762
0.134878 0.191955 -0.767655
0.167879 0.139200 -0.573146
0.190932 0.092064 -0.375840
0.204930 0.048318 -0.176851
0.210360 0.006089 0.022972
0.207353 -0.036334 0.222897
0.195697 -0.080695 0.422186
0.174816 -0.128950 0.619967
0.143699 -0.183496 0.815077
0.100793 -0.247445 1.005804
0.043819 -0.324981 1.189474
-0.030480 -0.421778 1.361718
-0.126674 -0.545352 1.515197
-0.251016 -0.704855 1.637470
-0.411607 -0.909005 1.707829
-0.617741 -1.159277 1.694326
-0.877099 -1.434776 1.556720
-1.189246 -1.672630 1.268583
-1.536899 -1.772417 0.864091
-1.883726 -1.658491 0.462414
-2.187001 -1.347545 0.200903
-2.415109 -0.921269 0.137692
-2.552399 -0.446530 0.239689
-2.591803 0.058149 0.427686
-2.526156 0.607547 0.601113
-2.344968 1.211929 0.630862
-2.041442 1.810161 0.364186
-1.634307 2.205574 -0.267296
-1.187394 2.189406 -1.066014
-0.782503 1.821317 -1.688028
-0.465145 1.354563 -1.995281
-0.235869 0.955269 -2.060784
-0.075993 0.660046 -1.990037
0.033939 0.451518 -1.851185
0.108685 0.304256 -1.679479
0.158364 0.198045 -1.492006
0.189704 0.119002 -1.297021
0.207160 0.057998 -1.098606
0.213702 0.009052 -0.898859
0.211317 -0.031817 -0.698915
0.201331 -0.067335 -0.499434
0.184609 -0.099452 -0.300849
0.161677 -0.129648 -0.103493
0.132797 -0.159132 0.092322
0.097999 -0.189001 0.286253
0.057098 -0.220350 0.477873
0.009679 -0.254396 0.666611
-0.044937 -0.292595 0.851673
-0.107758 -0.336799 1.031908
-0.180218 -0.389440 1.205611
-0.264311 -0.453756 1.370184
-0.362781 -0.534024 1.521595
-0.479343 -0.635650 1.653491
-0.618875 -0.764756 1.755867
-0.787425 -0.926385 1.813386
-0.991577 -1.119733 1.804373
-1.236434 -1.328886 1.703865
-1.521444 -1.511725 1.497149
-1.834883 -1.601034 1.205788
-2.151410 -1.535450 0.904762
-2.437766 -1.302273 0.693848
-2.663601 -0.938406 0.636622
-2.807290 -0.485721 0.729970
-2.852673 0.046560 0.914957
-2.781572 0.685498 1.082886
-2.569538 1.454509 1.048198
-2.197749 2.242017 0.546533
-1.697852 2.653047 -0.505965
-1.183727 2.384596 -1.628958
-0.768428 1.750924 -2.298182
-0.479006 1.170094 -2.522665
-0.288460 0.763717 -2.506955
-0.163854 0.502044 -2.385724
-0.081346 0.335348 -2.220223
-0.025842 0.227207 -2.035820
0.011906 0.154901 -1.843031
0.037588 0.104810 -1.646370
0.054760 0.068767 -1.447866
0.065695 0.041799 -1.248476
0.071875 0.020804 -1.048673
0.074281 0.003792 -0.848707
0.073569 -0.010555 -0.648712
0.070175 -0.023151 -0.448772
0.064380 -0.034662 -0.248942
0.056348 -0.045610 -0.049266
0.046144 -0.056446 0.150212
0.033748 -0.067607 0.349442
0.019048 -0.079565 0.548359
0.001831 -0.092892 0.746875
-0.018250 -0.108339 0.944855
-0.041715 -0.126953 1.142096
-0.069343 -0.150267 1.338271
-0.102287 -0.180603 1.532830
-0.142288 -0.221577 1.724802
-0.192004 -0.278954 1.912389
-0.255573 -0.362055 2.092070
-0.339529 -0.485990 2.256572
-0.454258 -0.674628 2.390168
-0.615962 -0.962136 2.458051
-0.848068 -1.382563 2.385734
-1.176935 -1.916230 2.040165
-1.609807 -2.370631 1.299714
-2.095787 -2.393996 0.318733
-2.531455 -1.894789 -0.434603
-2.838962 -1.170275 -0.716257
-3.001566 -0.468415 -0.656684
-3.031639 0.155980 -0.467694
-2.942952 0.722967 -0.312377
-2.745938 1.235520 -0.310843
-2.455917 1.638681 -0.534143
-2.104270 1.836562 -0.953096
-1.738229 1.784984 -1.423084
-1.402229 1.555782 -1.788461
-1.119558 1.270204 -1.989347
-0.892340 1.009785 -2.048619
-0.712055 0.802257 -2.011851
-0.567999 0.646037 -1.916016
-0.450934 0.530412 -1.784760
-0.353864 0.444421 -1.631995
-0.271775 0.379369 -1.465758
-0.201144 0.328958 -1.290743
-0.139513 0.288770 -1.109762
-0.085162 0.255726 -0.924550
-0.036892 0.227656 -0.736212
0.006127 0.202996 -0.545475
0.044455 0.180571 -0.352828
0.078442 0.159447 -0.158611
0.108267 0.138823 0.036935
0.133954 0.117935 0.233629
0.155370 0.095976 0.431328
0.172210 0.071993 0.629901
0.183952 0.044761 0.829199
0.189787 0.012595 1.029012
0.188501 -0.026950 1.228978
0.178274 -0.077552 1.428413
0.156369 -0.144921 1.625939
0.118597 -0.238103 1.818661
0.058461 -0.371565 2.000284
-0.034206 -0.568045 2.156707
-0.175141 -0.860490 2.255972
-0.387225 -1.284164 2.228078
-0.697332 -1.830373 1.942227
-1.116910 -2.331013 1.257698
-1.602783 -2.434671 0.277061
-2.053583 -1.998927 -0.542349
-2.385285 -1.304727 -0.900625
-2.577288 -0.629776 -0.892567
-2.643731 -0.050047 -0.720235
-2.602470 0.452114 -0.532944
-2.466604 0.897342 -0.428549
-2.247975 1.274594 -0.469925
-1.964386 1.537251 -0.673203
-1.644249 1.634028 -0.985802
-1.322257 1.560851 -1.304293
-1.027512 1.374159 -1.539256
-0.775147 1.148203 -1.658554
-0.567380 0.933937 -1.675156
-0.399350 0.752391 -1.616876
-0.264057 0.606098 -1.508752
-0.154891 0.490051 -1.368562
-0.066465 0.397603 -1.207800
0.005320 0.322735 -1.033658
0.063478 0.260631 -0.850633
0.110175 0.207595 -0.661583
0.146930 0.160801 -0.468374
0.174763 0.118037 -0.272277
0.194292 0.077477 -0.074211
0.205792 0.037494 0.125101
0.209222 -0.003509 0.325015
0.204205 -0.047275 0.524858
0.189989 -0.095895 0.723808
0.165346 -0.152069 0.920720
0.128417 -0.219468 1.113826
0.076472 -0.303232 1.300218
0.005556 -0.410593 1.474882
-0.089994 -0.551479 1.628902
-0.218101 -0.738360 1.746265
-0.389223 -0.983181 1.798852
-0.615341 -1.286329 1.741669
-0.905389 -1.611633 1.519248
-1.254901 -1.858818 1.107411
-1.634462 -1.892092 0.587042
-1.993421 -1.656009 0.141827
-2.284191 -1.230832 -0.083955
-2.481072 -0.733065 -0.081911
-2.576721 -0.222852 0.068008
-2.569653 0.296396 0.263271
-2.456455 0.840407 0.394267
-2.232434 1.397363 0.338142
-1.902721 1.872579 -0.009231
-1.500689 2.091197 -0.618222
-1.090045 1.961570 -1.261682
-0.731329 1.604972 -1.707232
-0.450332 1.210434 -1.904643
-0.242746 0.879170 -1.921935
-0.093151 0.629634 -1.834864
0.013632 0.447875 -1.692427
0.089257 0.315121 -1.521315
0.141920 0.216101 -1.335344
0.177215 0.139960 -1.141669
0.198930 0.079293 -0.944088
0.209625 0.029071 -0.744701
0.211021 -0.014182 -0.544742
0.204250 -0.052955 -0.344996
0.190012 -0.089127 -0.146031
0.168670 -0.124224 0.051672
0.140303 -0.159604 0.247628
0.104720 -0.196614 0.441275
0.061452 -0.236722 0.631888
0.009710 -0.281669 0.818468
-0.051683 -0.333642 0.999578
-0.124402 -0.395469 1.173075
-0.210772 -0.470841 1.335682
-0.313953 -0.564456 1.482305
-0.438142 -0.681882 1.604962
-0.588661 -0.828532 1.691324
-0.771674 -1.006647 1.723327
-0.992959 -1.208669 1.677809
-1.254966 -1.407089 1.533908
-1.552006 -1.548145 1.292405
-1.865976 -1.566423 0.999511
-2.167734 -1.424067 0.743876
-2.425809 -1.135826 0.609467
-2.615276 -0.745131 0.627426
-2.719033 -0.280704 0.770005
-2.722257 0.264231 0.965013
-2.605786 0.921799 1.089980
-2.345722 1.690591 0.941892
-1.933722 2.385752 0.284910
-1.424614 2.593306 -0.811904
-0.938942 2.185973 -1.794228
-0.564528 1.557924 -2.301847
-0.308307 1.032010 -2.434721
-0.140604 0.670132 -2.377521
-0.031835 0.434588 -2.237596
0.038676 0.281207 -2.062845
0.084032 0.178975 -1.873304
0.112370 0.108552 -1.677401
0.128781 0.058202 -1.478790
0.136507 0.020771 -1.279111
0.137651 -0.008187 -1.079131
0.133606 -0.031507 -0.879222
0.125299 -0.051053 -0.679572
0.113350 -0.068102 -0.480291
0.098163 -0.083573 -0.281448
0.079979 -0.098170 -0.083104
0.058913 -0.112488 0.114674
0.034966 -0.127080 0.311804
0.008024 -0.142529 0.508171
-0.022148 -0.159512 0.703615
-0.055940 -0.178893 0.897899
-0.093942 -0.201846 1.090670
-0.137026 -0.230039 1.281376
-0.186469 -0.265932 1.469132
-0.244155 -0.313234 1.652457
-0.312896 -0.377633 1.828762
-0.396922 -0.467883 1.993325
-0.502643 -0.597247 2.137162
-0.639680 -0.784654 2.242683
-0.821895 -1.052662 2.275476
-1.067023 -1.413192 2.172863
-1.390831 -1.824399 1.845751
-1.789953 -2.129781 1.247650
-2.220556 -2.108981 0.520506
-2.607930 -1.713064 -0.032473
-2.892448 -1.115809 -0.243229
-3.052136 -0.482228 -0.177434
-3.086323 0.138634 0.010305
-2.996661 0.759248 0.163691
-2.782746 1.374870 0.128546
-2.453043 1.891579 -0.219489
-2.045043 2.127485 -0.852789
-1.627247 1.994963 -1.525892
-1.262313 1.635228 -1.993978
-0.974638 1.248939 -2.210269
-0.757696 0.935340 -2.247230
-0.594712 0.707704 -2.180911
-0.470042 0.548618 -2.059044
-0.372065 0.437699 -1.907246
-0.292815 0.359152 -1.738750
-0.226977 0.302124 -1.560477
-0.171014 0.259455 -1.376167
-0.122554 0.226458 -1.187926
-0.079994 0.200038 -0.996994
-0.042240 0.178113 -0.804128
-0.008546 0.159243 -0.609810
0.021592 0.142393 -0.414356
0.048493 0.126774 -0.217978
0.072340 0.111742 -0.020825
0.093191 0.096716 0.176998
0.110988 0.081110 0.375411
0.125552 0.064259 0.574346
0.136555 0.045338 0.773735
0.143476 0.023235 0.973488
0.145532 -0.003638 1.173455
0.141548 -0.037646 1.373357
0.129760 -0.082440 1.572629
0.107474 -0.143820 1.770084
0.070511 -0.231206 1.963126
0.012247 -0.360077 2.145877
-0.077934 -0.555614 2.304579
-0.216971 -0.856108 2.406422
-0.430437 -1.306435 2.375201
-0.749904 -1.905792 2.058859
-1.190535 -2.460735 1.282779
-1.702231 -2.546508 0.173362
-2.166928 -2.021658 -0.711143
-2.495023 -1.253003 -1.059354
-2.672747 -0.544393 -1.025670
-2.720956 0.044025 -0.843052
-2.661224 0.540638 -0.664997
-2.509331 0.966527 -0.583381
-2.280158 1.308150 -0.647938
-1.994496 1.523600 -0.856738
-1.681538 1.578547 -1.146506
-1.373000 1.486305 -1.422631
-1.092951 1.305109 -1.615324
-0.852604 1.098285 -1.704874
-0.652618 0.905872 -1.705462
-0.488225 0.743437 -1.641028
-0.353153 0.612172 -1.532536
-0.241579 0.507523 -1.394962
-0.148755 0.423730 -1.238160
-0.071045 0.355599 -1.068431
-0.005752 0.298952 -0.889800
0.049085 0.250561 -0.704874
0.094857 0.207949 -0.515379
0.132519 0.169170 -0.322496
0.162674 0.132626 -0.127064
0.185624 0.096905 0.070282
0.201399 0.060637 0.269016
0.209745 0.022345 0.468644
0.210087 -0.019724 0.668614
0.201454 -0.067832 0.868203
0.182347 -0.125077 1.066324
0.150524 -0.195875 1.261177
0.102670 -0.286677 1.449590
0.033899 -0.406927 1.625703
-0.062951 -0.570078 1.778361
-0.198150 -0.793514 1.886136
-0.385502 -1.093551 1.909132
-0.640544 -1.466103 1.781572
-0.972522 -1.843579 1.428118
-1.367505 -2.063291 0.847215
-1.776041 -1.963354 0.212506
-2.132469 -1.563291 -0.225421
-2.392425 -1.027064 -0.368139
-2.542779 -0.479695 -0.286171
-2.585909 0.045058 -0.100057
-2.525461 0.559067 0.077274
-2.362376 1.070084 0.139929
-2.100027 1.539459 -0.007908
-1.756445 1.860348 -0.399904
-1.373653 1.919422 -0.932634
-1.006002 1.723370 -1.409135
-0.692679 1.401078 -1.701745
-0.445500 1.077188 -1.808991
-0.258047 0.808024 -1.785892
-0.118105 0.601095 -1.684524
-0.014174 0.445639 -1.538934
0.062681 0.328217 -1.368696
0.118898 0.237662 -1.184633
0.158983 0.165745 -0.992753
0.186046 0.106634 -0.796473
0.202213 0.056201 -0.597821
0.208904 0.011459 -0.398078
0.207024 -0.029849 -0.198124
0.197072 -0.069544 0.001355
0.179207 -0.109234 0.199733
0.153274 -0.150488 0.396343
0.118794 -0.195007 0.590366
0.074921 -0.244794 0.780701
0.020359 -0.302365 0.965761
-0.046759 -0.370982 1.143159
-0.129052 -0.454911 1.309182
-0.230106 -0.559596 1.457941
-0.354700 -0.691421 1.580032
-0.508889 -0.856331 1.660709
-0.699562 -1.055747 1.678265
-0.932762 -1.277898 1.605527
-1.209835 -1.485640 1.420953
-1.521664 -1.612811 1.134490
-1.844877 -1.590409 0.812140
-2.146135 -1.394866 0.557710
-2.393607 -1.061618 0.449634
-2.565186 -0.643363 0.499515
-2.647121 -0.166297 0.662159
-2.627141 0.379918 0.855199
-2.488684 1.021917 0.952473
-2.213034 1.737945 0.763938
-1.801139 2.331647 0.109618
-1.312382 2.456790 -0.885160
-0.854148 2.062883 -1.737770
-0.498612 1.492688 -2.175301
-0.250783 1.009064 -2.286309
-0.085417 0.666614 -2.224992
0.023365 0.436638 -2.085037
0.094248 0.282175 -1.910555
0.139435 0.176035 -1.720951
0.166699 0.100669 -1.524762
0.181015 0.045123 -1.325838
0.185608 0.002547 -1.125973
0.182605 -0.031419 -0.926037
0.173422 -0.059623 -0.726471
0.159010 -0.083992 -0.527519
0.139989 -0.105890 -0.329336
0.116750 -0.126340 -0.132043
0.089494 -0.146174 0.064237
0.058271 -0.166137 0.259356
0.022981 -0.186975 0.453123
-0.016632 -0.209518 0.645268
-0.061007 -0.234779 0.835413
-0.110812 -0.264078 1.022996
-0.167026 -0.299221 1.207176
-0.231058 -0.342760 1.386644
-0.304932 -0.398371 1.559307
-0.391561 -0.471368 1.721696
-0.495138 -0.569337 1.867895
-0.621643 -0.702593 1.987582
-0.779353 -0.883455 2.062676
-0.978875 -1.121562 2.062685
-1.231412 -1.409712 1.942420
-1.542854 -1.696898 1.656047
-1.902659 -1.870695 1.208222
-2.275233 -1.809911 0.714087
-2.609389 -1.494890 0.354101
-2.862279 -1.015908 0.230482
-3.011087 -0.464467 0.314687
-3.045228 0.131198 0.502953
-2.954474 0.788484 0.654574
-2.725517 1.506141 0.583837
-2.356333 2.151319 0.095280
-1.890397 2.420456 -0.791513
-1.424022 2.169226 -1.680194
-1.040081 1.656817 -2.221712
-0.758602 1.176784 -2.421729
-0.560540 0.825738 -2.419925
-0.420571 0.590261 -2.318803
-0.319090 0.435264 -2.170694
-0.243029 0.332136 -1.999796
-0.184064 0.261820 -1.817263
-0.136921 0.212360 -1.628415
-0.098229 0.176349 -1.435922
-0.065797 0.149156 -1.241193
-0.038177 0.127838 -1.045014
-0.014399 0.110475 -0.847846
0.006190 0.095778 -0.649968
0.024029 0.082845 -0.451562
0.039401 0.071009 -0.252745
0.052471 0.059745 -0.053601
0.063306 0.048592 0.145810
0.071885 0.037104 0.345440
0.078093 0.024788 0.545246
0.081706 0.011048 0.745177
0.082365 -0.004908 0.945171
0.079522 -0.024197 1.145125
0.072356 -0.048468 1.344859
0.059637 -0.080251 1.544034
0.039493 -0.123550 1.741974
0.009025 -0.184864 1.937271
-0.036356 -0.274962 2.126839
-0.104054 -0.411848 2.303614
-0.206153 -0.625137 2.450737
-0.362159 -0.959501 2.527189
-0.601324 -1.462534 2.436962
-0.957185 -2.106720 1.996765
-1.435225 -2.608679 1.049753
-1.959165 -2.509068 -0.123130
-2.399262 -1.832755 -0.899417
-2.684334 -1.026213 -1.116690
-2.817514 -0.328539 -1.013490
-2.824071 0.245422 -0.819185
-2.725220 0.730254 -0.671959
-2.537153 1.135925 -0.651554
-2.277951 1.434396 -0.788982
-1.973565 1.581383 -1.052602
-1.656592 1.562538 -1.354973
-1.356960 1.418507 -1.604224
-1.092932 1.217723 -1.753454
-0.869914 1.015258 -1.802825
-0.685070 0.838480 -1.774182
-0.532326 0.694322 -1.691181
-0.405346 0.579994 -1.572018
-0.298725 0.489728 -1.428994
-0.208236 0.417781 -1.270021
-0.130711 0.359385 -1.100127
-0.063826 0.310854 -0.922534
-0.005899 0.269405 -0.739340
0.044267 0.232929 -0.551945
0.087495 0.199788 -0.361306
0.124315 0.168649 -0.168100
0.155010 0.138349 0.027174
0.179637 0.107774 0.224126
0.198023 0.075737 0.422419
0.209742 0.040846 0.621713
0.214053 0.001314 0.821594
0.209798 -0.045303 1.021468
0.195229 -0.102518 1.220353
0.167742 -0.175545 1.416487
0.123439 -0.272287 1.606518
0.056459 -0.404749 1.783795
-0.042010 -0.590660 1.934740
-0.184940 -0.853607 2.031445
-0.390096 -1.215252 2.018817
-0.677015 -1.663011 1.803835
-1.053649 -2.080633 1.291599
-1.491134 -2.228929 0.534208
-1.916551 -1.959340 -0.171967
-2.256065 -1.409992 -0.553426
-2.477009 -0.802349 -0.603693
-2.580072 -0.237478 -0.462120
-2.575221 0.279708 -0.266690
-2.470108 0.767288 -0.125895
-2.270483 1.220462 -0.128583
-1.987652 1.586187 -0.330800
-1.647810 1.776163 -0.708885
-1.292456 1.741015 -1.140300
-0.963169 1.531325 -1.483197
-0.684451 1.252577 -1.672924
-0.461260 0.985261 -1.723190
-0.287311 0.762488 -1.675309
-0.153055 0.587518 -1.565941
-0.049644 0.452394 -1.419713
0.029905 0.347364 -1.251538
0.090747 0.264091 -1.070161
0.136564 0.196204 -0.880733
0.169940 0.139016 -0.686357
0.192652 0.089075 -0.488977
0.205877 0.043769 -0.289886
0.210329 0.001018 -0.090015
0.206335 -0.040968 0.109877
0.193880 -0.083885 0.309071
0.172600 -0.129519 0.506772
0.141754 -0.179938 0.701973
0.100136 -0.237715 0.893258
0.045956 -0.306212 1.078502
-0.023359 -0.389914 1.254363
-0.111415 -0.494747 1.415411
-0.223161 -0.628153 1.552680
-0.365123 -0.798174 1.651433
-0.545236 -1.009904 1.688482
-0.771470 -1.256486 1.631556
-1.047959 -1.503548 1.448298
-1.368111 -1.678183 1.135292
-1.708437 -1.692631 0.756172
-2.031687 -1.508003 0.433135
-2.301003 -1.164855 0.268499
-2.491867 -0.734054 0.283251
-2.591691 -0.257728 0.429645
-2.591989 0.263935 0.625117
-2.481635 0.852129 0.758461
-2.246853 1.500632 0.675797
-1.885200 2.085386 0.216027
-1.435146 2.337442 -0.597857
-0.982730 2.117006 -1.422148
-0.605898 1.634132 -1.936127
-0.328215 1.157366 -2.125481
-0.135340 0.791330 -2.113718
-0.004400 0.533862 -2.000547
0.083493 0.355889 -1.839699
0.141486 0.231142 -1.656773
0.178256 0.141190 -1.463667
0.199471 0.074013 -1.265992
0.208858 0.021885 -1.066478
0.208891 -0.020202 -0.866507
0.201223 -0.055571 -0.666821
0.186957 -0.086502 -0.467854
0.166808 -0.114634 -0.269897
0.141206 -0.141222 -0.073185
0.110352 -0.167308 0.122044
0.074252 -0.193846 0.315517
0.032719 -0.221812 0.506879
-0.014640 -0.252304 0.695649
-0.068460 -0.286662 0.881147
-0.129677 -0.326616 1.062383
-0.199632 -0.374480 1.237877
-0.280205 -0.433407 1.405360
-0.374015 -0.507685 1.561267
-0.484678 -0.602991 1.699885
-0.617078 -0.726303 1.811983
-0.777545 -0.884682 1.882818
-0.973524 -1.081225 1.890135
-1.211965 -1.305782 1.805019
-1.495280 -1.520698 1.602904
-1.814851 -1.654285 1.291971
-2.146220 -1.628060 0.942924
-2.453297 -1.412731 0.670655
-2.701158 -1.045632 0.561221
-2.865204 -0.582024 0.623075
-2.929127 -0.044268 0.797830
-2.876699 0.587166 0.977452
-2.686104 1.337831 0.986400
-2.338485 2.124266 0.571735
-1.856941 2.599552 -0.391651
-1.343606 2.426518 -1.509861
-0.914568 1.835635 -2.236214
-0.608080 1.251837 -2.511615
-0.402603 0.831098 -2.525669
-0.265798 0.557363 -2.420491
-0.173077 0.382792 -2.263982
-0.108597 0.269958 -2.084982
-0.062590 0.194997 -1.895658
-0.029047 0.143487 -1.701328
-0.004216 0.106766 -1.504432
0.014291 0.079570 -1.306157
0.028026 0.058625 -1.107107
0.038017 0.041844 -0.907610
0.044949 0.027855 -0.707853
0.049282 0.015717 -0.507949
0.051314 0.004756 -0.307972
0.051228 -0.005549 -0.107973
0.049109 -0.015633 0.092003
0.044962 -0.025905 0.291916
0.038706 -0.036795 0.491719
0.030169 -0.048813 0.691352
0.019063 -0.062614 0.890733
0.004945 -0.079104 1.089732
-0.012845 -0.099602 1.288143
-0.035294 -0.126099 1.485612
-0.063888 -0.161701 1.681503
-0.100906 -0.211377 1.874611
-0.149907 -0.283251 2.062520
-0.216563 -0.390755 2.240114
-0.310029 -0.555972 2.395981
-0.445070 -0.813394 2.503700
-0.644538 -1.207623 2.502173
-0.938850 -1.758319 2.263986
-1.350604 -2.339205 1.610514
-1.850918 -2.567885 0.557937
-2.334606 -2.173665 -0.414593
-2.696581 -1.423173 -0.879275
-2.904383 -0.670031 -0.904675
-2.971892 -0.022556 -0.734441
-2.919286 0.536508 -0.553481
-2.761732 1.027334 -0.481619
-2.514320 1.427023 -0.590363
-2.201270 1.671846 -0.881381
-1.859448 1.711612 -1.265630
-1.528722 1.572217 -1.612861
-1.236638 1.341246 -1.840328
-0.992768 1.100592 -1.938660
-0.794165 0.892392 -1.936599
-0.632926 0.726995 -1.867043
-0.500794 0.600069 -1.754606
-0.390889 0.503318 -1.615157
-0.297983 0.428881 -1.458406
-0.218267 0.370531 -1.290235
-0.149008 0.323661 -1.114256
-0.088261 0.284944 -0.932731
-0.034648 0.251977 -0.747120
0.012795 0.222995 -0.558388
0.054726 0.196659 -0.367190
0.091563 0.171894 -0.173985
0.123526 0.147776 0.020897
0.150658 0.123424 0.217207
0.172819 0.097907 0.414741
0.189671 0.070135 0.613309
0.200630 0.038709 0.812692
0.204785 0.001713 1.012584
0.200763 -0.043619 1.212469
0.186511 -0.101430 1.411398
0.158941 -0.178105 1.607500
0.113356 -0.283650 1.796926
0.042529 -0.433752 1.971469
-0.064678 -0.652150 2.113211
-0.224990 -0.970353 2.183025
-0.461224 -1.412726 2.100722
-0.795988 -1.937595 1.735734
-1.228137 -2.335042 0.999235
-1.700210 -2.297160 0.084867
-2.115660 -1.801785 -0.582338
-2.409712 -1.133481 -0.822194
-2.571877 -0.501434 -0.760351
-2.615759 0.050369 -0.575047
-2.555735 0.541744 -0.397082
-2.402092 0.986386 -0.318412
-2.165657 1.362451 -0.400291
-1.865591 1.611292 -0.651538
-1.533473 1.677469 -1.003132
-1.206537 1.567074 -1.337779
-0.913715 1.350763 -1.567293
-0.667902 1.108145 -1.670400
-0.468926 0.887378 -1.669172
-0.310362 0.704884 -1.595439
-0.184458 0.559916 -1.475047
-0.084341 0.445754 -1.325381
-0.004598 0.355007 -1.157312
0.058802 0.281399 -0.977499
0.108777 0.220053 -0.790049
0.147393 0.167286 -0.597551
0.176075 0.120293 -0.401700
0.195747 0.076865 -0.203666
0.206935 0.035155 -0.004321
0.209812 -0.006522 0.195609
0.204215 -0.049868 0.395422
0.189627 -0.096785 0.594322
0.165110 -0.149598 0.791270
0.129195 -0.211340 0.984758
0.079708 -0.286119 1.172420
0.013505 -0.379605 1.350361
-0.073891 -0.499517 1.511932
-0.188722 -0.655759 1.645596
-0.339338 -0.859012 1.731482
-0.535877 -1.114893 1.737250
-0.787939 -1.408919 1.618124
-1.098220 -1.682564 1.335490
-1.452362 -1.827267 0.908040
-1.813767 -1.745502 0.454844
-2.135487 -1.440920 0.135752
-2.381389 -1.004536 0.030219
-2.534197 -0.519494 0.109539
-2.587952 -0.014575 0.290846
-2.538008 0.520765 0.473603
-2.376676 1.098912 0.537881
-2.098167 1.676845 0.344426
-1.716341 2.096151 -0.187535
-1.284089 2.157784 -0.921853
-0.877403 1.865209 -1.550304
-0.547252 1.431505 -1.898481
-0.302100 1.033730 -2.001626
-0.127468 0.728340 -1.955662
-0.005064 0.508079 -1.831382
0.079948 0.350707 -1.667929
0.138081 0.236465 -1.485043
0.176452 0.151145 -1.292525
0.199822 0.085173 -1.095328
0.211382 0.032189 -0.896042
0.213276 -0.012079 -0.696092
0.206934 -0.050575 -0.496318
0.193288 -0.085416 -0.297269
0.172903 -0.118212 -0.099364
0.146051 -0.150292 0.097014
0.112754 -0.182859 0.291453
0.072794 -0.217130 0.483450
0.025699 -0.254450 0.672338
-0.029297 -0.296440 0.857186
-0.093324 -0.345147 1.036650
-0.167980 -0.403246 1.208726
-0.255481 -0.474254 1.370361
-0.358842 -0.562701 1.516813
-0.482088 -0.674063 1.640660
-0.630374 -0.813945 1.730391
-0.809793 -0.985456 1.768945
-1.026347 -1.183204 1.733813
-1.283302 -1.383389 1.603012
-1.576567 -1.535844 1.372596
-1.889996 -1.574342 1.081377
-2.195562 -1.453670 0.814275
-2.461207 -1.180409 0.660182
-2.660333 -0.795818 0.659451
-2.774302 -0.331424 0.790913
-2.787393 0.216752 0.985057
-2.679782 0.881757 1.119790
-2.426144 1.669062 0.987728
-2.015109 2.399984 0.333852
-1.499567 2.639175 -0.796180
-1.004417 2.229411 -1.825036
-0.623191 1.582465 -2.358804
-0.363518 1.043551 -2.500813
-0.194094 0.676892 -2.446573
-0.084034 0.441253 -2.308061
-0.012015 0.289817 -2.134374
0.035323 0.190235 -1.945743
0.066190 0.122580 -1.750583
0.085676 0.074893 -1.552518
0.096991 0.039954 -1.353179
0.102207 0.013319 -1.153326
0.102684 -0.007812 -0.953334
0.099327 -0.025265 -0.753395
0.092741 -0.040267 -0.553615
0.083325 -0.053690 -0.354061
0.071326 -0.066186 -0.154783
0.056876 -0.078288 0.044171
0.040005 -0.090478 0.242745
0.020647 -0.103245 0.440869
-0.001368 -0.117147 0.638443
-0.026334 -0.132879 0.835323
-0.054704 -0.151377 1.031294
-0.087156 -0.173972 1.226020
-0.124694 -0.202624 1.418961
-0.168805 -0.240319 1.609209
-0.221729 -0.291705 1.795161
-0.286881 -0.364130 1.973850
-0.369547 -0.469264 2.139498
-0.477960 -0.625286 2.280327
-0.624796 -0.858518 2.371619
-0.828551 -1.198889 2.362108
-1.112052 -1.651453 2.156806
-1.490507 -2.117811 1.636967
-1.942465 -2.333733 0.814783
-2.391596 -2.078434 0.005019
-2.750316 -1.474908 -0.444565
-2.976366 -0.787095 -0.507986
-3.068024 -0.138276 -0.357006
-3.034594 0.467253 -0.168697
-2.882901 1.044358 -0.089312
-2.620860 1.558325 -0.237078
-2.271151 1.898050 -0.650525
-1.881106 1.951198 -1.211269
-1.508433 1.742638 -1.706451
-1.191634 1.419071 -2.010026
-0.939818 1.107384 -2.128708
-0.744410 0.858170 -2.120666
-0.592196 0.673814 -2.037077
-0.471459 0.540838 -1.910258
-0.373409 0.444749 -1.758480
-0.291865 0.374171 -1.591808
-0.222582 0.321050 -1.415856
-0.162652 0.279889 -1.233842
-0.110079 0.246963 -1.047679
-0.063489 0.219727 -0.858544
-0.021929 0.196406 -0.667189
0.015249 0.175718 -0.474106
0.048470 0.156698 -0.279630
0.077987 0.138564 -0.083992
0.103908 0.120625 0.112644
0.126205 0.102204 0.310153
0.144708 0.082554 0.508435
0.159085 0.060769 0.707394
0.168795 0.035651 0.906913
0.173012 0.005516 1.106809
0.170504 -0.032113 1.306754
0.159420 -0.081021 1.506101
0.136955 -0.147152 1.703505
0.098787 -0.240050 1.896078
0.038141 -0.375171 2.077385
-0.055711 -0.577158 2.232667
-0.199578 -0.882222 2.327631
-0.418158 -1.329369 2.285408
-0.740410 -1.906522 1.960566
-1.176947 -2.416943 1.203253
-1.676173 -2.472732 0.156961
-2.127240 -1.965850 -0.664799
-2.447749 -1.232398 -0.987509
-2.624024 -0.548090 -0.950696
-2.674296 0.028901 -0.768872
-2.617945 0.523275 -0.588817
-2.469119 0.954416 -0.502666
-2.241284 1.307788 -0.564302
-1.954224 1.537905 -0.777212
-1.637202 1.603673 -1.079806
-1.323283 1.513427 -1.372675
-1.038295 1.326415 -1.579356
-0.794587 1.110375 -1.677105
-0.593113 0.908859 -1.680741
-0.428907 0.738870 -1.616041
-0.295362 0.601744 -1.505526
-0.186342 0.492599 -1.365150
-0.096868 0.405286 -1.205304
-0.023142 0.334287 -1.032565
0.037638 0.275182 -0.851094
0.087495 0.224563 -0.663565
0.127853 0.179814 -0.471742
0.159674 0.138875 -0.276832
0.183543 0.100038 -0.079705
0.199727 0.061772 0.118961
0.208190 0.022571 0.318578
0.208583 -0.019220 0.518548
0.200198 -0.065593 0.718161
0.181870 -0.119137 0.916435
0.151831 -0.183404 1.111855
0.107463 -0.263426 1.301906
0.044935 -0.366426 1.482181
-0.041313 -0.502622 1.644679
-0.159228 -0.685590 1.774604
-0.319675 -0.930223 1.844891
-0.535938 -1.243116 1.809405
-0.819812 -1.596831 1.604381
-1.170994 -1.892803 1.186242
-1.562493 -1.974587 0.619751
-1.940438 -1.757159 0.104716
-2.250585 -1.320044 -0.179467
-2.463231 -0.801853 -0.210054
-2.571186 -0.279169 -0.072880
-2.575266 0.238805 0.122571
-2.474915 0.767342 0.267565
-2.267861 1.300487 0.248450
-1.959193 1.763431 -0.031548
-1.577131 2.008206 -0.562443
-1.177414 1.937702 -1.161421
-0.817820 1.633680 -1.609539
-0.528086 1.264713 -1.831556
-0.308876 0.938823 -1.873597
-0.147630 0.685687 -1.804666
-0.030235 0.497809 -1.674160
0.054760 0.359004 -1.510601
0.115662 0.254758 -1.329326
0.158241 0.174281 -1.138499
0.186451 0.110027 -0.942546
0.202983 0.056787 -0.743959
0.209655 0.010920 -0.544216
0.207666 -0.030202 -0.344264
0.197756 -0.068577 -0.144779
0.180309 -0.105838 0.053676
0.155397 -0.143451 0.250550
0.122808 -0.182875 0.445214
0.082020 -0.225717 0.636866
0.032166 -0.273891 0.824401
-0.028051 -0.329810 1.006219
-0.100481 -0.396601 1.179915
-0.187685 -0.478332 1.341781
-0.293150 -0.580136 1.485995
-0.421473 -0.707920 1.603389
-0.578410 -0.866947 1.679822
-0.770407 -1.057894 1.694899
-1.002952 -1.268790 1.623769
-1.276954 -1.464132 1.447743
-1.583467 -1.582188 1.177751
-1.900300 -1.558785 0.875822
-2.195842 -1.370317 0.638493
-2.439372 -1.046565 0.540202
-2.608614 -0.634034 0.594144
-2.688639 -0.154996 0.758303
-2.665328 0.404037 0.950387
-2.519604 1.072925 1.036747
-2.230123 1.825193 0.808226
-1.798699 2.431270 0.071282
-1.293958 2.507567 -1.002751
-0.832656 2.046168 -1.870456
-0.484310 1.444249 -2.283303
-0.246654 0.958922 -2.369640
-0.090476 0.625604 -2.293446
0.011176 0.406254 -2.145910
0.076945 0.261144 -1.967888
0.118721 0.162690 -1.776774
0.143964 0.093591 -1.580039
0.157398 0.043230 -1.380983
0.162063 0.005053 -1.181116
0.159953 -0.025068 -0.981153
0.152393 -0.049805 -0.781449
0.140269 -0.070946 -0.582191
0.124170 -0.089742 -0.383492
0.104467 -0.107117 -0.185438
0.081368 -0.123808 0.011890
0.054946 -0.140462 0.208395
0.025144 -0.157712 0.403950
-0.008225 -0.176252 0.598378
-0.045499 -0.196921 0.791424
-0.087207 -0.220812 0.982717
-0.134137 -0.249426 1.171692
-0.187434 -0.284912 1.357468
-0.248767 -0.330422 1.538626
-0.320580 -0.390660 1.712780
-0.406475 -0.472671 1.875779
-0.511783 -0.586844 2.020114
-0.644316 -0.747677 2.131859
-0.815127 -0.972471 2.185136
-1.038391 -1.272567 2.134399
-1.327940 -1.626762 1.913096
-1.686376 -1.936898 1.469073
-2.088065 -2.029557 0.862131
-2.475930 -1.795789 0.308987
-2.789593 -1.312575 0.013121
-2.994503 -0.729349 -0.002513
-3.080042 -0.124040 0.154797
-3.042794 0.501687 0.341342
-2.876999 1.160710 0.396647
-2.579711 1.796234 0.147941
-2.173038 2.212105 -0.481948
-1.723935 2.203571 -1.290471
